#size_tree	tree_index	tree	growth factor
5	0	(0,(1,(2,(3,4)5)6)7)8	30.527541446606055
5	1	((0,1)2,(3,(4,5)6)7)8	26.934363924594344
5	2	(0,(1,(2,(3,4)5)6)7)8	30.527541446606055
5	3	(((0,(1,2)3)4,5)6,7)8	30.52754144660607
5	4	(0,(((1,2)3,4)5,6)7)8	30.52754144660607
5	5	(0,((1,2)3,(4,5)6)7)8	29.0383300773124
5	6	((0,1)2,(3,(4,5)6)7)8	26.934363924594344
5	7	(((0,1)2,3)4,(5,6)7)8	26.934363924594344
5	8	(0,((1,2)3,(4,5)6)7)8	29.0383300773124
5	9	((0,1)2,((3,4)5,6)7)8	26.93436392459434
5	10	((((0,1)2,3)4,5)6,7)8	30.527541446606055
5	11	(0,((1,2)3,(4,5)6)7)8	29.0383300773124
5	12	(((0,1)2,(3,4)5)6,7)8	29.038330077312406
5	13	((0,(1,2)3)4,(5,6)7)8	26.934363924594333
5	14	(((0,1)2,(3,4)5)6,7)8	29.038330077312406
5	15	(0,(1,((2,3)4,5)6)7)8	30.52754144660607
5	16	(0,(1,((2,3)4,5)6)7)8	30.52754144660607
5	17	(0,(1,((2,3)4,5)6)7)8	30.52754144660607
5	18	(((0,1)2,3)4,(5,6)7)8	26.934363924594344
5	19	((0,(1,(2,3)4)5)6,7)8	30.527541446606072
5	20	((0,1)2,((3,4)5,6)7)8	26.93436392459434
5	21	((0,(1,2)3)4,(5,6)7)8	26.934363924594333
5	22	(((0,(1,2)3)4,5)6,7)8	30.52754144660607
5	23	(0,(1,(2,(3,4)5)6)7)8	30.527541446606055
5	24	(((0,1)2,(3,4)5)6,7)8	29.038330077312406
5	25	(0,(1,(2,(3,4)5)6)7)8	30.527541446606055
5	26	(((0,1)2,3)4,(5,6)7)8	26.934363924594344
5	27	(((0,1)2,3)4,(5,6)7)8	26.934363924594344
5	28	(((0,1)2,3)4,(5,6)7)8	26.934363924594344
5	29	((0,(1,2)3)4,(5,6)7)8	26.934363924594333
5	30	((0,(1,(2,3)4)5)6,7)8	30.527541446606072
5	31	((0,1)2,(3,(4,5)6)7)8	26.934363924594344
5	32	((0,(1,(2,3)4)5)6,7)8	30.527541446606072
5	33	(0,((1,(2,3)4)5,6)7)8	30.52754144660606
5	34	(((0,1)2,(3,4)5)6,7)8	29.038330077312406
5	35	((0,1)2,((3,4)5,6)7)8	26.93436392459434
5	36	((0,(1,(2,3)4)5)6,7)8	30.527541446606072
5	37	(0,(1,((2,3)4,5)6)7)8	30.52754144660607
5	38	((0,1)2,(3,(4,5)6)7)8	26.934363924594344
5	39	((0,1)2,(3,(4,5)6)7)8	26.934363924594344
5	40	(((0,1)2,3)4,(5,6)7)8	26.934363924594344
5	41	(0,((1,2)3,(4,5)6)7)8	29.0383300773124
5	42	(0,((1,(2,3)4)5,6)7)8	30.52754144660606
5	43	(((0,1)2,(3,4)5)6,7)8	29.038330077312406
5	44	(((0,1)2,(3,4)5)6,7)8	29.038330077312406
5	45	(0,((1,(2,3)4)5,6)7)8	30.52754144660606
5	46	((0,1)2,(3,(4,5)6)7)8	26.934363924594344
5	47	(0,(((1,2)3,4)5,6)7)8	30.52754144660607
5	48	(0,((1,2)3,(4,5)6)7)8	29.0383300773124
5	49	((0,(1,2)3)4,(5,6)7)8	26.934363924594333
5	50	(((0,1)2,3)4,(5,6)7)8	26.934363924594344
5	51	((0,1)2,(3,(4,5)6)7)8	26.934363924594344
5	52	(((0,(1,2)3)4,5)6,7)8	30.52754144660607
5	53	(0,(1,((2,3)4,5)6)7)8	30.52754144660607
5	54	((0,1)2,((3,4)5,6)7)8	26.93436392459434
5	55	(0,((1,(2,3)4)5,6)7)8	30.52754144660606
5	56	((0,1)2,((3,4)5,6)7)8	26.93436392459434
5	57	(((0,(1,2)3)4,5)6,7)8	30.52754144660607
5	58	((0,(1,(2,3)4)5)6,7)8	30.527541446606072
5	59	(0,(1,(2,(3,4)5)6)7)8	30.527541446606055
5	60	(((0,(1,2)3)4,5)6,7)8	30.52754144660607
5	61	(((0,1)2,3)4,(5,6)7)8	26.934363924594344
5	62	(0,((1,2)3,(4,5)6)7)8	29.0383300773124
5	63	(0,(((1,2)3,4)5,6)7)8	30.52754144660607
5	64	(0,((1,(2,3)4)5,6)7)8	30.52754144660606
5	65	((((0,1)2,3)4,5)6,7)8	30.527541446606055
5	66	((((0,1)2,3)4,5)6,7)8	30.527541446606055
5	67	(((0,1)2,3)4,(5,6)7)8	26.934363924594344
5	68	((0,(1,(2,3)4)5)6,7)8	30.527541446606072
5	69	(0,((1,(2,3)4)5,6)7)8	30.52754144660606
5	70	((0,1)2,((3,4)5,6)7)8	26.93436392459434
5	71	(((0,1)2,(3,4)5)6,7)8	29.038330077312406
5	72	((0,1)2,((3,4)5,6)7)8	26.93436392459434
5	73	((0,(1,2)3)4,(5,6)7)8	26.934363924594333
5	74	(0,(1,(2,(3,4)5)6)7)8	30.527541446606055
5	75	(0,(1,(2,(3,4)5)6)7)8	30.527541446606055
5	76	(((0,1)2,3)4,(5,6)7)8	26.934363924594344
5	77	((0,((1,2)3,4)5)6,7)8	30.52754144660607
5	78	(0,(1,(2,(3,4)5)6)7)8	30.527541446606055
5	79	(((0,1)2,(3,4)5)6,7)8	29.038330077312406
5	80	(((0,1)2,(3,4)5)6,7)8	29.038330077312406
5	81	(((0,1)2,3)4,(5,6)7)8	26.934363924594344
5	82	((0,(1,2)3)4,(5,6)7)8	26.934363924594333
5	83	(((0,1)2,(3,4)5)6,7)8	29.038330077312406
5	84	(0,(1,(2,(3,4)5)6)7)8	30.527541446606055
5	85	(((0,1)2,(3,4)5)6,7)8	29.038330077312406
5	86	(0,((1,2)3,(4,5)6)7)8	29.0383300773124
5	87	(0,((1,(2,3)4)5,6)7)8	30.52754144660606
5	88	((((0,1)2,3)4,5)6,7)8	30.527541446606055
5	89	(0,(1,(2,(3,4)5)6)7)8	30.527541446606055
5	90	((0,1)2,(3,(4,5)6)7)8	26.934363924594344
5	91	(((0,1)2,(3,4)5)6,7)8	29.038330077312406
5	92	((0,(1,(2,3)4)5)6,7)8	30.527541446606072
5	93	((0,(1,(2,3)4)5)6,7)8	30.527541446606072
5	94	(0,(((1,2)3,4)5,6)7)8	30.52754144660607
5	95	((((0,1)2,3)4,5)6,7)8	30.527541446606055
5	96	(0,(1,((2,3)4,5)6)7)8	30.52754144660607
5	97	(((0,(1,2)3)4,5)6,7)8	30.52754144660607
5	98	(0,(1,((2,3)4,5)6)7)8	30.52754144660607
5	99	((((0,1)2,3)4,5)6,7)8	30.527541446606055
