#size_tree	tree_index	tree	growth factor
12	0	(0,(1,(2,(3,(4,(5,(6,(7,(8,(9,(10,11)12)13)14)15)16)17)18)19)20)21)22	109.85358995843916
12	1	(((0,(1,2)3)4,(5,(6,7)8)9)10,((11,(12,13)14)15,(16,(17,18)19)20)21)22	65.65688784982933
12	2	(((0,((1,(2,(3,(4,(5,6)7)8)9)10)11,12)13)14,15)16,((17,18)19,20)21)22	87.48350809079295
12	3	(0,((1,2)3,(4,((5,6)7,(8,((((9,10)11,12)13,14)15,16)17)18)19)20)21)22	93.94363658048192
12	4	((((0,(1,2)3)4,(5,6)7)8,(((9,10)11,(12,(13,14)15)16)17,18)19)20,21)22	79.14460186645745
12	5	((0,1)2,((3,4)5,(6,(7,((((8,9)10,11)12,(13,14)15)16,17)18)19)20)21)22	87.31712059016242
12	6	(((0,(((1,2)3,4)5,(6,7)8)9)10,(11,12)13)14,(15,(16,(17,18)19)20)21)22	71.8987352599282
12	7	((((0,1)2,((((3,4)5,6)7,8)9,10)11)12,((13,(14,15)16)17,18)19)20,21)22	81.08943922822472
12	8	((0,1)2,((((3,4)5,6)7,((8,((9,10)11,(12,13)14)15)16,17)18)19,20)21)22	84.84544868120435
12	9	(0,(1,(2,((3,4)5,((6,(7,(8,(9,(10,11)12)13)14)15)16,17)18)19)20)21)22	102.78429810651771
12	10	((0,1)2,(3,((4,5)6,((7,8)9,(((10,11)12,(13,14)15)16,17)18)19)20)21)22	85.89851565789182
12	11	(0,((((1,2)3,4)5,6)7,(8,((9,10)11,(((12,13)14,15)16,17)18)19)20)21)22	82.29866144384985
12	12	(((0,((1,((2,3)4,5)6)7,(8,9)10)11)12,(13,(14,(15,16)17)18)19)20,21)22	82.29866144384987
12	13	(0,((1,((2,((3,4)5,((6,(7,(8,9)10)11)12,13)14)15)16,17)18)19,20)21)22	105.8453524287333
12	14	(((((0,(((1,2)3,(4,5)6)7,8)9)10,11)12,13)14,15)16,(17,(18,19)20)21)22	86.77335002352413
12	15	(0,(1,(2,(((3,4)5,(((6,7)8,9)10,(11,12)13)14)15,(16,17)18)19)20)21)22	97.41642058803745
12	16	((0,((1,((2,3)4,((((5,6)7,8)9,10)11,12)13)14)15,(16,17)18)19)20,21)22	97.15442557348678
12	17	(0,(1,(((2,((3,(4,(5,6)7)8)9,10)11)12,(13,14)15)16,(17,18)19)20)21)22	95.70469188658355
12	18	((0,1)2,((((3,4)5,((((6,(7,8)9)10,11)12,13)14,15)16)17,18)19,20)21)22	92.22645534786972
12	19	(0,((1,(2,3)4)5,((6,(7,((8,9)10,((11,12)13,14)15)16)17)18,19)20)21)22	89.41917799672328
12	20	((((0,1)2,((3,4)5,6)7)8,((9,((10,11)12,13)14)15,(16,17)18)19)20,21)22	78.19564969291862
12	21	((0,((1,2)3,((4,5)6,(7,8)9)10)11)12,(((13,14)15,16)17,(18,19)20)21)22	69.28191494427205
12	22	((0,1)2,(((3,(4,5)6)7,8)9,(10,(((11,12)13,(14,15)16)17,18)19)20)21)22	77.00223721578699
12	23	((0,(1,(((2,3)4,5)6,((7,(8,((9,10)11,12)13)14)15,16)17)18)19)20,21)22	97.86878238372825
12	24	((0,1)2,(((3,4)5,6)7,((8,(9,(10,11)12)13)14,(15,(16,17)18)19)20)21)22	76.04603639624683
12	25	((((((0,(1,(2,3)4)5)6,(7,8)9)10,11)12,(13,14)15)16,(17,18)19)20,21)22	89.6931526909826
12	26	(((0,1)2,((3,(4,(((5,6)7,8)9,(10,11)12)13)14)15,(16,17)18)19)20,21)22	90.80348793155723
12	27	((0,(1,2)3)4,((5,6)7,((8,(9,(10,(11,12)13)14)15)16,(17,18)19)20)21)22	75.99134575977632
12	28	(0,((((1,(2,3)4)5,6)7,((8,9)10,11)12)13,((14,15)16,(17,18)19)20)21)22	78.7979697310103
12	29	(((0,(1,(2,3)4)5)6,(7,((((8,9)10,11)12,13)14,15)16)17)18,(19,20)21)22	77.61692190540687
12	30	(((0,1)2,(3,((((4,5)6,((7,8)9,(10,11)12)13)14,15)16,17)18)19)20,21)22	96.11519220989896
12	31	((((0,1)2,3)4,((((5,6)7,8)9,(10,(11,(12,13)14)15)16)17,18)19)20,21)22	84.96894795951354
12	32	(0,(1,(2,((3,4)5,(((6,7)8,9)10,(11,(12,(13,14)15)16)17)18)19)20)21)22	96.8995183722655
12	33	(((((((0,1)2,3)4,5)6,((7,(8,9)10)11,12)13)14,15)16,(17,18)19)20,21)22	89.3671596147257
12	34	((0,((1,((2,(3,4)5)6,((7,((8,9)10,11)12)13,14)15)16)17,18)19)20,21)22	101.00154535131206
12	35	(((((0,((1,(2,3)4)5,6)7)8,9)10,11)12,(13,(14,(15,16)17)18)19)20,21)22	84.83960822120207
12	36	(((0,(1,(2,(3,4)5)6)7)8,(((9,(10,11)12)13,14)15,16)17)18,(19,20)21)22	76.08154187506176
12	37	((0,((((1,2)3,((4,5)6,(7,8)9)10)11,12)13,((14,15)16,17)18)19)20,21)22	91.31918644409824
12	38	((0,((((((((1,(2,3)4)5,6)7,8)9,10)11,12)13,14)15,16)17,18)19)20,21)22	109.8535899584392
12	39	(0,(1,(2,((((3,4)5,6)7,(8,((9,(10,11)12)13,14)15)16)17,18)19)20)21)22	101.00154535131207
12	40	(0,(((1,2)3,(4,((5,(6,(7,8)9)10)11,12)13)14)15,((16,17)18,19)20)21)22	85.5549291323473
12	41	(0,(((1,((2,((3,4)5,6)7)8,9)10)11,(12,((13,14)15,16)17)18)19,20)21)22	90.30512964881613
12	42	(((((0,((1,((2,(3,4)5)6,7)8)9,10)11)12,13)14,15)16,(17,18)19)20,21)22	99.4933100965109
12	43	(((((0,(1,((2,3)4,((5,6)7,8)9)10)11)12,13)14,15)16,17)18,(19,20)21)22	96.27209311463565
12	44	(((0,1)2,(3,(4,(5,6)7)8)9)10,((11,(12,((13,14)15,16)17)18)19,20)21)22	69.25835959216994
12	45	(((((0,((1,2)3,(4,5)6)7)8,9)10,11)12,13)14,((15,16)17,(18,19)20)21)22	78.09762049993753
12	46	((0,1)2,(3,(((4,((5,6)7,(8,9)10)11)12,((13,14)15,16)17)18,19)20)21)22	88.09003469003737
12	47	((0,(((1,((2,3)4,5)6)7,8)9,10)11)12,((((13,14)15,16)17,18)19,20)21)22	73.3046328460289
12	48	(0,((((1,2)3,(4,(5,6)7)8)9,(10,(11,(12,13)14)15)16)17,(18,19)20)21)22	83.49097042835396
12	49	(0,(1,((2,3)4,(((((5,6)7,8)9,((10,11)12,13)14)15,16)17,18)19)20)21)22	97.56283582620988
12	50	(0,((1,2)3,(((4,5)6,(7,(8,(9,(10,(11,12)13)14)15)16)17)18,19)20)21)22	93.94363658048195
12	51	((0,1)2,(3,((((4,(5,6)7)8,9)10,11)12,((13,14)15,(16,17)18)19)20)21)22	82.33674795080633
12	52	((((((((0,1)2,3)4,5)6,7)8,(9,10)11)12,((13,14)15,16)17)18,19)20,21)22	90.67446864050224
12	53	(((0,1)2,3)4,(((5,(6,((7,(8,(9,10)11)12)13,14)15)16)17,18)19,20)21)22	87.48350809079298
12	54	((((0,(1,(((2,3)4,(5,6)7)8,9)10)11)12,13)14,(15,16)17)18,(19,20)21)22	88.2620936855941
12	55	(0,(((1,(((2,3)4,(5,6)7)8,(9,10)11)12)13,(14,(15,16)17)18)19,20)21)22	91.31918644409822
12	56	((((0,(1,(2,3)4)5)6,(((7,8)9,(10,11)12)13,14)15)16,17)18,(19,20)21)22	82.25363415284052
12	57	(0,(((1,(2,3)4)5,6)7,((8,(9,10)11)12,(13,(14,(15,16)17)18)19)20)21)22	79.21218062610612
12	58	((((((0,(1,(2,(3,4)5)6)7)8,9)10,11)12,13)14,15)16,(17,(18,19)20)21)22	87.48350809079295
12	59	((0,1)2,((3,4)5,((6,(7,(8,((9,10)11,12)13)14)15)16,(17,18)19)20)21)22	83.30624606644349
12	60	((0,(1,(2,(3,(4,((5,(6,7)8)9,10)11)12)13)14)15)16,((17,18)19,20)21)22	87.48350809079298
12	61	(((0,(1,2)3)4,5)6,(((7,8)9,10)11,(12,((13,14)15,(16,17)18)19)20)21)22	69.41444180390991
12	62	((0,1)2,((3,(4,((5,((6,7)8,(9,10)11)12)13,14)15)16)17,(18,19)20)21)22	88.26209368559411
12	63	(((((((0,(1,(2,3)4)5)6,7)8,(9,10)11)12,13)14,15)16,(17,18)19)20,21)22	95.42364144326942
12	64	((((0,1)2,3)4,(5,6)7)8,(9,(10,(11,(12,((13,14)15,16)17)18)19)20)21)22	72.49115017856096
12	65	((((0,(1,(2,(3,(4,5)6)7)8)9)10,11)12,(13,14)15)16,((17,18)19,20)21)22	80.11671660291701
12	66	((0,1)2,((3,(4,5)6)7,((8,(9,((10,11)12,(13,14)15)16)17)18,19)20)21)22	81.37346809195779
12	67	(0,(((((1,((2,3)4,5)6)7,8)9,((10,11)12,(13,14)15)16)17,18)19,20)21)22	94.84454661340224
12	68	(0,((((((1,(2,3)4)5,(6,(7,8)9)10)11,12)13,14)15,(16,17)18)19,20)21)22	97.56283582620989
12	69	(((((((0,1)2,(3,4)5)6,7)8,9)10,11)12,13)14,((15,16)17,(18,19)20)21)22	78.0976204999387
12	70	(0,(((((1,2)3,(4,(5,6)7)8)9,10)11,((12,13)14,(15,16)17)18)19,20)21)22	88.46884360112976
12	71	(((0,1)2,3)4,((5,6)7,(((8,9)10,(11,(12,13)14)15)16,(17,18)19)20)21)22	74.46118537222932
12	72	(((0,((1,(((2,(3,4)5)6,7)8,9)10)11,12)13)14,((15,16)17,18)19)20,21)22	91.00050045715948
12	73	((0,((1,(2,3)4)5,(6,((7,8)9,((10,11)12,13)14)15)16)17)18,(19,20)21)22	83.97432659628316
12	74	(0,((1,(((2,3)4,5)6,(7,8)9)10)11,(((12,13)14,(15,16)17)18,19)20)21)22	79.77748717619765
12	75	((0,1)2,((((3,4)5,6)7,(8,((9,10)11,12)13)14)15,(16,(17,18)19)20)21)22	76.04603639624683
12	76	((0,((1,(2,(3,(((4,(5,6)7)8,9)10,11)12)13)14)15,16)17)18,(19,20)21)22	97.90674624292475
12	77	(0,((1,(2,(((3,((4,5)6,7)8)9,10)11,12)13)14)15,(16,(17,18)19)20)21)22	91.00050045715948
12	78	(0,((((1,2)3,(4,((5,6)7,8)9)10)11,((12,13)14,(15,16)17)18)19,20)21)22	87.47325135829324
12	79	((0,(1,(((2,(3,(4,5)6)7)8,(9,10)11)12,13)14)15)16,(17,(18,19)20)21)22	84.61865095795473
12	80	((((0,1)2,((3,(((4,5)6,(7,(8,9)10)11)12,13)14)15,16)17)18,19)20,21)22	99.5751216945961
12	81	(0,(((1,2)3,((((((4,5)6,7)8,9)10,11)12,(13,14)15)16,17)18)19,20)21)22	97.15442557348678
12	82	(((0,(1,((2,3)4,5)6)7)8,((((9,10)11,(12,13)14)15,16)17,18)19)20,21)22	80.99877480856452
12	83	((((0,(1,2)3)4,5)6,7)8,(((9,10)11,12)13,(((14,15)16,17)18,19)20)21)22	67.79490138646587
12	84	(0,(((1,2)3,4)5,((((6,7)8,9)10,11)12,((13,(14,15)16)17,18)19)20)21)22	81.07757031051224
12	85	(((((0,1)2,(3,4)5)6,(7,(8,9)10)11)12,((13,14)15,(16,17)18)19)20,21)22	78.25812084154836
12	86	((((0,(1,((2,3)4,(5,(6,7)8)9)10)11)12,(13,14)15)16,17)18,(19,20)21)22	89.00689955503049
12	87	(0,(1,(((2,3)4,5)6,(((7,8)9,10)11,(12,(13,(14,15)16)17)18)19)20)21)22	88.74957007774641
12	88	((0,(1,2)3)4,((5,((6,7)8,(9,10)11)12)13,(14,((15,16)17,18)19)20)21)22	71.63398361063135
12	89	(((0,((1,2)3,(4,(5,(6,(((7,8)9,10)11,12)13)14)15)16)17)18,19)20,21)22	102.78429810651775
12	90	(0,(1,(((2,3)4,((((5,6)7,(8,9)10)11,12)13,(14,15)16)17)18,19)20)21)22	98.25562263897534
12	91	(0,(((((((1,2)3,((4,5)6,7)8)9,10)11,(12,13)14)15,16)17,18)19,20)21)22	102.85937125607433
12	92	((0,1)2,((3,(((((4,((5,6)7,8)9)10,11)12,13)14,15)16,17)18)19,20)21)22	97.90674624292477
12	93	((0,(1,(2,3)4)5)6,(7,((8,9)10,(11,((12,13)14,(15,16)17)18)19)20)21)22	74.24627193119078
12	94	(((0,(1,2)3)4,(5,(6,(((7,8)9,(10,11)12)13,14)15)16)17)18,(19,20)21)22	81.37346809195667
12	95	(0,(1,((2,(3,4)5)6,(((7,8)9,10)11,((12,13)14,(15,16)17)18)19)20)21)22	88.19558401299123
12	96	(0,((((1,(2,3)4)5,((6,((7,8)9,(10,11)12)13)14,15)16)17,18)19,20)21)22	97.25210845623263
12	97	((((0,(1,((2,3)4,(5,(6,7)8)9)10)11)12,((13,14)15,16)17)18,19)20,21)22	92.99212544079192
12	98	((0,((((1,(2,(3,4)5)6)7,8)9,(((10,11)12,13)14,15)16)17,18)19)20,21)22	95.339764963849
12	99	((((0,(1,2)3)4,5)6,(7,(8,(9,10)11)12)13)14,(15,((16,17)18,19)20)21)22	68.85077952137786
