#size_tree	tree_index	tree	growth factor
20	0	(0,(1,(2,(3,(4,(5,(6,(7,(8,(9,(10,(11,(12,(13,(14,(15,(16,(17,(18,19)20)21)22)23)24)25)26)27)28)29)30)31)32)33)34)35)36)37)38	251.9379631831643
20	1	((((0,1)2,(3,(4,5)6)7)8,((9,10)11,(12,(13,14)15)16)17)18,(((19,20)21,(22,(23,24)25)26)27,((28,29)30,(31,(32,33)34)35)36)37)38	110.25808796672945
20	2	(0,((((((((1,((2,3)4,((5,6)7,8)9)10)11,12)13,14)15,(16,17)18)19,(20,21)22)23,24)25,26)27,(28,(29,(30,(31,32)33)34)35)36)37)38	169.8673974978197
20	3	((0,(((1,(2,(((3,4)5,6)7,((((8,9)10,11)12,(13,14)15)16,17)18)19)20)21,((22,23)24,(((25,26)27,28)29,30)31)32)33,34)35)36,37)38	180.6852387152431
20	4	((0,(1,(2,(3,((4,((5,((((6,((7,8)9,(10,(11,12)13)14)15)16,17)18,19)20,21)22)23,(24,25)26)27)28,29)30)31)32)33)34,(35,36)37)38	222.44756289616157
20	5	((0,(1,(((((2,3)4,(5,((6,(7,(8,9)10)11)12,13)14)15)16,17)18,((19,20)21,22)23)24,25)26)27)28,(29,(30,((31,32)33,34)35)36)37)38	159.66494770336448
20	6	(((((0,1)2,3)4,((5,(6,7)8)9,(10,(11,12)13)14)15)16,((((17,18)19,(((20,21)22,23)24,(25,26)27)28)29,30)31,32)33)34,(35,36)37)38	134.634858361356
20	7	(((0,((((1,(2,3)4)5,(6,(7,(8,9)10)11)12)13,((14,15)16,17)18)19,20)21)22,(((23,24)25,(((26,27)28,29)30,31)32)33,34)35)36,37)38	149.0106734416659
20	8	(((0,(((1,2)3,4)5,6)7)8,((9,(10,(11,12)13)14)15,16)17)18,((((19,(20,21)22)23,(24,25)26)27,(28,(29,(30,31)32)33)34)35,36)37)38	115.56538649839558
20	9	((0,1)2,(3,(((4,5)6,(7,(8,((((9,10)11,(((((12,13)14,15)16,17)18,(19,20)21)22,23)24)25,26)27,28)29)30)31)32,(33,34)35)36)37)38	196.131390510749
20	10	((((((((0,1)2,3)4,((5,((6,(7,8)9)10,(11,(12,13)14)15)16)17,(18,19)20)21)22,23)24,25)26,(27,28)29)30,(31,32)33)34,(35,36)37)38	176.63459647307664
20	11	(((0,1)2,(3,4)5)6,(7,(8,((9,((10,(11,((12,13)14,15)16)17)18,(((19,20)21,22)23,(24,(25,26)27)28)29)30)31,(32,33)34)35)36)37)38	162.1711373957971
20	12	((((0,(1,(2,((3,(4,(5,6)7)8)9,10)11)12)13)14,((15,16)17,(18,(19,20)21)22)23)24,25)26,((((27,28)29,30)31,(32,33)34)35,36)37)38	133.2686773721326
20	13	(0,(1,(((2,(3,4)5)6,7)8,(9,(((10,(11,12)13)14,((((15,16)17,(18,19)20)21,22)23,(24,((25,26)27,28)29)30)31)32,33)34)35)36)37)38	179.07679579128168
20	14	(((0,1)2,((((3,4)5,(6,7)8)9,((10,(11,12)13)14,(15,(16,((17,(18,(19,(20,21)22)23)24)25,26)27)28)29)30)31,(32,33)34)35)36,37)38	170.03596919555702
20	15	(((0,1)2,(((((3,((((((4,5)6,7)8,9)10,11)12,13)14,(15,(16,17)18)19)20)21,(22,(23,24)25)26)27,28)29,30)31,32)33)34,(35,36)37)38	187.67232482254778
20	16	(0,((((((((1,2)3,4)5,((6,(7,((8,(9,10)11)12,13)14)15)16,17)18)19,20)21,(22,(23,24)25)26)27,28)29,(30,31)32)33,(34,35)36)37)38	185.14632773165707
20	17	(((0,1)2,((3,(4,(5,(6,7)8)9)10)11,(12,((13,(14,15)16)17,(18,(((19,20)21,22)23,(24,25)26)27)28)29)30)31)32,((33,34)35,36)37)38	145.14873761009662
20	18	(((0,1)2,((((3,(4,5)6)7,(((8,9)10,11)12,13)14)15,16)17,(((18,19)20,21)22,(23,(((24,25)26,27)28,(29,30)31)32)33)34)35)36,37)38	151.18411326381633
20	19	((((0,((1,2)3,4)5)6,((7,(8,((9,10)11,12)13)14)15,16)17)18,((((19,(20,21)22)23,24)25,(26,27)28)29,((30,31)32,33)34)35)36,37)38	135.37838857561485
20	20	(((0,(1,(((((2,3)4,5)6,7)8,(9,10)11)12,(((13,14)15,(16,17)18)19,(20,21)22)23)24)25)26,27)28,(29,(((30,31)32,33)34,35)36)37)38	149.98792885888017
20	21	((0,1)2,((3,4)5,((6,(((7,(8,(9,(10,(11,12)13)14)15)16)17,18)19,20)21)22,(((23,(24,25)26)27,(28,(29,30)31)32)33,34)35)36)37)38	152.7641186348923
20	22	(0,((((1,(((2,3)4,5)6,7)8)9,(10,(11,(12,((13,(14,((15,16)17,18)19)20)21,22)23)24)25)26)27,(((28,29)30,31)32,33)34)35,36)37)38	169.25115380161668
20	23	(((0,1)2,(3,((4,((5,(6,7)8)9,(10,(((11,12)13,(((14,(15,16)17)18,19)20,(21,22)23)24)25,(26,27)28)29)30)31)32,33)34)35)36,37)38	200.5676521018758
20	24	(((((0,((1,2)3,(4,((5,(6,(7,8)9)10)11,(12,13)14)15)16)17)18,19)20,21)22,((23,24)25,26)27)28,((29,30)31,(32,(33,34)35)36)37)38	147.3346137921412
20	25	((((0,(((1,2)3,4)5,6)7)8,((((9,10)11,((12,13)14,(15,16)17)18)19,(((20,21)22,23)24,(25,26)27)28)29,(30,31)32)33)34,35)36,37)38	161.51835190696355
20	26	((0,(((1,(((((2,(((3,((4,5)6,7)8)9,10)11,12)13)14,15)16,17)18,(19,((20,21)22,23)24)25)26,27)28)29,(30,31)32)33,34)35)36,37)38	211.0013274048217
20	27	(((0,((((((((1,2)3,(4,(5,6)7)8)9,(10,11)12)13,14)15,(16,17)18)19,20)21,22)23,24)25)26,(27,((28,29)30,31)32)33)34,(35,36)37)38	174.09719309605754
20	28	(0,((((((1,2)3,4)5,((6,7)8,(9,(10,(((11,12)13,((((14,15)16,17)18,19)20,21)22)23,24)25)26)27)28)29,30)31,32)33,(34,35)36)37)38	197.368977700057
20	29	(((0,1)2,((3,(4,5)6)7,(((8,(9,(10,(11,((12,13)14,15)16)17)18)19)20,(21,22)23)24,((25,26)27,28)29)30)31)32,(33,(34,35)36)37)38	150.8304648195884
20	30	((0,(1,(2,3)4)5)6,((7,(8,(9,((((10,(11,12)13)14,15)16,17)18,(19,(20,(21,((22,23)24,(25,26)27)28)29)30)31)32)33)34)35,36)37)38	170.59084647167484
20	31	((((((0,1)2,3)4,((5,6)7,8)9)10,((((11,12)13,(14,15)16)17,(18,((19,20)21,22)23)24)25,((26,27)28,29)30)31)32,(33,34)35)36,37)38	150.816916208819
20	32	(((0,1)2,(((3,4)5,6)7,8)9)10,((11,(12,(((13,(14,(15,16)17)18)19,((20,(21,(22,23)24)25)26,(27,28)29)30)31,32)33)34)35,36)37)38	149.52997066332583
20	33	((((0,(1,2)3)4,(5,(((6,((7,8)9,10)11)12,(13,(14,15)16)17)18,19)20)21)22,(23,((24,(25,26)27)28,((29,30)31,32)33)34)35)36,37)38	143.768141833541
20	34	(((0,(1,(((2,3)4,5)6,7)8)9)10,((11,(((((12,13)14,((15,16)17,(18,(19,20)21)22)23)24,25)26,(27,28)29)30,31)32)33,34)35)36,37)38	163.85789339094597
20	35	((0,((1,(2,((3,4)5,6)7)8)9,(10,(11,(12,((13,((14,(15,16)17)18,19)20)21,((22,23)24,25)26)27)28)29)30)31)32,(33,(34,35)36)37)38	158.36089581933658
20	36	(0,(((1,2)3,((4,(((5,6)7,8)9,(10,(11,(12,13)14)15)16)17)18,((19,(20,21)22)23,((24,(25,(26,27)28)29)30,31)32)33)34)35,36)37)38	167.17745299088287
20	37	(((0,1)2,(((((3,4)5,6)7,8)9,10)11,12)13)14,(15,((16,((((17,18)19,((20,21)22,(23,24)25)26)27,28)29,30)31)32,(33,34)35)36)37)38	132.10480765185306
20	38	(0,(((1,2)3,4)5,((((6,7)8,9)10,11)12,(((13,14)15,16)17,(((18,(19,20)21)22,23)24,((25,26)27,((28,29)30,31)32)33)34)35)36)37)38	151.31372431505451
20	39	((0,1)2,(((3,(4,5)6)7,8)9,(10,((((11,(12,13)14)15,16)17,18)19,((20,21)22,(((23,24)25,(26,27)28)29,(30,31)32)33)34)35)36)37)38	148.10826437911638
20	40	(0,((((1,(2,((3,4)5,((((6,((7,8)9,10)11)12,13)14,15)16,17)18)19)20)21,(22,23)24)25,((26,(27,(28,29)30)31)32,33)34)35,36)37)38	177.31121927908688
20	41	(((0,((((1,(2,3)4)5,(6,7)8)9,10)11,((12,13)14,(((15,(16,(17,18)19)20)21,(22,((23,24)25,26)27)28)29,30)31)32)33)34,35)36,37)38	176.73839165237825
20	42	((((0,(1,2)3)4,(5,6)7)8,9)10,(((11,(12,13)14)15,(16,((((17,18)19,(20,21)22)23,(24,25)26)27,(28,29)30)31)32)33,(34,35)36)37)38	130.7406847938198
20	43	(0,(((1,2)3,(((4,5)6,((7,8)9,10)11)12,(13,14)15)16)17,(((18,((19,20)21,22)23)24,(25,((26,(27,28)29)30,31)32)33)34,35)36)37)38	139.0564614829727
20	44	(((((0,(1,(2,3)4)5)6,(((7,(8,(9,10)11)12)13,14)15,16)17)18,(19,20)21)22,(23,24)25)26,(((((27,28)29,30)31,32)33,34)35,36)37)38	130.72326435747644
20	45	(0,((1,(2,(3,(4,(((((5,((((6,7)8,9)10,11)12,13)14)15,(((16,17)18,19)20,21)22)23,(24,25)26)27,28)29,30)31)32)33)34)35,36)37)38	230.58510047622065
20	46	(((0,1)2,3)4,((((((5,6)7,8)9,10)11,12)13,(((14,15)16,(17,((18,19)20,(((21,(22,23)24)25,26)27,28)29)30)31)32,33)34)35,36)37)38	155.65677285225613
20	47	(((((((0,(1,2)3)4,((5,(((6,(7,(8,9)10)11)12,(13,(14,15)16)17)18,19)20)21,(22,(23,24)25)26)27)28,29)30,31)32,33)34,35)36,37)38	208.62372882895286
20	48	(0,((((1,(((2,3)4,5)6,(((7,((8,9)10,(11,12)13)14)15,16)17,(18,(19,20)21)22)23)24)25,(26,(27,28)29)30)31,(32,33)34)35,36)37)38	183.47240179400717
20	49	(0,(((1,(2,(((((3,(4,(5,(6,(7,8)9)10)11)12)13,14)15,16)17,18)19,((20,21)22,(23,24)25)26)27)28)29,(30,(31,32)33)34)35,36)37)38	193.23931983427093
20	50	(0,(((1,(((((2,(3,4)5)6,7)8,9)10,11)12,(13,14)15)16)17,(((18,19)20,21)22,((23,24)25,(((26,27)28,29)30,31)32)33)34)35,36)37)38	157.55154869149985
20	51	(0,((((1,2)3,(4,5)6)7,(((((8,9)10,((11,12)13,14)15)16,17)18,19)20,21)22)23,(((24,25)26,(27,((28,29)30,31)32)33)34,35)36)37)38	141.78900117099363
20	52	(((((((0,1)2,3)4,(5,6)7)8,9)10,((11,(12,13)14)15,(16,17)18)19)20,((21,(22,(((23,24)25,(26,27)28)29,30)31)32)33,34)35)36,37)38	138.65532902280896
20	53	(0,(((1,2)3,4)5,(((6,(((7,8)9,10)11,(12,((((13,((14,15)16,17)18)19,(20,21)22)23,(24,25)26)27,28)29)30)31)32,33)34,35)36)37)38	191.77513471063432
20	54	(((0,1)2,(((3,(4,(((5,6)7,(8,(9,10)11)12)13,(14,(15,(16,17)18)19)20)21)22)23,24)25,(26,((27,(28,29)30)31,32)33)34)35)36,37)38	168.52075920255214
20	55	(((0,(1,((2,3)4,((5,((6,(7,8)9)10,(11,12)13)14)15,(16,(17,(18,(19,(20,(21,22)23)24)25)26)27)28)29)30)31)32,(33,34)35)36,37)38	187.65127901904626
20	56	((0,((1,(2,((3,4)5,((6,7)8,(9,(10,11)12)13)14)15)16)17,(((18,19)20,(((21,22)23,(24,25)26)27,(28,29)30)31)32,33)34)35)36,37)38	160.34913419942032
20	57	(((0,((((1,(((2,3)4,5)6,7)8)9,10)11,((((12,13)14,15)16,(17,18)19)20,21)22)23,(24,(25,(26,27)28)29)30)31)32,33)34,(35,36)37)38	167.66859161274604
20	58	((0,((((((1,2)3,(4,(5,6)7)8)9,10)11,12)13,(14,15)16)17,(((18,19)20,(21,(22,23)24)25)26,(27,28)29)30)31)32,(33,(34,35)36)37)38	145.06194672672532
20	59	((0,(1,(2,3)4)5)6,((7,8)9,(((10,((11,((12,13)14,15)16)17,(18,((19,20)21,22)23)24)25)26,((27,28)29,30)31)32,(33,34)35)36)37)38	145.63201550731634
20	60	(0,(1,(((2,(3,(4,(5,(((6,(7,((8,9)10,((11,12)13,14)15)16)17)18,19)20,(((21,22)23,24)25,26)27)28)29)30)31)32,33)34,35)36)37)38	230.40909255014978
20	61	(((0,1)2,(3,((4,(5,6)7)8,9)10)11)12,(13,(((14,(((15,16)17,(18,((19,((20,21)22,23)24)25,26)27)28)29,30)31)32,33)34,35)36)37)38	148.73141997819747
20	62	(((0,(1,(((2,3)4,5)6,7)8)9)10,11)12,(((13,14)15,16)17,(18,(19,(((20,((21,(22,23)24)25,(26,27)28)29)30,31)32,33)34)35)36)37)38	133.08798820527028
20	63	(0,(1,(2,(((((3,4)5,6)7,(((8,(((9,10)11,12)13,((14,15)16,17)18)19)20,21)22,23)24)25,(26,(27,(28,29)30)31)32)33,34)35)36)37)38	196.29582019689414
20	64	(((0,((1,(2,((3,((4,((5,6)7,8)9)10,11)12)13,((14,(15,16)17)18,(19,20)21)22)23)24)25,26)27)28,(29,30)31)32,((33,34)35,36)37)38	176.87101577460916
20	65	(((0,((1,(2,((3,4)5,((((6,7)8,9)10,11)12,(((13,14)15,16)17,18)19)20)21)22)23,24)25)26,((27,28)29,(30,31)32)33)34,(35,36)37)38	170.89987048417234
20	66	((((((0,(1,(((((2,(((3,4)5,6)7,8)9)10,11)12,(13,14)15)16,17)18,19)20)21)22,23)24,25)26,27)28,(29,(30,(31,32)33)34)35)36,37)38	196.5927006042763
20	67	(((0,1)2,((((3,((4,(5,6)7)8,9)10)11,(12,(13,14)15)16)17,18)19,((20,(21,(((22,(23,24)25)26,27)28,29)30)31)32,33)34)35)36,37)38	156.543535789659
20	68	((0,((((1,(2,3)4)5,6)7,8)9,(((10,11)12,13)14,((15,(16,(17,((18,19)20,((21,22)23,(24,25)26)27)28)29)30)31,32)33)34)35)36,37)38	171.71006840277732
20	69	(((0,((1,2)3,4)5)6,7)8,(((9,(10,11)12)13,14)15,(16,((17,18)19,((20,((21,(22,(23,24)25)26)27,28)29)30,(31,32)33)34)35)36)37)38	134.2496431158645
20	70	(((0,1)2,((3,4)5,((6,7)8,((9,10)11,(((((12,13)14,15)16,((17,18)19,(20,21)22)23)24,(25,26)27)28,(29,30)31)32)33)34)35)36,37)38	177.5937333896647
20	71	((0,(1,((((2,3)4,5)6,(7,((8,(9,10)11)12,((13,14)15,(16,17)18)19)20)21)22,23)24)25)26,(27,(((28,29)30,31)32,(33,34)35)36)37)38	147.03810399288778
20	72	((((0,(1,((2,3)4,5)6)7)8,(9,10)11)12,(13,14)15)16,(((17,18)19,(((20,(21,22)23)24,(25,(26,(27,28)29)30)31)32,33)34)35,36)37)38	123.19407327321116
20	73	(0,(1,((((((2,3)4,(((5,6)7,(8,(9,10)11)12)13,14)15)16,(17,18)19)20,21)22,23)24,(25,((26,(27,(28,29)30)31)32,33)34)35)36)37)38	171.53647894093908
20	74	(0,((((1,(2,((3,(((4,5)6,7)8,9)10)11,12)13)14)15,(16,17)18)19,(20,((21,22)23,(24,25)26)27)28)29,(((30,31)32,33)34,35)36)37)38	151.9254925379891
20	75	(((0,1)2,(((3,(4,((((5,6)7,((((8,(9,10)11)12,13)14,15)16,(17,18)19)20)21,22)23,24)25)26)27,28)29,(30,31)32)33)34,(35,36)37)38	192.39538444445535
20	76	((0,(1,(((2,3)4,((5,((((6,7)8,9)10,11)12,13)14)15,16)17)18,(((19,20)21,22)23,(((24,(25,26)27)28,29)30,31)32)33)34)35)36,37)38	173.2026132440301
20	77	((0,1)2,(3,(((4,(5,6)7)8,((9,10)11,((12,((13,14)15,(16,17)18)19)20,(21,(22,23)24)25)26)27)28,((29,30)31,(32,33)34)35)36)37)38	157.71640393468317
20	78	(0,(1,(2,((((3,((4,((5,(6,7)8)9,10)11)12,(13,14)15)16)17,18)19,(20,21)22)23,((24,((25,(26,27)28)29,30)31)32,33)34)35)36)37)38	180.82152625566843
20	79	(((0,1)2,(3,((((4,(5,6)7)8,((9,(10,11)12)13,((14,(15,((16,17)18,19)20)21)22,23)24)25)26,(27,(28,29)30)31)32,33)34)35)36,37)38	185.56550538297873
20	80	((((0,1)2,(3,((((((4,5)6,(7,((((8,9)10,11)12,(13,14)15)16,(17,(18,19)20)21)22)23)24,25)26,27)28,29)30,31)32)33)34,35)36,37)38	220.54391265509167
20	81	(0,(((1,(2,(3,(4,(5,6)7)8)9)10)11,12)13,(14,(((15,16)17,((18,(19,(20,21)22)23)24,(25,((26,27)28,29)30)31)32)33,34)35)36)37)38	151.4499829258222
20	82	(0,((1,(2,(((3,((4,5)6,((7,((8,9)10,(11,12)13)14)15,(16,17)18)19)20)21,(22,23)24)25,((26,27)28,(29,30)31)32)33)34)35,36)37)38	197.55155292019012
20	83	((0,(1,(((2,3)4,((5,(6,7)8)9,10)11)12,(13,((((14,((15,16)17,18)19)20,(21,(22,(23,24)25)26)27)28,29)30,31)32)33)34)35)36,37)38	182.8620099550188
20	84	((((0,((1,(2,((((3,(4,5)6)7,(8,(9,10)11)12)13,(14,15)16)17,18)19)20)21,(22,(23,(24,25)26)27)28)29)30,31)32,33)34,(35,36)37)38	191.8961518807203
20	85	(((0,1)2,((3,(4,5)6)7,((8,9)10,(((11,12)13,((14,((15,16)17,((18,19)20,(21,22)23)24)25)26,27)28)29,(30,31)32)33)34)35)36,37)38	174.10937629499944
20	86	((0,((((1,2)3,4)5,6)7,8)9)10,((((((11,12)13,14)15,(16,17)18)19,((20,21)22,((23,(24,(25,26)27)28)29,30)31)32)33,34)35,36)37)38	136.82067742552098
20	87	((0,(((((1,2)3,((4,5)6,(7,8)9)10)11,(((12,((13,14)15,16)17)18,(19,(20,21)22)23)24,25)26)27,28)29,30)31)32,(33,(34,35)36)37)38	168.11893052655694
20	88	((0,(1,((2,((3,(4,5)6)7,(((8,9)10,11)12,13)14)15)16,17)18)19)20,(((21,22)23,24)25,((((26,(27,28)29)30,31)32,33)34,35)36)37)38	128.47684537963895
20	89	((0,((((1,2)3,((4,5)6,(7,((8,((9,(10,11)12)13,14)15)16,17)18)19)20)21,(22,23)24)25,(26,27)28)29)30,(((31,32)33,34)35,36)37)38	159.33051430982795
20	90	((((((0,1)2,3)4,5)6,((7,((8,9)10,11)12)13,(((14,15)16,17)18,(((19,(20,21)22)23,(24,25)26)27,(28,29)30)31)32)33)34,35)36,37)38	162.2707483641388
20	91	((0,(1,2)3)4,(5,(6,(((((7,((8,((9,10)11,(12,13)14)15)16,17)18)19,((20,21)22,23)24)25,((26,27)28,29)30)31,32)33,34)35)36)37)38	183.60530088633504
20	92	(0,(1,(((2,((3,4)5,(6,7)8)9)10,11)12,((((13,((14,(15,16)17)18,((19,((20,21)22,23)24)25,26)27)28)29,30)31,32)33,34)35)36)37)38	175.8341602298443
20	93	((0,(((1,((((2,3)4,5)6,(7,8)9)10,(((11,12)13,(14,15)16)17,18)19)20)21,((22,23)24,(25,26)27)28)29,(30,31)32)33)34,(35,36)37)38	166.23680630743004
20	94	((0,1)2,((3,4)5,(((((((6,(((7,8)9,(10,(11,12)13)14)15,16)17)18,19)20,21)22,((23,24)25,26)27)28,29)30,(31,32)33)34,35)36)37)38	184.2129392506168
20	95	(((((0,1)2,3)4,5)6,(((7,((8,9)10,11)12)13,(((14,15)16,17)18,19)20)21,22)23)24,(((25,(((26,27)28,29)30,31)32)33,34)35,36)37)38	121.2274581823178
20	96	(((0,((1,2)3,(((4,5)6,(7,(8,(9,10)11)12)13)14,15)16)17)18,(19,((((20,21)22,23)24,(25,26)27)28,(29,(30,31)32)33)34)35)36,37)38	142.65875081672513
20	97	((0,((1,((((((2,(((3,((4,5)6,7)8)9,(10,(11,12)13)14)15,16)17)18,19)20,21)22,23)24,25)26,((27,28)29,30)31)32)33,34)35)36,37)38	220.59062226067454
20	98	(0,(((1,(((2,3)4,(((5,(6,(7,8)9)10)11,(12,(13,(14,15)16)17)18)19,(20,21)22)23)24,(25,26)27)28)29,30)31,((32,33)34,35)36)37)38	182.91622145181924
20	99	(((0,((1,(2,((((3,4)5,6)7,8)9,(10,11)12)13)14)15,16)17)18,(19,20)21)22,((23,(((24,(25,26)27)28,29)30,31)32)33,(34,35)36)37)38	131.2651038515023
