#size_tree	tree_index	tree	growth factor
6	0	(0,(1,(2,(3,(4,5)6)7)8)9)10	39.24698148319947
6	1	((0,(1,2)3)4,(5,(6,7)8)9)10	32.295949365798975
6	2	(0,(1,(((2,3)4,5)6,7)8)9)10	39.24698148319987
6	3	(0,(1,((2,(3,4)5)6,7)8)9)10	39.246981483199484
6	4	(0,(((1,(2,3)4)5,6)7,8)9)10	39.24698148319957
6	5	(0,((1,2)3,(4,(5,6)7)8)9)10	36.315847756342315
6	6	(((0,1)2,((3,4)5,6)7)8,9)10	36.315847756342315
6	7	(0,((1,2)3,(4,(5,6)7)8)9)10	36.315847756342315
6	8	((((0,1)2,(3,4)5)6,7)8,9)10	38.00775163346383
6	9	((0,((1,(2,3)4)5,6)7)8,9)10	39.24698148319997
6	10	(((0,(1,2)3)4,5)6,(7,8)9)10	34.18782541542601
6	11	(0,((((1,2)3,4)5,6)7,8)9)10	39.24698148320005
6	12	((0,1)2,((3,4)5,(6,7)8)9)10	32.97020812702322
6	13	(((0,1)2,3)4,((5,6)7,8)9)10	32.295949365798975
6	14	(((0,1)2,(3,4)5)6,(7,8)9)10	32.97020812702323
6	15	(0,(((1,2)3,4)5,(6,7)8)9)10	36.31584775634231
6	16	((((0,(1,2)3)4,5)6,7)8,9)10	39.246981483199434
6	17	(0,(1,(2,((3,4)5,6)7)8)9)10	39.246981483199654
6	18	(0,(((1,2)3,4)5,(6,7)8)9)10	36.31584775634231
6	19	((0,((1,2)3,(4,5)6)7)8,9)10	38.00775163346383
6	20	((0,(1,2)3)4,(5,(6,7)8)9)10	32.295949365798975
6	21	(0,(((1,(2,3)4)5,6)7,8)9)10	39.24698148319957
6	22	(((0,1)2,(3,4)5)6,(7,8)9)10	32.97020812702323
6	23	((0,(1,2)3)4,(5,(6,7)8)9)10	32.295949365798975
6	24	((0,1)2,((3,4)5,(6,7)8)9)10	32.97020812702322
6	25	(0,(1,(((2,3)4,5)6,7)8)9)10	39.24698148319987
6	26	(((0,((1,2)3,4)5)6,7)8,9)10	39.24698148319947
6	27	(0,(1,(2,((3,4)5,6)7)8)9)10	39.246981483199654
6	28	(0,(1,((2,(3,4)5)6,7)8)9)10	39.246981483199484
6	29	(((0,1)2,(3,4)5)6,(7,8)9)10	32.97020812702323
6	30	(0,(((1,2)3,4)5,(6,7)8)9)10	36.31584775634231
6	31	(0,(((1,2)3,(4,5)6)7,8)9)10	38.00775163346382
6	32	(0,((1,(2,3)4)5,(6,7)8)9)10	36.315847756342315
6	33	((((0,1)2,3)4,5)6,(7,8)9)10	34.187825415426005
6	34	(((((0,1)2,3)4,5)6,7)8,9)10	39.24698148319934
6	35	(0,(1,((2,(3,4)5)6,7)8)9)10	39.246981483199484
6	36	(0,(1,(2,((3,4)5,6)7)8)9)10	39.246981483199654
6	37	(0,((1,(2,(3,4)5)6)7,8)9)10	39.24698148319961
6	38	(0,((((1,2)3,4)5,6)7,8)9)10	39.24698148320005
6	39	((0,1)2,((3,(4,5)6)7,8)9)10	34.187825415425955
6	40	((0,(1,((2,3)4,5)6)7)8,9)10	39.24698148319999
6	41	(0,((1,2)3,(4,(5,6)7)8)9)10	36.315847756342315
6	42	((0,(1,(2,3)4)5)6,(7,8)9)10	34.18782541542596
6	43	((((0,(1,2)3)4,5)6,7)8,9)10	39.246981483199434
6	44	(0,(1,((2,3)4,(5,6)7)8)9)10	38.00775163346381
6	45	((0,1)2,(((3,4)5,6)7,8)9)10	34.18782541542589
6	46	((0,(1,(2,3)4)5)6,(7,8)9)10	34.18782541542596
6	47	((0,1)2,(3,(4,(5,6)7)8)9)10	34.18782541542595
6	48	((0,1)2,(3,((4,5)6,7)8)9)10	34.18782541542595
6	49	((0,1)2,(((3,4)5,6)7,8)9)10	34.18782541542589
6	50	((0,(1,(2,3)4)5)6,(7,8)9)10	34.18782541542596
6	51	(0,((1,2)3,(4,(5,6)7)8)9)10	36.315847756342315
6	52	(0,(1,(2,(3,(4,5)6)7)8)9)10	39.24698148319947
6	53	((((0,(1,2)3)4,5)6,7)8,9)10	39.246981483199434
6	54	(0,(((1,2)3,4)5,(6,7)8)9)10	36.31584775634231
6	55	(0,(((1,2)3,4)5,(6,7)8)9)10	36.31584775634231
6	56	((0,1)2,((3,(4,5)6)7,8)9)10	34.187825415425955
6	57	(0,(1,((2,(3,4)5)6,7)8)9)10	39.246981483199484
6	58	((((0,1)2,3)4,(5,6)7)8,9)10	36.31584775634231
6	59	(0,(((1,2)3,(4,5)6)7,8)9)10	38.00775163346382
6	60	((0,((1,2)3,4)5)6,(7,8)9)10	34.187825415425976
6	61	(0,((1,((2,3)4,5)6)7,8)9)10	39.24698148320077
6	62	(((0,(1,2)3)4,(5,6)7)8,9)10	36.315847756342315
6	63	(0,(1,(2,((3,4)5,6)7)8)9)10	39.246981483199654
6	64	((0,1)2,((3,4)5,(6,7)8)9)10	32.97020812702322
6	65	((0,((1,(2,3)4)5,6)7)8,9)10	39.24698148319997
6	66	(0,((1,2)3,((4,5)6,7)8)9)10	36.31584775634231
6	67	(((0,(1,2)3)4,5)6,(7,8)9)10	34.18782541542601
6	68	((0,1)2,(3,((4,5)6,7)8)9)10	34.18782541542595
6	69	(0,(((1,2)3,4)5,(6,7)8)9)10	36.31584775634231
6	70	(((0,1)2,(3,(4,5)6)7)8,9)10	36.315847756342315
6	71	((0,(1,(2,(3,4)5)6)7)8,9)10	39.24698148319982
6	72	(0,((1,(2,(3,4)5)6)7,8)9)10	39.24698148319961
6	73	(0,(1,(((2,3)4,5)6,7)8)9)10	39.24698148319987
6	74	(0,(((1,(2,3)4)5,6)7,8)9)10	39.24698148319957
6	75	((0,((1,2)3,4)5)6,(7,8)9)10	34.187825415425976
6	76	(0,((1,2)3,(4,(5,6)7)8)9)10	36.315847756342315
6	77	(((0,1)2,3)4,((5,6)7,8)9)10	32.295949365798975
6	78	((((0,1)2,3)4,(5,6)7)8,9)10	36.31584775634231
6	79	((0,(1,((2,3)4,5)6)7)8,9)10	39.24698148319999
6	80	(((0,1)2,(3,(4,5)6)7)8,9)10	36.315847756342315
6	81	((0,(1,2)3)4,(5,(6,7)8)9)10	32.295949365798975
6	82	(0,((1,(2,3)4)5,(6,7)8)9)10	36.315847756342315
6	83	((0,1)2,(((3,4)5,6)7,8)9)10	34.18782541542589
6	84	((0,1)2,((3,(4,5)6)7,8)9)10	34.187825415425955
6	85	((0,((1,2)3,(4,5)6)7)8,9)10	38.00775163346383
6	86	(((0,1)2,(3,(4,5)6)7)8,9)10	36.315847756342315
6	87	((((0,1)2,3)4,(5,6)7)8,9)10	36.31584775634231
6	88	(((0,1)2,((3,4)5,6)7)8,9)10	36.315847756342315
6	89	((((0,1)2,3)4,(5,6)7)8,9)10	36.31584775634231
6	90	(0,(1,((2,3)4,(5,6)7)8)9)10	38.00775163346381
6	91	(((0,(1,2)3)4,(5,6)7)8,9)10	36.315847756342315
6	92	((0,1)2,(3,((4,5)6,7)8)9)10	34.18782541542595
6	93	((0,((1,2)3,4)5)6,(7,8)9)10	34.187825415425976
6	94	(((0,((1,2)3,4)5)6,7)8,9)10	39.24698148319947
6	95	((0,(1,((2,3)4,5)6)7)8,9)10	39.24698148319999
6	96	((0,1)2,(3,(4,(5,6)7)8)9)10	34.18782541542595
6	97	((0,1)2,((3,(4,5)6)7,8)9)10	34.187825415425955
6	98	(0,((1,2)3,(4,(5,6)7)8)9)10	36.315847756342315
6	99	(0,((((1,2)3,4)5,6)7,8)9)10	39.24698148320005
