#size_tree	tree_index	tree	growth factor
17	0	(0,(1,(2,(3,(4,(5,(6,(7,(8,(9,(10,(11,(12,(13,(14,(15,16)17)18)19)20)21)22)23)24)25)26)27)28)29)30)31)32	192.29750636651738
17	1	((((0,1)2,(3,4)5)6,((7,8)9,(10,11)12)13)14,(((15,16)17,(18,19)20)21,((22,23)24,(25,(26,27)28)29)30)31)32	93.43733076688616
17	2	((((0,(1,2)3)4,5)6,((((7,8)9,10)11,(12,(13,14)15)16)17,(18,((19,20)21,(22,23)24)25)26)27)28,(29,30)31)32	112.71286616595239
17	3	(0,(((((1,2)3,(4,((((5,(6,(7,8)9)10)11,12)13,(14,15)16)17,18)19)20)21,(22,23)24)25,(26,27)28)29,30)31)32	155.59018160759163
17	4	(((0,(1,2)3)4,5)6,((7,(((8,9)10,(11,(12,((13,(14,((15,16)17,18)19)20)21,22)23)24)25)26,27)28)29,30)31)32	138.29180919278005
17	5	(0,(((1,2)3,4)5,(((6,(7,(8,9)10)11)12,((((13,14)15,(16,17)18)19,20)21,22)23)24,((25,26)27,28)29)30)31)32	126.33126789818124
17	6	(0,((1,(2,3)4)5,(6,((7,(8,9)10)11,(((12,13)14,(((15,(16,17)18)19,20)21,(22,23)24)25)26,27)28)29)30)31)32	138.47497869022925
17	7	((((0,1)2,(3,(4,((5,6)7,8)9)10)11)12,(13,((14,((15,(16,17)18)19,20)21)22,(23,(24,25)26)27)28)29)30,31)32	118.14632897956652
17	8	(0,((((((1,2)3,4)5,6)7,(8,(9,10)11)12)13,14)15,((16,17)18,(19,((20,21)22,(23,(24,25)26)27)28)29)30)31)32	116.60620652203603
17	9	(0,(((1,((((2,3)4,(5,(6,7)8)9)10,((11,(((12,13)14,15)16,(17,18)19)20)21,22)23)24,25)26)27,28)29,30)31)32	163.6304366891843
17	10	(0,(((1,(2,((3,((4,((5,6)7,8)9)10,11)12)13,(14,(15,16)17)18)19)20)21,((22,23)24,25)26)27,(28,29)30)31)32	143.44039800755237
17	11	(0,(1,((((2,(3,(((4,5)6,(7,((8,(9,10)11)12,(13,14)15)16)17)18,19)20)21)22,(23,24)25)26,27)28,29)30)31)32	175.78746291188799
17	12	(0,(((1,(((((2,((3,4)5,((6,7)8,9)10)11)12,13)14,15)16,(17,((18,19)20,21)22)23)24,25)26)27,28)29,30)31)32	167.9146624094724
17	13	(0,(((((1,((((2,(3,4)5)6,(7,8)9)10,(11,12)13)14,(15,16)17)18)19,(20,21)22)23,(24,25)26)27,28)29,30)31)32	160.54062708082728
17	14	(0,((((1,(2,3)4)5,6)7,8)9,(10,(11,((12,((13,14)15,(16,17)18)19)20,((21,22)23,(24,25)26)27)28)29)30)31)32	127.51023343602124
17	15	((0,((((1,2)3,4)5,(6,(7,8)9)10)11,12)13)14,((((15,16)17,18)19,(20,21)22)23,(((24,25)26,27)28,29)30)31)32	98.13383297289893
17	16	((((((((0,(1,2)3)4,5)6,7)8,(9,((10,11)12,13)14)15)16,(17,18)19)20,((21,22)23,24)25)26,(27,28)29)30,31)32	133.627706899599
17	17	(((0,(1,(((2,((3,(((4,5)6,(7,(8,9)10)11)12,(13,14)15)16)17,(18,19)20)21)22,23)24,25)26)27)28,29)30,31)32	181.48556620590398
17	18	((((((0,(1,((2,3)4,5)6)7)8,(((9,10)11,12)13,14)15)16,(17,(18,19)20)21)22,(23,(24,25)26)27)28,29)30,31)32	137.44338049986655
17	19	((((0,1)2,3)4,((((5,6)7,((8,9)10,11)12)13,(14,15)16)17,(18,((19,20)21,(22,23)24)25)26)27)28,(29,30)31)32	116.06213112835742
17	20	(0,(((((((1,(2,3)4)5,6)7,8)9,((10,(11,((12,13)14,15)16)17)18,19)20)21,(22,23)24)25,(26,27)28)29,30)31)32	145.75479942278074
17	21	((((0,(((1,2)3,(((((4,5)6,7)8,9)10,(11,12)13)14,15)16)17,18)19)20,21)22,(23,(24,(25,26)27)28)29)30,31)32	142.36099414990858
17	22	((0,(1,((2,(3,(4,(5,(6,(7,(((8,(9,10)11)12,13)14,((15,16)17,18)19)20)21)22)23)24)25)26,27)28)29)30,31)32	187.79113077839594
17	23	(0,(1,((2,3)4,(((5,(6,((7,8)9,(10,11)12)13)14)15,(16,(((17,18)19,(20,21)22)23,24)25)26)27,28)29)30)31)32	149.03124297108715
17	24	((((((0,1)2,3)4,((((5,6)7,8)9,(10,11)12)13,(14,15)16)17)18,(19,20)21)22,23)24,(25,(26,(27,28)29)30)31)32	118.66499114375566
17	25	((0,(1,(2,3)4)5)6,((7,(8,(9,(10,(((11,12)13,14)15,16)17)18)19)20)21,((22,(23,24)25)26,(27,28)29)30)31)32	109.46899205035598
17	26	(0,(1,(2,(3,((4,5)6,(7,(((8,(9,(((10,((11,12)13,14)15)16,17)18,19)20)21)22,23)24,25)26)27)28)29)30)31)32	181.03458343343317
17	27	((0,((1,2)3,(4,(5,(6,(7,(8,((9,(((10,11)12,13)14,(15,16)17)18)19,(20,21)22)23)24)25)26)27)28)29)30,31)32	172.75038102704676
17	28	(((0,(1,(((2,3)4,5)6,((7,8)9,(10,11)12)13)14)15)16,(17,18)19)20,(21,(22,((23,(24,25)26)27,28)29)30)31)32	108.48909434730776
17	29	(((0,1)2,((((3,4)5,6)7,8)9,10)11)12,((((13,(14,15)16)17,18)19,20)21,((22,(23,24)25)26,(27,28)29)30)31)32	96.53676649619474
17	30	(((0,(((1,(2,((3,((4,5)6,(7,8)9)10)11,12)13)14)15,(16,17)18)19,(20,21)22)23)24,25)26,((27,28)29,30)31)32	142.08914418255324
17	31	((0,(1,2)3)4,((5,((6,((7,(((8,9)10,(11,12)13)14,15)16)17,(18,(19,20)21)22)23)24,25)26)27,(28,29)30)31)32	136.48855179812105
17	32	(((0,(((((1,2)3,(4,(5,(6,7)8)9)10)11,(12,13)14)15,16)17,((18,(19,(20,21)22)23)24,25)26)27)28,29)30,31)32	147.22113929816624
17	33	(0,(1,(((2,(3,4)5)6,(7,(8,(9,((10,11)12,13)14)15)16)17)18,(19,(20,(21,(22,(23,24)25)26)27)28)29)30)31)32	132.06341508157723
17	34	(0,((1,(2,((((3,(((4,5)6,7)8,((9,(10,11)12)13,14)15)16)17,18)19,20)21,22)23)24)25,(26,(27,28)29)30)31)32	157.88770898292208
17	35	(0,(1,(((2,(3,((((4,(5,(6,7)8)9)10,11)12,(13,(14,15)16)17)18,19)20)21)22,(23,(24,25)26)27)28,29)30)31)32	161.91468302357933
17	36	((((0,1)2,3)4,(5,6)7)8,((9,10)11,(((12,(((((13,(14,15)16)17,18)19,20)21,22)23,24)25)26,27)28,29)30)31)32	122.35642630306585
17	37	(0,(((1,2)3,4)5,(((((((6,7)8,9)10,11)12,13)14,15)16,((((17,18)19,20)21,22)23,(24,25)26)27)28,29)30)31)32	132.05687838672142
17	38	((((0,(((1,(2,3)4)5,(((((6,7)8,9)10,11)12,((13,14)15,16)17)18,19)20)21,22)23)24,(25,26)27)28,29)30,31)32	159.0612416452516
17	39	(((((0,(1,2)3)4,((5,6)7,8)9)10,(11,12)13)14,15)16,((((17,18)19,20)21,(22,((23,24)25,26)27)28)29,30)31)32	100.83744404275704
17	40	(0,(1,(2,(3,(((4,((5,6)7,8)9)10,(((11,((12,13)14,((15,16)17,18)19)20)21,22)23,24)25)26,27)28)29)30)31)32	167.9146624094725
17	41	(((0,((1,((2,((3,((4,5)6,7)8)9,10)11)12,13)14)15,16)17)18,(19,((20,(21,22)23)24,(25,26)27)28)29)30,31)32	130.63831226663862
17	42	((0,((((1,2)3,((4,(5,6)7)8,((9,(10,11)12)13,14)15)16)17,18)19,20)21)22,(23,(24,((25,26)27,28)29)30)31)32	122.15868301565786
17	43	((((((((0,(((1,((2,3)4,5)6)7,(8,9)10)11,(12,13)14)15)16,17)18,19)20,21)22,23)24,(25,26)27)28,29)30,31)32	171.92392867178967
17	44	(0,(1,((2,((3,4)5,((6,7)8,((9,((10,((11,12)13,(14,15)16)17)18,(19,20)21)22)23,24)25)26)27)28,29)30)31)32	169.4836807317299
17	45	((((0,1)2,3)4,(((5,6)7,((8,((((9,10)11,12)13,14)15,(16,(17,18)19)20)21)22,23)24)25,26)27)28,(29,30)31)32	134.87710067311787
17	46	((((0,(1,2)3)4,5)6,7)8,(9,((10,(11,(12,(((13,14)15,16)17,18)19)20)21)22,(((23,24)25,26)27,28)29)30)31)32	112.51579266459007
17	47	(((0,1)2,3)4,((((5,6)7,(((8,9)10,11)12,13)14)15,((((16,17)18,19)20,(21,22)23)24,25)26)27,(28,29)30)31)32	114.18629045012631
17	48	(0,(1,(((((2,(((((3,4)5,6)7,8)9,10)11,12)13)14,15)16,17)18,(19,((20,(21,22)23)24,25)26)27)28,29)30)31)32	152.78388210607602
17	49	((0,1)2,((3,(4,5)6)7,(8,((9,(((10,(11,12)13)14,15)16,17)18)19,(((20,(21,22)23)24,25)26,27)28)29)30)31)32	126.01012141292803
17	50	((((((((0,(1,2)3)4,5)6,7)8,9)10,(11,(12,((13,14)15,16)17)18)19)20,21)22,23)24,((25,(26,27)28)29,30)31)32	122.79158017470817
17	51	(((((0,1)2,(3,4)5)6,((7,8)9,10)11)12,(13,(((14,15)16,(17,((18,19)20,21)22)23)24,25)26)27)28,(29,30)31)32	112.97842595315235
17	52	(((((0,(1,2)3)4,((5,((6,7)8,(9,10)11)12)13,14)15)16,(17,18)19)20,(21,22)23)24,(25,(26,(27,28)29)30)31)32	114.9649492802508
17	53	(0,(1,((2,(3,(4,5)6)7)8,((((9,10)11,12)13,14)15,(16,(((17,(18,(19,20)21)22)23,24)25,26)27)28)29)30)31)32	136.1264134413307
17	54	(((0,(1,2)3)4,5)6,(7,((8,((((9,10)11,((((12,(13,14)15)16,17)18,19)20,21)22)23,24)25,26)27)28,29)30)31)32	141.09374181440464
17	55	(0,(1,((2,(3,(((4,5)6,(7,8)9)10,(((11,(((12,13)14,(15,16)17)18,19)20)21,22)23,24)25)26)27)28,29)30)31)32	168.21897257020103
17	56	((0,(1,(2,(3,4)5)6)7)8,((9,(10,11)12)13,(((14,15)16,17)18,((19,20)21,((22,23)24,(25,26)27)28)29)30)31)32	102.6822269734545
17	57	(0,(1,(((2,(((3,(4,5)6)7,(8,(9,10)11)12)13,14)15)16,17)18,((19,(20,21)22)23,(24,(25,26)27)28)29)30)31)32	136.0522252034052
17	58	(0,(1,(2,((3,((4,(5,6)7)8,(9,10)11)12)13,(14,((((15,16)17,(18,(19,20)21)22)23,24)25,26)27)28)29)30)31)32	146.82959793187726
17	59	(0,(((((1,(2,(((3,(4,5)6)7,8)9,(10,11)12)13)14)15,16)17,(18,(19,20)21)22)23,(24,25)26)27,(28,29)30)31)32	143.99842189386587
17	60	(0,(1,((2,3)4,(((5,(((6,7)8,(9,(10,11)12)13)14,15)16)17,(18,19)20)21,((22,23)24,(25,26)27)28)29)30)31)32	143.47810388708032
17	61	(0,((((1,((2,3)4,(((5,6)7,8)9,(10,11)12)13)14)15,16)17,18)19,((20,((21,22)23,24)25)26,(27,28)29)30)31)32	126.16185607659892
17	62	(((0,1)2,(3,4)5)6,(((7,8)9,(((((10,(11,((12,13)14,15)16)17)18,19)20,21)22,23)24,25)26)27,(28,29)30)31)32	124.96357596815997
17	63	(0,((((((1,(((2,3)4,5)6,7)8)9,10)11,12)13,14)15,16)17,(18,(19,(((20,(21,22)23)24,25)26,27)28)29)30)31)32	125.84063290091552
17	64	(0,(((1,(((2,3)4,(5,(6,(7,((8,9)10,11)12)13)14)15)16,(((17,18)19,(20,21)22)23,24)25)26)27,28)29,30)31)32	155.29282260952183
17	65	(((0,(((((1,2)3,4)5,(6,7)8)9,(10,11)12)13,((14,(15,16)17)18,19)20)21)22,((23,(24,25)26)27,28)29)30,31)32	126.84268457223105
17	66	(((0,(1,((2,(3,4)5)6,7)8)9)10,(11,(12,(((13,14)15,(16,17)18)19,20)21)22)23)24,((25,(26,27)28)29,30)31)32	106.77486452543761
17	67	(((((0,1)2,(3,((4,5)6,(((7,8)9,(10,(11,12)13)14)15,16)17)18)19)20,21)22,(23,(24,(25,26)27)28)29)30,31)32	136.20564556779937
17	68	((((0,(1,2)3)4,5)6,7)8,(((9,((10,11)12,((13,14)15,16)17)18)19,((20,((21,22)23,24)25)26,27)28)29,30)31)32	109.10900574320604
17	69	(((0,(1,2)3)4,(((5,(((6,(7,8)9)10,11)12,(13,14)15)16)17,18)19,((20,21)22,(23,24)25)26)27)28,(29,30)31)32	121.56892338370699
17	70	((((0,1)2,3)4,(5,6)7)8,((9,(10,(11,((12,((13,(14,((15,16)17,18)19)20)21,22)23)24,25)26)27)28)29,30)31)32	132.6744358686829
17	71	((0,(1,2)3)4,((5,(6,(((7,(8,9)10)11,(12,((13,(14,15)16)17,(18,19)20)21)22)23,(24,25)26)27)28)29,30)31)32	140.6338683552907
17	72	((0,((((1,2)3,4)5,(6,(7,((8,9)10,((11,12)13,(14,(15,16)17)18)19)20)21)22)23,((24,25)26,27)28)29)30,31)32	143.8682828514668
17	73	(0,((1,2)3,((4,5)6,((7,((8,(9,10)11)12,(((13,14)15,(16,((17,18)19,20)21)22)23,24)25)26)27,28)29)30)31)32	149.90727365312884
17	74	((((0,(((1,(((2,(3,4)5)6,(7,8)9)10,11)12)13,(14,15)16)17,(18,(19,20)21)22)23)24,(25,26)27)28,29)30,31)32	154.05950079732824
17	75	((0,(((((1,(((2,(3,(4,((5,(6,7)8)9,10)11)12)13)14,15)16,17)18)19,20)21,(22,23)24)25,26)27,28)29)30,31)32	181.03458343343317
17	76	(0,(1,(((2,3)4,5)6,(7,(8,(9,(10,(((11,(12,13)14)15,16)17,((18,(19,20)21)22,23)24)25)26)27)28)29)30)31)32	157.86945736586233
17	77	((((0,((1,(2,3)4)5,6)7)8,(9,((10,11)12,13)14)15)16,(17,18)19)20,((21,22)23,(24,(25,(26,27)28)29)30)31)32	101.6491707880748
17	78	(((((((0,1)2,(3,(4,((5,((6,7)8,(9,10)11)12)13,((14,15)16,17)18)19)20)21)22,23)24,25)26,27)28,29)30,31)32	175.54850013654627
17	79	(((0,1)2,((((3,((4,5)6,(((((7,8)9,10)11,12)13,14)15,16)17)18)19,20)21,(22,23)24)25,26)27)28,(29,30)31)32	146.6871718486342
17	80	((0,(1,(2,((((((3,(4,5)6)7,8)9,(10,11)12)13,((14,15)16,(17,18)19)20)21,(22,23)24)25,26)27)28)29)30,31)32	165.98549522325072
17	81	(((((((0,((1,2)3,4)5)6,7)8,9)10,(11,((12,(((13,14)15,16)17,18)19)20,21)22)23)24,25)26,(27,28)29)30,31)32	140.41039942593008
17	82	((0,((1,2)3,(((((4,(5,6)7)8,9)10,11)12,(13,(((((14,15)16,17)18,19)20,21)22,23)24)25)26,27)28)29)30,31)32	151.0081891494541
17	83	((((0,(1,(2,3)4)5)6,7)8,(9,((10,((11,12)13,(14,15)16)17)18,(((19,(20,21)22)23,24)25,26)27)28)29)30,31)32	123.19581047529456
17	84	((0,1)2,(((3,((((((4,5)6,(7,8)9)10,(11,12)13)14,15)16,17)18,((19,20)21,22)23)24)25,(26,27)28)29,30)31)32	144.98677967553277
17	85	((0,((((1,2)3,(4,5)6)7,((8,(9,((10,11)12,(13,14)15)16)17)18,(19,(20,21)22)23)24)25,(26,27)28)29)30,31)32	140.6970185994553
17	86	((0,(((1,2)3,4)5,6)7)8,(((9,(((10,11)12,(13,((14,(15,16)17)18,(19,20)21)22)23)24,25)26)27,28)29,30)31)32	127.07028044091628
17	87	((0,1)2,((3,((((4,((5,(6,(7,8)9)10)11,12)13)14,15)16,(17,18)19)20,((21,22)23,24)25)26)27,(28,29)30)31)32	137.3497547792862
17	88	((((0,1)2,((3,4)5,6)7)8,9)10,(((((11,12)13,(14,15)16)17,18)19,((20,21)22,23)24)25,((26,27)28,29)30)31)32	99.74100718524139
17	89	((((0,1)2,((3,(4,5)6)7,8)9)10,11)12,(((13,14)15,16)17,(((18,(((19,20)21,22)23,24)25)26,27)28,29)30)31)32	101.76660058040505
17	90	((0,1)2,((3,4)5,((6,7)8,(((9,(10,((11,12)13,14)15)16)17,18)19,((20,21)22,(23,(24,25)26)27)28)29)30)31)32	126.66034296625013
17	91	((0,((1,2)3,(4,(((5,((6,(7,8)9)10,(((11,12)13,(14,15)16)17,(18,19)20)21)22)23,24)25,26)27)28)29)30,31)32	166.5845091735612
17	92	(((((0,1)2,3)4,(5,(6,7)8)9)10,(11,(12,13)14)15)16,((17,18)19,((20,(21,((22,23)24,25)26)27)28,29)30)31)32	97.29925233754392
17	93	(0,((1,((((2,(3,4)5)6,((7,8)9,10)11)12,13)14,(15,16)17)18)19,(20,((((21,22)23,24)25,26)27,28)29)30)31)32	123.4922239817529
17	94	(((((((0,1)2,(3,4)5)6,7)8,9)10,(11,(12,((13,(14,(15,(16,17)18)19)20)21,22)23)24)25)26,27)28,(29,30)31)32	130.02987063050367
17	95	(((0,(1,2)3)4,(((5,6)7,(8,9)10)11,((12,(13,14)15)16,(17,18)19)20)21)22,(23,(((24,25)26,27)28,29)30)31)32	101.73682630099457
17	96	(0,(1,((2,3)4,(5,((((6,(7,8)9)10,(11,(12,(13,14)15)16)17)18,19)20,(((21,22)23,24)25,26)27)28)29)30)31)32	150.40642040513455
17	97	(((0,1)2,(3,(4,(((5,6)7,8)9,(((10,(((11,(12,13)14)15,16)17,18)19)20,21)22,(23,24)25)26)27)28)29)30,31)32	153.54548762657348
17	98	((0,((1,2)3,4)5)6,(((7,(((((8,9)10,11)12,(13,14)15)16,(17,(18,19)20)21)22,(23,24)25)26)27,28)29,30)31)32	130.0907791978635
17	99	(((0,(1,(((2,(((((3,4)5,(6,7)8)9,((10,11)12,13)14)15,16)17,18)19)20,(21,22)23)24,25)26)27)28,29)30,31)32	177.6561806123526
