#size_tree	tree_index	tree	growth factor
16	0	(0,(1,(2,(3,(4,(5,(6,(7,(8,(9,(10,(11,(12,(13,(14,15)16)17)18)19)20)21)22)23)24)25)26)27)28)29)30	174.10839467164942
16	1	((((0,1)2,(3,4)5)6,((7,8)9,(10,11)12)13)14,(((15,16)17,(18,19)20)21,((22,23)24,(25,26)27)28)29)30	87.55796790688368
16	2	((0,(1,(2,(((3,4)5,((6,7)8,(((9,10)11,(12,13)14)15,16)17)18)19,((20,21)22,23)24)25)26)27)28,29)30	146.91393613284433
16	3	((((0,1)2,3)4,((5,(6,((7,(8,9)10)11,12)13)14)15,(((16,17)18,19)20,21)22)23)24,((25,26)27,28)29)30	104.96765197475543
16	4	(((0,1)2,((((3,(4,((5,6)7,(8,9)10)11)12)13,14)15,(16,17)18)19,20)21)22,((23,(24,25)26)27,28)29)30	113.1261192972307
16	5	(((0,(((1,(2,3)4)5,6)7,8)9)10,(((11,((12,13)14,15)16)17,(((18,19)20,21)22,23)24)25,26)27)28,29)30	111.86037541688752
16	6	(((0,(1,2)3)4,(5,((6,7)8,9)10)11)12,(13,(14,(15,(16,((17,18)19,((20,21)22,23)24)25)26)27)28)29)30	99.65215763300259
16	7	(0,(1,(2,(3,(((4,(5,(6,(7,((8,((9,10)11,(12,13)14)15)16,17)18)19)20)21)22,23)24,25)26)27)28)29)30	173.59455890526985
16	8	(((0,1)2,((3,((4,((((5,(6,7)8)9,10)11,(12,13)14)15,16)17)18,19)20)21,22)23)24,((25,26)27,28)29)30	129.3012680396503
16	9	(0,((1,((2,((3,(4,5)6)7,(((((8,9)10,11)12,((13,14)15,16)17)18,19)20,21)22)23)24,25)26)27,28)29)30	156.19043998991452
16	10	((0,((1,((2,3)4,5)6)7,(((8,((((9,10)11,(12,13)14)15,16)17,(18,19)20)21)22,23)24,25)26)27)28,29)30	136.31649659090633
16	11	(((0,((((1,(2,3)4)5,6)7,(((8,((9,10)11,(12,13)14)15)16,17)18,(19,20)21)22)23,24)25)26,27)28,29)30	145.23973426767247
16	12	(0,(((((((1,2)3,(((((4,5)6,7)8,9)10,((11,12)13,14)15)16,17)18)19,20)21,22)23,24)25,26)27,28)29)30	162.37801937265974
16	13	((((0,(((1,(((2,3)4,(5,6)7)8,(9,10)11)12)13,14)15,16)17)18,(19,(20,21)22)23)24,(25,26)27)28,29)30	135.12533816722353
16	14	((((0,(1,2)3)4,5)6,7)8,(9,((((10,11)12,((13,(((14,15)16,17)18,19)20)21,22)23)24,25)26,27)28)29)30	114.13452999693494
16	15	(0,(1,((2,(((3,4)5,6)7,((((8,9)10,(11,12)13)14,(15,(16,(17,18)19)20)21)22,23)24)25)26,27)28)29)30	147.7703736090604
16	16	(0,((1,2)3,((4,(5,(((6,(7,8)9)10,(11,12)13)14,15)16)17)18,(19,((20,(21,22)23)24,25)26)27)28)29)30	123.15746191971611
16	17	((0,(1,(2,3)4)5)6,(((7,8)9,((((10,(11,(12,(13,14)15)16)17)18,19)20,21)22,23)24)25,(26,27)28)29)30	112.24059061926988
16	18	(0,(1,((2,((((((3,(4,((5,6)7,8)9)10)11,(12,13)14)15,16)17,18)19,(20,21)22)23,24)25)26,27)28)29)30	162.39590222589888
16	19	(((0,(((1,(((2,3)4,5)6,(7,8)9)10)11,(12,((13,(14,15)16)17,(18,19)20)21)22)23,24)25)26,27)28,29)30	142.76825946538528
16	20	(0,((1,(2,3)4)5,((6,7)8,(((9,10)11,12)13,(14,(((((15,16)17,18)19,20)21,22)23,24)25)26)27)28)29)30	123.67647299232166
16	21	((0,(1,((((2,3)4,(5,((6,(7,8)9)10,11)12)13)14,((15,16)17,18)19)20,21)22)23)24,((25,26)27,28)29)30	127.43167550296289
16	22	((0,1)2,(((3,((((4,5)6,7)8,9)10,(((11,12)13,14)15,16)17)18)19,(20,(21,(22,23)24)25)26)27,28)29)30	120.37390855417549
16	23	(0,((1,2)3,((4,(5,(6,(((7,8)9,10)11,((12,13)14,(15,16)17)18)19)20)21)22,(23,(24,25)26)27)28)29)30	132.48141918605614
16	24	((((((0,((((1,2)3,4)5,6)7,8)9)10,11)12,13)14,(((15,16)17,18)19,20)21)22,(23,24)25)26,(27,28)29)30	119.43465684360572
16	25	(0,(1,(((((2,3)4,(5,((6,7)8,((9,10)11,12)13)14)15)16,(17,18)19)20,(21,22)23)24,(25,26)27)28)29)30	138.36279878378022
16	26	(0,((((((1,(2,3)4)5,6)7,((((8,9)10,((11,12)13,14)15)16,17)18,19)20)21,22)23,(24,25)26)27,28)29)30	139.9150613812055
16	27	((((((0,((1,(2,((3,((4,5)6,(7,8)9)10)11,12)13)14)15,16)17)18,19)20,21)22,23)24,(25,26)27)28,29)30	159.04001300284824
16	28	((0,(1,((2,((((3,(4,5)6)7,((8,9)10,(11,12)13)14)15,16)17,18)19)20,(21,22)23)24)25)26,(27,28)29)30	142.50101509822076
16	29	(((((0,((1,2)3,4)5)6,((7,(8,9)10)11,(12,13)14)15)16,(17,18)19)20,(21,22)23)24,((25,26)27,28)29)30	109.39988520798926
16	30	((((0,1)2,(3,((4,5)6,(7,8)9)10)11)12,((13,14)15,(16,((17,18)19,(20,(21,22)23)24)25)26)27)28,29)30	108.4296170140848
16	31	(((0,1)2,3)4,(5,(((((6,7)8,9)10,11)12,(13,((14,((15,16)17,(18,19)20)21)22,23)24)25)26,27)28)29)30	122.13259584394162
16	32	(0,((1,2)3,((((4,5)6,(7,8)9)10,((11,12)13,(14,15)16)17)18,(19,((20,(21,22)23)24,25)26)27)28)29)30	116.47084868156728
16	33	((0,1)2,(3,((4,5)6,((7,(8,(((((9,10)11,12)13,14)15,(16,17)18)19,(20,21)22)23)24)25,26)27)28)29)30	139.7013751958444
16	34	(((0,(1,(2,3)4)5)6,((7,(8,(9,(10,((11,(12,13)14)15,16)17)18)19)20)21,22)23)24,(25,(26,27)28)29)30	112.87987987776886
16	35	((((((0,((1,2)3,4)5)6,(((7,8)9,10)11,(12,13)14)15)16,(17,((18,19)20,21)22)23)24,25)26,27)28,29)30	133.13273990018675
16	36	(0,(((((((((1,(2,3)4)5,((6,7)8,9)10)11,(12,13)14)15,(16,17)18)19,20)21,22)23,24)25,26)27,28)29)30	160.11886403523835
16	37	(0,(((((1,((2,(3,4)5)6,((7,(8,(9,10)11)12)13,14)15)16)17,18)19,20)21,22)23,((24,25)26,27)28)29)30	139.1999825338337
16	38	(0,((1,((2,(3,4)5)6,((7,8)9,(10,(11,12)13)14)15)16)17,(((18,19)20,(21,22)23)24,(25,26)27)28)29)30	110.06944713250726
16	39	((((0,1)2,(3,(4,5)6)7)8,9)10,(11,((12,(13,(14,15)16)17)18,((19,(20,21)22)23,(24,25)26)27)28)29)30	96.26534445766619
16	40	(0,((((1,2)3,(((4,5)6,7)8,((9,(10,((11,12)13,14)15)16)17,(18,19)20)21)22)23,(24,25)26)27,28)29)30	135.6555321935189
16	41	(0,(((((((1,2)3,4)5,6)7,((8,(9,(10,11)12)13)14,(15,16)17)18)19,(20,21)22)23,24)25,(26,27)28)29)30	131.84719419517768
16	42	(((0,(1,2)3)4,(5,6)7)8,((9,(((10,((11,((12,13)14,(15,16)17)18)19,20)21)22,23)24,25)26)27,28)29)30	118.01411260277888
16	43	((((0,1)2,3)4,5)6,((7,(8,(9,((10,((11,12)13,(14,15)16)17)18,(19,(20,21)22)23)24)25)26)27,28)29)30	122.26464841746582
16	44	(0,(((((((1,2)3,(4,(5,6)7)8)9,(10,11)12)13,14)15,16)17,(((18,19)20,21)22,23)24)25,(26,27)28)29)30	125.60238832887312
16	45	(((((0,1)2,3)4,(5,6)7)8,9)10,(((((11,12)13,(14,15)16)17,18)19,(20,21)22)23,(24,(25,26)27)28)29)30	93.27165152735223
16	46	((((((0,1)2,3)4,(((5,6)7,8)9,10)11)12,((13,14)15,16)17)18,((19,20)21,22)23)24,(25,(26,27)28)29)30	103.6994215515402
16	47	((0,1)2,((((3,4)5,(6,7)8)9,10)11,((12,((13,((14,((15,16)17,18)19)20,21)22)23,24)25)26,27)28)29)30	115.2983025219348
16	48	(((0,((1,(((2,3)4,5)6,((((7,8)9,10)11,((12,13)14,(15,16)17)18)19,20)21)22)23,24)25)26,27)28,29)30	153.9214169478517
16	49	(((0,1)2,((((3,4)5,(6,7)8)9,10)11,(12,(13,(((14,15)16,17)18,((19,20)21,22)23)24)25)26)27)28,29)30	121.3909511295336
16	50	((((0,((1,(2,3)4)5,6)7)8,9)10,((11,12)13,(14,((15,16)17,(18,(19,(20,21)22)23)24)25)26)27)28,29)30	112.04000041077516
16	51	(0,(1,(((2,(((3,4)5,(6,(((7,(8,9)10)11,12)13,14)15)16)17,18)19)20,21)22,((23,24)25,26)27)28)29)30	145.0721735696173
16	52	(0,(((1,(2,3)4)5,((6,7)8,((9,10)11,12)13)14)15,((16,17)18,(19,(20,((21,22)23,24)25)26)27)28)29)30	106.71233832974906
16	53	(0,(1,((2,(3,((4,5)6,7)8)9)10,((11,12)13,(14,(15,(16,(((17,18)19,20)21,22)23)24)25)26)27)28)29)30	127.43644527249155
16	54	(0,((((((1,((2,(3,4)5)6,(((7,8)9,10)11,12)13)14)15,16)17,18)19,((20,21)22,23)24)25,26)27,28)29)30	147.9279571195859
16	55	((0,(((1,(2,3)4)5,(6,7)8)9,((10,((11,((12,13)14,15)16)17,(18,(19,20)21)22)23)24,25)26)27)28,29)30	127.569405360484
16	56	((0,(1,2)3)4,((5,6)7,((((8,((9,(10,11)12)13,((14,15)16,(17,18)19)20)21)22,23)24,25)26,27)28)29)30	125.9353869481152
16	57	((((((0,1)2,3)4,5)6,(7,8)9)10,11)12,(((13,(14,(15,((16,(17,18)19)20,21)22)23)24)25,26)27,28)29)30	102.19158601640827
16	58	(((0,(1,2)3)4,(5,6)7)8,(((((9,10)11,(12,13)14)15,((16,17)18,19)20)21,(22,(23,24)25)26)27,28)29)30	100.15242193454135
16	59	(((((0,((1,2)3,4)5)6,(7,8)9)10,11)12,((13,(14,15)16)17,((18,19)20,((21,22)23,24)25)26)27)28,29)30	107.5031569805988
16	60	(0,(((((1,((2,3)4,5)6)7,8)9,(10,(11,(((12,13)14,(15,16)17)18,19)20)21)22)23,24)25,(26,27)28)29)30	130.38258692308884
16	61	(((0,(1,(2,(3,(4,(5,6)7)8)9)10)11)12,(13,14)15)16,((17,(18,(((19,20)21,22)23,24)25)26)27,28)29)30	98.22000141962
16	62	((((0,((1,2)3,(4,(((5,(6,(((7,8)9,10)11,12)13)14)15,16)17,18)19)20)21)22,23)24,25)26,(27,28)29)30	149.42578371987946
16	63	((((0,1)2,((((3,4)5,6)7,(8,((9,10)11,((12,13)14,(15,16)17)18)19)20)21,22)23)24,25)26,(27,28)29)30	131.10627727921414
16	64	((0,((1,(2,(3,4)5)6)7,(8,9)10)11)12,(13,((((14,((15,16)17,18)19)20,21)22,23)24,(25,26)27)28)29)30	98.06132831031125
16	65	((0,1)2,((3,(4,((5,6)7,8)9)10)11,((12,(13,14)15)16,((17,18)19,((20,21)22,(23,24)25)26)27)28)29)30	104.088983752455
16	66	((0,((((1,((2,(3,(4,5)6)7)8,9)10)11,12)13,((14,15)16,((17,18)19,20)21)22)23,(24,25)26)27)28,29)30	131.80452701006024
16	67	((0,((1,2)3,(4,(((5,(((6,7)8,((9,10)11,12)13)14,15)16)17,(18,(19,20)21)22)23,24)25)26)27)28,29)30	147.40111112692355
16	68	(0,(1,(2,(3,(4,(((5,6)7,((8,(((9,10)11,12)13,14)15)16,17)18)19,(20,(21,22)23)24)25)26)27)28)29)30	154.731611802619
16	69	((0,(1,((((2,3)4,5)6,(7,8)9)10,((((11,(12,13)14)15,16)17,18)19,20)21)22)23)24,(25,(26,27)28)29)30	119.18519598459403
16	70	(0,((1,2)3,(4,(5,(((6,7)8,9)10,(11,((12,(13,(((14,15)16,17)18,19)20)21)22,23)24)25)26)27)28)29)30	144.01560981236423
16	71	(((0,(((((1,2)3,(4,(5,6)7)8)9,((10,11)12,(13,14)15)16)17,((18,19)20,21)22)23,24)25)26,27)28,29)30	143.38389456555092
16	72	((0,((((((1,(2,3)4)5,(6,7)8)9,(10,11)12)13,(14,(((15,16)17,18)19,20)21)22)23,24)25,26)27)28,29)30	142.25431331673127
16	73	((((0,1)2,3)4,5)6,(((7,8)9,10)11,((12,((13,14)15,((16,17)18,19)20)21)22,((23,24)25,26)27)28)29)30	99.94014383707301
16	74	((0,((1,((2,(3,(((4,5)6,(7,((8,9)10,(11,12)13)14)15)16,(17,18)19)20)21)22,23)24)25,26)27)28,29)30	164.87999176447914
16	75	(0,((1,((2,(((3,(4,5)6)7,((8,9)10,11)12)13,(14,15)16)17)18,(19,((20,21)22,23)24)25)26)27,28)29)30	138.17616784312236
16	76	(((((0,1)2,((((3,4)5,((6,(7,((8,9)10,11)12)13)14,15)16)17,18)19,(20,21)22)23)24,25)26,27)28,29)30	149.6125323613197
16	77	(0,((((1,((2,3)4,(((5,(6,7)8)9,((10,11)12,13)14)15,(16,17)18)19)20)21,22)23,24)25,(26,27)28)29)30	145.26451026229554
16	78	(((0,1)2,(((((3,4)5,6)7,((8,(((9,10)11,12)13,(14,15)16)17)18,19)20)21,22)23,(24,25)26)27)28,29)30	134.06330384897382
16	79	(0,((1,(((2,3)4,5)6,7)8)9,(((10,((11,12)13,((14,(15,(16,17)18)19)20,21)22)23)24,25)26,27)28)29)30	122.58653293715697
16	80	(((0,((1,(2,3)4)5,6)7)8,((9,10)11,(12,13)14)15)16,(17,(((18,19)20,21)22,((23,24)25,26)27)28)29)30	90.92284229807815
16	81	((0,(((((1,(2,((3,4)5,(6,7)8)9)10)11,12)13,(14,15)16)17,(18,(19,20)21)22)23,24)25)26,(27,28)29)30	133.22547461143932
16	82	((((((0,1)2,3)4,(5,((6,(((7,8)9,10)11,12)13)14,15)16)17)18,19)20,((21,(22,23)24)25,26)27)28,29)30	122.52524956137158
16	83	((0,((1,((2,3)4,((((5,(6,(((7,8)9,10)11,12)13)14)15,16)17,18)19,(20,21)22)23)24)25,26)27)28,29)30	156.95306913678542
16	84	(((0,1)2,(3,4)5)6,(7,(((((8,(9,(10,11)12)13)14,15)16,(17,(18,19)20)21)22,23)24,(25,26)27)28)29)30	113.65038704700991
16	85	(0,(((1,2)3,(((((4,5)6,7)8,((9,10)11,(12,13)14)15)16,(17,(18,19)20)21)22,23)24)25,(26,27)28)29)30	130.2848491310571
16	86	(((0,(1,2)3)4,(5,6)7)8,((((((9,10)11,(((12,13)14,15)16,17)18)19,20)21,(22,23)24)25,26)27,28)29)30	110.16026673293435
16	87	((0,(1,((2,3)4,5)6)7)8,(9,(((((10,11)12,(((13,14)15,16)17,(18,19)20)21)22,23)24,25)26,27)28)29)30	114.12568623929802
16	88	((0,(((1,((2,3)4,(5,6)7)8)9,10)11,(((12,(13,(14,(15,16)17)18)19)20,21)22,(23,24)25)26)27)28,29)30	124.08948039991051
16	89	((((0,1)2,3)4,((5,((6,(((7,8)9,(10,11)12)13,14)15)16,(17,(18,19)20)21)22)23,24)25)26,(27,28)29)30	122.57323114333408
16	90	(((0,1)2,(3,4)5)6,(((7,((8,((((9,10)11,12)13,14)15,(16,17)18)19)20,21)22)23,24)25,(26,27)28)29)30	117.35167467292771
16	91	(0,(1,(((2,((3,(4,5)6)7,8)9)10,(11,12)13)14,(15,((((16,17)18,19)20,21)22,(23,24)25)26)27)28)29)30	122.56371437182568
16	92	((0,(((1,2)3,(((((4,5)6,(7,((8,(9,(10,11)12)13)14,15)16)17)18,19)20,21)22,23)24)25,26)27)28,29)30	158.07930171257942
16	93	(((((((0,1)2,3)4,5)6,((((7,8)9,(10,11)12)13,14)15,16)17)18,(19,(20,21)22)23)24,25)26,(27,28)29)30	120.04896883222914
16	94	(0,(((1,((2,3)4,5)6)7,((8,(9,10)11)12,(13,(14,(15,((16,17)18,(19,20)21)22)23)24)25)26)27,28)29)30	127.51724660348172
16	95	((0,1)2,((3,((4,(5,(6,((7,8)9,10)11)12)13)14,(15,((16,17)18,19)20)21)22)23,((24,25)26,27)28)29)30	116.89913820330904
16	96	(((0,(1,2)3)4,(5,((6,7)8,(9,(10,(((11,(((12,13)14,15)16,17)18)19,20)21,22)23)24)25)26)27)28,29)30	137.66206150925564
16	97	((0,(1,(2,(((3,((4,((5,((6,7)8,9)10)11,(12,(13,14)15)16)17)18,19)20)21,22)23,24)25)26)27)28,29)30	169.366463693962
16	98	((((0,1)2,(((((3,4)5,6)7,8)9,(10,(11,12)13)14)15,(16,(17,18)19)20)21)22,23)24,((25,26)27,28)29)30	115.4637330746772
16	99	(((0,1)2,((3,4)5,(((((6,(7,(8,(9,10)11)12)13)14,15)16,17)18,19)20,((21,22)23,24)25)26)27)28,29)30	132.2919115007053
