#size_tree	tree_index	tree	growth factor
18	0	(0,(1,(2,(3,(4,(5,(6,(7,(8,(9,(10,(11,(12,(13,(14,(15,(16,17)18)19)20)21)22)23)24)25)26)27)28)29)30)31)32)33)34	211.33314876437896
18	1	((((0,1)2,(3,4)5)6,((7,8)9,(10,(11,12)13)14)15)16,(((17,18)19,(20,21)22)23,((24,25)26,(27,(28,29)30)31)32)33)34	99.07731432091012
18	2	(0,(1,((2,(3,4)5)6,(((7,8)9,((10,(11,((12,(13,14)15)16,((17,18)19,(20,21)22)23)24)25)26,27)28)29,30)31)32)33)34	168.16028845892743
18	3	(0,((((1,2)3,(4,((((((5,6)7,8)9,10)11,((12,13)14,(15,(16,(17,18)19)20)21)22)23,24)25,26)27)28)29,30)31,32)33)34	181.66943300008745
18	4	((0,(1,(2,((((3,((4,5)6,((7,8)9,(10,(((11,12)13,(14,15)16)17,18)19)20)21)22)23,24)25,26)27,28)29)30)31)32,33)34	200.5290309990452
18	5	(0,((1,(2,((((3,4)5,(6,7)8)9,10)11,12)13)14)15,(((16,(17,18)19)20,21)22,(23,((24,25)26,(27,28)29)30)31)32)33)34	124.94318668383248
18	6	(0,(((1,(2,(3,4)5)6)7,((8,(9,10)11)12,13)14)15,(16,((((17,18)19,(20,21)22)23,24)25,((26,27)28,29)30)31)32)33)34	123.14215583182569
18	7	(((0,(1,2)3)4,(5,(6,((7,8)9,((10,(11,12)13)14,(15,((((16,17)18,19)20,21)22,23)24)25)26)27)28)29)30,(31,32)33)34	146.88538420391285
18	8	((0,((1,2)3,((((4,5)6,7)8,9)10,11)12)13)14,(15,(16,(((((17,18)19,20)21,22)23,24)25,(26,(27,28)29)30)31)32)33)34	111.93668387729682
18	9	(0,((1,(2,3)4)5,((6,(((((7,(8,9)10)11,12)13,(14,(15,16)17)18)19,(20,(21,22)23)24)25,(26,27)28)29)30,31)32)33)34	154.43077635456345
18	10	(0,(((1,((2,(3,4)5)6,7)8)9,((((10,11)12,((13,14)15,16)17)18,19)20,(((21,(22,23)24)25,26)27,28)29)30)31,32)33)34	140.26245824577975
18	11	((0,((1,(((2,3)4,((((5,6)7,8)9,10)11,(12,13)14)15)16,(17,18)19)20)21,(((22,23)24,(25,26)27)28,29)30)31)32,33)34	148.4185071266587
18	12	(((0,((1,(2,(((3,4)5,((6,7)8,9)10)11,12)13)14)15,16)17)18,(((19,(20,21)22)23,(24,(25,26)27)28)29,30)31)32,33)34	134.95596726283654
18	13	(0,(1,(((2,3)4,((((5,6)7,(8,(9,((10,(11,12)13)14,15)16)17)18)19,(((20,21)22,23)24,25)26)27,28)29)30,31)32)33)34	171.50872430414398
18	14	(((0,1)2,(3,((4,5)6,((((7,8)9,((((10,11)12,13)14,15)16,17)18)19,20)21,22)23)24)25)26,(27,((28,29)30,31)32)33)34	137.20006186179867
18	15	(((((0,1)2,(3,(((4,(5,(6,((7,((8,9)10,(11,12)13)14)15,16)17)18)19)20,(21,22)23)24,25)26)27)28,29)30,31)32,33)34	189.09424754056667
18	16	((0,1)2,(3,(((((((((4,(5,(6,7)8)9)10,((11,(12,13)14)15,16)17)18,19)20,21)22,23)24,25)26,27)28,29)30,31)32)33)34	186.26092944597664
18	17	((0,(((1,2)3,4)5,6)7)8,(((9,10)11,((12,(13,14)15)16,((((17,(18,(19,20)21)22)23,24)25,26)27,28)29)30)31,32)33)34	125.78051723392235
18	18	(((((0,(1,(((2,3)4,5)6,7)8)9)10,11)12,(13,(((((14,(15,16)17)18,19)20,21)22,23)24,25)26)27)28,(29,30)31)32,33)34	140.88761234702986
18	19	((((0,(1,((2,((3,4)5,(((6,7)8,9)10,((11,(12,13)14)15,16)17)18)19)20,(21,22)23)24)25)26,27)28,(29,30)31)32,33)34	175.84098883162005
18	20	(0,(1,((2,(3,(4,((((5,6)7,8)9,((10,11)12,13)14)15,16)17)18)19)20,((21,(22,(23,24)25)26)27,(28,29)30)31)32)33)34	149.5411502884977
18	21	(0,((1,((((2,3)4,(((5,6)7,(8,(9,10)11)12)13,(14,(15,((16,17)18,19)20)21)22)23)24,(25,26)27)28,29)30)31,32)33)34	174.15169567016483
18	22	(((((0,1)2,((3,((4,5)6,(7,8)9)10)11,12)13)14,((15,((16,17)18,19)20)21,(22,23)24)25)26,27)28,((29,30)31,32)33)34	127.49726652480935
18	23	((((0,1)2,(((3,((4,((5,6)7,((((8,9)10,11)12,(13,14)15)16,17)18)19)20,21)22)23,24)25,26)27)28,29)30,(31,32)33)34	174.32071959622556
18	24	(0,((((((1,2)3,4)5,6)7,(8,9)10)11,(12,13)14)15,((16,(17,(18,(19,20)21)22)23)24,(25,(26,(27,28)29)30)31)32)33)34	121.12884542151518
18	25	(((0,1)2,(3,4)5)6,((7,(((8,9)10,11)12,((13,(14,((15,(16,17)18)19,((20,21)22,23)24)25)26)27,28)29)30)31,32)33)34	140.8393301995428
18	26	((((0,1)2,(3,((4,5)6,7)8)9)10,11)12,((13,14)15,(((16,17)18,(19,((((20,21)22,23)24,25)26,27)28)29)30,31)32)33)34	113.30229217058583
18	27	(((0,(1,2)3)4,((5,(6,(7,(((8,9)10,((11,(12,13)14)15,16)17)18,(19,20)21)22)23)24)25,(26,(27,28)29)30)31)32,33)34	150.17550145295573
18	28	((0,(1,2)3)4,((((((5,((6,7)8,9)10)11,12)13,(14,15)16)17,(18,(19,20)21)22)23,24)25,(((26,27)28,29)30,31)32)33)34	124.58134556777033
18	29	(((0,(1,(((2,3)4,(5,6)7)8,((9,10)11,12)13)14)15)16,(17,(((18,19)20,((21,22)23,(24,25)26)27)28,29)30)31)32,33)34	128.13894066691168
18	30	(0,(((1,(2,3)4)5,(6,(7,8)9)10)11,(((12,13)14,15)16,((17,18)19,(20,((21,(22,(23,24)25)26)27,28)29)30)31)32)33)34	125.84799128830255
18	31	((0,(((((1,(2,(3,(4,((5,6)7,(8,9)10)11)12)13)14)15,16)17,((18,19)20,21)22)23,24)25,26)27)28,(29,(30,31)32)33)34	158.78778206817074
18	32	((0,(((((1,(((2,3)4,(5,6)7)8,((9,10)11,12)13)14)15,((16,(17,18)19)20,21)22)23,24)25,(26,27)28)29,30)31)32,33)34	170.8083070549172
18	33	(0,(((((1,(((2,3)4,5)6,7)8)9,10)11,(((12,13)14,((15,(16,17)18)19,(20,21)22)23)24,25)26)27,(28,29)30)31,32)33)34	150.62557139977804
18	34	((((0,(1,(2,(3,(4,5)6)7)8)9)10,(11,12)13)14,(((((15,16)17,(18,19)20)21,22)23,(24,25)26)27,28)29)30,(31,32)33)34	120.95527313058876
18	35	(0,(((1,(2,((((3,4)5,6)7,8)9,(((10,(11,12)13)14,15)16,((17,18)19,20)21)22)23)24)25,((26,27)28,29)30)31,32)33)34	160.1606138665756
18	36	((0,1)2,(((3,((4,(((5,6)7,8)9,((((10,(11,12)13)14,15)16,17)18,19)20)21)22,23)24)25,(26,27)28)29,(30,31)32)33)34	156.35368002130704
18	37	((((((((0,1)2,3)4,5)6,7)8,(9,(10,11)12)13)14,15)16,((((17,18)19,20)21,22)23,(24,25)26)27)28,(29,(30,31)32)33)34	117.0070157159509
18	38	((((((0,1)2,3)4,5)6,7)8,9)10,(((((11,((12,(13,14)15)16,(17,18)19)20)21,22)23,24)25,(26,(27,28)29)30)31,32)33)34	119.73813507718408
18	39	((((0,1)2,(3,(((4,(5,6)7)8,(9,10)11)12,(13,(14,15)16)17)18)19)20,((21,22)23,24)25)26,((27,28)29,(30,31)32)33)34	121.24522448083364
18	40	(((0,((1,(((((2,(3,(4,(5,(6,7)8)9)10)11)12,(13,(14,15)16)17)18,(19,20)21)22,23)24,25)26)27,28)29)30,31)32,33)34	194.96215497332716
18	41	(0,((1,((((2,3)4,((((5,6)7,8)9,(10,(11,(12,13)14)15)16)17,18)19)20,21)22,((23,24)25,(26,27)28)29)30)31,32)33)34	164.44365725069576
18	42	(((0,(1,(2,((3,4)5,((6,((7,8)9,((10,11)12,13)14)15)16,17)18)19)20)21)22,((23,24)25,((26,27)28,29)30)31)32,33)34	147.16171502497804
18	43	((0,(((1,((2,3)4,((5,6)7,8)9)10)11,12)13,(14,((((15,(16,(17,18)19)20)21,22)23,24)25,26)27)28)29)30,(31,32)33)34	138.28974104421113
18	44	((0,(1,(((2,3)4,((5,6)7,(8,((9,10)11,((12,((13,14)15,16)17)18,19)20)21)22)23)24,((25,26)27,28)29)30)31)32,33)34	166.99012563963836
18	45	(((0,((((1,((((2,3)4,5)6,(7,(8,((9,10)11,12)13)14)15)16,(17,18)19)20)21,22)23,24)25,(26,27)28)29)30,31)32,33)34	184.75527805562288
18	46	(((0,1)2,(3,((((((4,5)6,7)8,9)10,((((11,(12,13)14)15,(16,(17,18)19)20)21,22)23,24)25)26,27)28,29)30)31)32,33)34	169.61356433159267
18	47	((((0,(((1,2)3,(4,(5,(6,7)8)9)10)11,12)13)14,(15,16)17)18,(19,20)21)22,(23,(24,((25,26)27,(28,29)30)31)32)33)34	117.01815836015786
18	48	(0,((1,(((2,3)4,((5,(6,(7,8)9)10)11,((12,(13,((14,15)16,17)18)19)20,21)22)23)24,25)26)27,((28,29)30,31)32)33)34	155.6056269557618
18	49	(0,((1,2)3,(((((4,5)6,(7,(8,9)10)11)12,(13,((14,15)16,17)18)19)20,(21,22)23)24,((25,(26,27)28)29,30)31)32)33)34	139.18377757285577
18	50	((0,1)2,((3,((((4,5)6,7)8,((9,10)11,((12,((13,14)15,(16,17)18)19)20,21)22)23)24,(25,(26,27)28)29)30)31,32)33)34	151.8238207497654
18	51	((((0,1)2,(3,(4,5)6)7)8,9)10,(((11,((12,13)14,15)16)17,((18,((19,20)21,22)23)24,(25,26)27)28)29,(30,31)32)33)34	109.14093374432889
18	52	(0,((1,(((2,(((3,4)5,(((6,7)8,9)10,11)12)13,(14,(15,16)17)18)19)20,(21,22)23)24,(25,26)27)28)29,(30,31)32)33)34	162.32062897905752
18	53	(0,(((((((1,2)3,4)5,(((6,(7,(8,(9,10)11)12)13)14,(((15,16)17,18)19,20)21)22,23)24)25,26)27,28)29,30)31,32)33)34	181.41693881971923
18	54	((((0,1)2,(3,((4,((5,(6,7)8)9,10)11)12,((13,14)15,16)17)18)19)20,((21,(22,23)24)25,26)27)28,(29,(30,31)32)33)34	124.41406027138831
18	55	((((0,(1,2)3)4,((5,6)7,8)9)10,(11,((12,((13,(14,15)16)17,((18,(19,20)21)22,23)24)25)26,27)28)29)30,(31,32)33)34	127.9033948969477
18	56	(0,(((1,((2,3)4,(5,(6,7)8)9)10)11,(12,(13,((14,((15,(16,17)18)19,20)21)22,(23,(24,25)26)27)28)29)30)31,32)33)34	146.42324802218414
18	57	((((0,1)2,3)4,(5,6)7)8,((9,10)11,(12,((13,((((((14,15)16,17)18,19)20,(21,22)23)24,25)26,27)28)29,30)31)32)33)34	134.0393170932071
18	58	(((0,(1,(2,((3,(4,(5,((6,((7,8)9,10)11)12,13)14)15)16)17,((18,19)20,(21,(22,23)24)25)26)27)28)29)30,31)32,33)34	179.0069457803411
18	59	((0,((((((((1,2)3,4)5,((6,(7,8)9)10,(11,12)13)14)15,16)17,18)19,20)21,22)23,(24,(25,26)27)28)29)30,(31,32)33)34	159.41146408630587
18	60	(((0,1)2,(3,(4,5)6)7)8,((9,10)11,(((12,(((13,(14,15)16)17,(18,(19,20)21)22)23,24)25)26,(27,28)29)30,31)32)33)34	126.31486343829721
18	61	((((0,(((1,2)3,(((4,5)6,7)8,(9,10)11)12)13,((14,15)16,(17,((18,(19,20)21)22,23)24)25)26)27)28,29)30,31)32,33)34	162.99357290091965
18	62	(((((0,1)2,((3,((4,5)6,7)8)9,(10,11)12)13)14,(15,(16,17)18)19)20,(21,22)23)24,(25,((26,27)28,(29,30)31)32)33)34	115.3961861106256
18	63	((((((((0,1)2,(3,(4,5)6)7)8,9)10,11)12,((13,14)15,((16,(17,(18,(19,20)21)22)23)24,25)26)27)28,29)30,31)32,33)34	154.57886630399207
18	64	((0,((1,((2,(((3,4)5,((6,7)8,9)10)11,(12,(13,((14,(15,(16,17)18)19)20,21)22)23)24)25)26,27)28)29,30)31)32,33)34	184.87500947121447
18	65	(0,(1,(((2,((((3,((4,(5,((6,(7,(8,9)10)11)12,13)14)15)16,17)18)19,20)21,22)23,(24,25)26)27)28,29)30,31)32)33)34	200.45069574969708
18	66	(0,(((1,2)3,(((4,5)6,(7,8)9)10,(11,(((12,((13,(14,15)16)17,18)19)20,21)22,23)24)25)26)27,(28,(29,30)31)32)33)34	143.771938611976
18	67	(((((((((0,1)2,(3,4)5)6,7)8,(9,10)11)12,13)14,((((15,16)17,18)19,20)21,22)23)24,(25,(26,27)28)29)30,31)32,33)34	147.58338135875712
18	68	((0,((1,((2,(((3,(((((4,(5,6)7)8,9)10,11)12,13)14,15)16)17,(18,19)20)21,22)23)24,25)26)27,(28,29)30)31)32,33)34	189.5034957709838
18	69	((((((0,(1,2)3)4,5)6,(7,8)9)10,11)12,13)14,((((15,(16,17)18)19,((20,21)22,(23,24)25)26)27,(28,29)30)31,32)33)34	109.54989689314851
18	70	(0,((1,(2,((((3,(4,(5,(6,7)8)9)10)11,(12,13)14)15,16)17,(18,(19,((20,(21,22)23)24,25)26)27)28)29)30)31,32)33)34	167.17314619116755
18	71	((0,1)2,(((3,4)5,(((6,7)8,(((9,(10,(11,(12,13)14)15)16)17,18)19,(20,21)22)23)24,25)26)27,((28,29)30,31)32)33)34	142.06731174646384
18	72	(((0,1)2,3)4,(((5,(6,(((7,8)9,(((10,11)12,(13,14)15)16,17)18)19,20)21)22)23,((24,25)26,(27,28)29)30)31,32)33)34	140.3029649532323
18	73	(((((0,((1,((((2,3)4,5)6,7)8,(9,(10,11)12)13)14)15,16)17)18,19)20,(21,22)23)24,((25,(26,27)28)29,30)31)32,33)34	150.33653959934378
18	74	((0,((1,2)3,(4,5)6)7)8,(9,(10,(11,(12,((13,14)15,(16,(17,((18,19)20,(21,(22,23)24)25)26)27)28)29)30)31)32)33)34	140.8594272829392
18	75	((((((((0,1)2,3)4,((5,6)7,8)9)10,(11,((12,13)14,15)16)17)18,19)20,((21,22)23,(24,25)26)27)28,29)30,(31,32)33)34	139.74533832368712
18	76	(0,((1,(2,(3,(4,(5,(((6,7)8,9)10,(11,12)13)14)15)16)17)18)19,(20,((21,22)23,(24,(25,(26,27)28)29)30)31)32)33)34	135.2813416647988
18	77	((((((0,1)2,3)4,5)6,7)8,((((9,10)11,(12,(13,14)15)16)17,(18,((((19,20)21,22)23,24)25,26)27)28)29,30)31)32,33)34	132.6515102981057
18	78	(((0,((((((1,2)3,4)5,((6,((7,(8,9)10)11,12)13)14,15)16)17,18)19,20)21,(((22,23)24,25)26,27)28)29)30,31)32,33)34	166.6210318316716
18	79	((0,((1,((((2,(3,((4,((5,6)7,8)9)10,11)12)13)14,(15,((16,(17,18)19)20,21)22)23)24,25)26,27)28)29,30)31)32,33)34	185.6843760210793
18	80	(0,((((((1,2)3,(4,(5,6)7)8)9,10)11,(12,(13,(14,15)16)17)18)19,(20,(((21,(22,23)24)25,26)27,28)29)30)31,32)33)34	139.33432282448274
18	81	((0,((((1,((((2,3)4,5)6,7)8,(((9,10)11,12)13,14)15)16)17,(((18,19)20,21)22,23)24)25,26)27,28)29)30,(31,32)33)34	159.1237130214548
18	82	((((0,1)2,3)4,(5,6)7)8,((9,((10,(11,((12,13)14,15)16)17)18,((19,(((20,21)22,23)24,25)26)27,28)29)30)31,32)33)34	125.52025952174023
18	83	(0,(1,(((2,3)4,(5,((6,(7,(8,(((9,10)11,(12,(13,14)15)16)17,18)19)20)21)22,(23,(24,25)26)27)28)29)30,31)32)33)34	179.53596391700202
18	84	(0,(1,((((((2,(((3,((4,5)6,7)8)9,(10,11)12)13,14)15)16,17)18,19)20,21)22,23)24,(((25,26)27,28)29,30)31)32)33)34	168.473179238393
18	85	((0,(((1,(2,((3,4)5,(6,7)8)9)10)11,12)13,14)15)16,(17,((((18,((19,20)21,(22,23)24)25)26,27)28,29)30,31)32)33)34	116.41074524088512
18	86	((0,(1,((2,3)4,(((5,6)7,(8,((9,(10,11)12)13,14)15)16)17,18)19)20)21)22,((23,((24,(25,26)27)28,29)30)31,32)33)34	125.69152286046256
18	87	((0,(((1,(2,((3,4)5,(6,7)8)9)10)11,((((12,13)14,15)16,17)18,19)20)21,((22,(23,(24,25)26)27)28,29)30)31)32,33)34	140.76056161296142
18	88	((((0,(((1,(2,3)4)5,6)7,(((8,(((9,10)11,12)13,14)15)16,17)18,19)20)21)22,(23,24)25)26,27)28,(29,(30,31)32)33)34	145.0517391047555
18	89	((0,(1,2)3)4,(5,(6,(((7,8)9,10)11,(((12,13)14,15)16,(((17,((18,19)20,21)22)23,24)25,(26,27)28)29)30)31)32)33)34	141.90641358769562
18	90	(0,((((1,2)3,(((4,5)6,7)8,(9,((((10,(11,12)13)14,15)16,(17,18)19)20,(21,22)23)24)25)26)27,28)29,(30,31)32)33)34	159.52446748251464
18	91	(0,((1,2)3,(((4,5)6,(((7,8)9,((10,11)12,13)14)15,(((16,(17,18)19)20,21)22,23)24)25)26,((27,28)29,30)31)32)33)34	143.14011472708515
18	92	((0,((((1,2)3,(((4,(5,((((6,(7,8)9)10,11)12,13)14,(15,16)17)18)19)20,21)22,23)24)25,26)27,28)29)30,(31,32)33)34	179.5550192684035
18	93	(0,(1,(((2,3)4,5)6,(((((7,((((8,9)10,11)12,13)14,15)16)17,((18,19)20,21)22)23,24)25,(26,27)28)29,30)31)32)33)34	164.25534938221188
18	94	((0,(1,2)3)4,(5,(6,((7,8)9,(((10,(((11,(((12,13)14,15)16,17)18)19,(20,21)22)23,24)25)26,27)28,29)30)31)32)33)34	162.66579350945062
18	95	(((0,(1,((2,(3,(4,5)6)7)8,((9,(10,(11,(((12,13)14,15)16,(17,18)19)20)21)22)23,24)25)26)27)28,29)30,(31,32)33)34	164.9312493110153
18	96	(((0,(1,2)3)4,((5,6)7,((((8,(9,(10,11)12)13)14,(15,16)17)18,(19,20)21)22,(23,24)25)26)27)28,((29,30)31,32)33)34	127.47321664039059
18	97	((0,(((1,((2,(3,((((4,5)6,7)8,(9,10)11)12,(13,14)15)16)17)18,(19,20)21)22)23,24)25,26)27)28,((29,30)31,32)33)34	164.59150583859585
18	98	((0,(((((1,(2,(3,4)5)6)7,8)9,(10,11)12)13,(14,(15,((16,17)18,19)20)21)22)23,(24,(25,(26,27)28)29)30)31)32,33)34	142.49028666408546
18	99	(0,((1,2)3,((4,(5,6)7)8,((9,(10,11)12)13,((((14,((15,(16,17)18)19,20)21)22,(23,24)25)26,27)28,29)30)31)32)33)34	148.611982673616
