#size_tree	tree_index	tree	growth factor
8	0	(0,(1,(2,(3,(4,(5,(6,7)8)9)10)11)12)13)14	59.31325605826187
8	1	(((0,1)2,(3,4)5)6,((7,8)9,(10,11)12)13)14	43.02457518155836
8	2	(0,((1,(((2,3)4,5)6,(7,8)9)10)11,12)13)14	57.08016576506526
8	3	((0,((1,2)3,4)5)6,((7,(8,9)10)11,12)13)14	44.52584910864141
8	4	((((0,1)2,3)4,(5,((6,7)8,9)10)11)12,13)14	50.653640556303955
8	5	(0,(1,((((2,(3,4)5)6,7)8,9)10,11)12)13)14	59.31325605826187
8	6	(0,((1,(2,3)4)5,((6,(7,8)9)10,11)12)13)14	50.65364055630395
8	7	(0,(((1,2)3,4)5,(6,((7,8)9,10)11)12)13)14	50.65364055630395
8	8	(0,((1,((2,3)4,5)6)7,((8,9)10,11)12)13)14	50.65364055630395
8	9	((((0,1)2,(3,(4,5)6)7)8,(9,10)11)12,13)14	51.50937439425628
8	10	((0,1)2,(3,((4,5)6,((7,8)9,10)11)12)13)14	49.40866337408624
8	11	(((0,1)2,3)4,((5,((6,7)8,9)10)11,12)13)14	46.45338083461383
8	12	(((0,(1,2)3)4,5)6,(7,((8,9)10,11)12)13)14	44.52584910864194
8	13	(0,(1,(2,((3,(4,(5,6)7)8)9,10)11)12)13)14	59.31325605826187
8	14	((((0,((1,2)3,4)5)6,7)8,9)10,(11,12)13)14	51.69861575004462
8	15	(((((0,1)2,3)4,5)6,(7,(8,9)10)11)12,13)14	50.65364055630395
8	16	(0,(1,((((2,3)4,(5,6)7)8,9)10,11)12)13)14	58.36467794787473
8	17	(0,((1,(2,3)4)5,((6,7)8,(9,10)11)12)13)14	49.823436497319236
8	18	((0,((1,2)3,((4,5)6,7)8)9)10,(11,12)13)14	49.408663374086224
8	19	(((0,((1,(2,3)4)5,(6,7)8)9)10,11)12,13)14	57.080165765065274
8	20	(0,(((1,2)3,4)5,(6,(7,(8,9)10)11)12)13)14	50.65364055630394
8	21	((0,1)2,(3,((((4,5)6,7)8,9)10,11)12)13)14	51.69861575004461
8	22	((((0,(1,2)3)4,5)6,7)8,((9,10)11,12)13)14	46.45338083461384
8	23	(0,(((1,2)3,4)5,(6,(7,(8,9)10)11)12)13)14	50.65364055630394
8	24	(((0,1)2,3)4,((5,6)7,(8,(9,10)11)12)13)14	44.31246951066763
8	25	(((0,((1,((2,3)4,5)6)7,8)9)10,11)12,13)14	59.31325605826187
8	26	(((0,(1,2)3)4,5)6,((7,8)9,(10,11)12)13)14	43.794462209695624
8	27	((((0,1)2,3)4,(5,((6,7)8,9)10)11)12,13)14	50.653640556303955
8	28	(((0,1)2,3)4,(((5,6)7,(8,9)10)11,12)13)14	45.53588527230126
8	29	(0,((1,((2,((3,4)5,6)7)8,9)10)11,12)13)14	59.31325605826187
8	30	(0,(1,(2,(3,((4,5)6,(7,8)9)10)11)12)13)14	58.36467794787473
8	31	((0,((1,2)3,((4,5)6,(7,8)9)10)11)12,13)14	54.6056527642111
8	32	(0,((1,2)3,(4,((5,6)7,(8,9)10)11)12)13)14	52.757933665616044
8	33	(((((0,(1,2)3)4,5)6,(7,8)9)10,11)12,13)14	55.50114203823663
8	34	(((0,1)2,((3,(4,(5,6)7)8)9,10)11)12,13)14	53.68511393458016
8	35	(((0,1)2,(((3,(4,5)6)7,8)9,10)11)12,13)14	53.68511393458016
8	36	(((((0,1)2,3)4,5)6,7)8,((9,10)11,12)13)14	46.45338083461385
8	37	(0,((1,((2,3)4,(5,6)7)8)9,(10,11)12)13)14	52.75793366561605
8	38	((0,1)2,((((3,(4,5)6)7,8)9,10)11,12)13)14	51.69861575004461
8	39	((0,1)2,((3,(4,5)6)7,(8,(9,10)11)12)13)14	46.45351089122387
8	40	(0,((((1,((2,3)4,5)6)7,8)9,10)11,12)13)14	59.313256058261885
8	41	((0,1)2,(3,(4,(5,(6,(7,8)9)10)11)12)13)14	51.69861575004462
8	42	((((0,1)2,3)4,5)6,(7,(8,(9,10)11)12)13)14	44.52584910864106
8	43	(0,(1,((2,3)4,(5,((6,7)8,9)10)11)12)13)14	55.50114203823663
8	44	((((0,(1,2)3)4,5)6,(7,8)9)10,(11,12)13)14	47.80137844810085
8	45	(((0,(1,(2,3)4)5)6,(7,8)9)10,(11,12)13)14	47.801378448100834
8	46	(((((0,1)2,3)4,5)6,7)8,((9,10)11,12)13)14	46.45338083461385
8	47	(0,((1,(((2,3)4,5)6,7)8)9,(10,11)12)13)14	53.68511393458016
8	48	((0,((1,((2,3)4,5)6)7,(8,9)10)11)12,13)14	55.50114203823663
8	49	(((0,((1,2)3,((4,5)6,7)8)9)10,11)12,13)14	57.080165765065246
8	50	((((0,1)2,3)4,(5,((6,7)8,9)10)11)12,13)14	50.653640556303955
8	51	(0,(1,(2,(((3,4)5,6)7,(8,9)10)11)12)13)14	57.080165765065274
8	52	(0,(((((1,(2,3)4)5,6)7,8)9,10)11,12)13)14	59.31325605826186
8	53	((((0,(1,(2,3)4)5)6,(7,8)9)10,11)12,13)14	55.50114203823663
8	54	((0,1)2,((3,4)5,((6,(7,8)9)10,11)12)13)14	47.801378448100806
8	55	(0,(((1,2)3,4)5,(((6,7)8,9)10,11)12)13)14	50.65364055630394
8	56	(0,(1,(2,(3,((4,(5,6)7)8,9)10)11)12)13)14	59.313256058261885
8	57	(0,((1,(2,(3,(4,(5,6)7)8)9)10)11,12)13)14	59.313256058261885
8	58	((0,1)2,(((3,4)5,(6,7)8)9,(10,11)12)13)14	46.89145309908706
8	59	((0,1)2,((3,(4,(5,6)7)8)9,(10,11)12)13)14	47.80137844810086
8	60	(((0,(1,2)3)4,5)6,(7,((8,9)10,11)12)13)14	44.52584910864194
8	61	(0,((1,2)3,(((4,5)6,(7,8)9)10,11)12)13)14	52.757933665616044
8	62	((0,1)2,(3,((((4,5)6,7)8,9)10,11)12)13)14	51.69861575004461
8	63	(0,(1,((2,(((3,4)5,6)7,8)9)10,11)12)13)14	59.31325605826187
8	64	(0,((1,2)3,(4,((5,(6,7)8)9,10)11)12)13)14	53.68511393458016
8	65	(((0,((1,2)3,4)5)6,((7,8)9,10)11)12,13)14	50.65364055630395
8	66	(((0,((1,2)3,4)5)6,7)8,((9,10)11,12)13)14	46.45338083461384
8	67	(0,(((1,(2,3)4)5,6)7,(8,(9,10)11)12)13)14	50.65364055630395
8	68	((0,(1,((2,3)4,(5,6)7)8)9)10,(11,12)13)14	50.723434119148806
8	69	((((0,1)2,3)4,((5,(6,7)8)9,10)11)12,13)14	50.65364055630394
8	70	((((0,(1,2)3)4,5)6,((7,8)9,10)11)12,13)14	50.653640556303955
8	71	(((0,((1,2)3,4)5)6,((7,8)9,10)11)12,13)14	50.65364055630395
8	72	((0,(1,2)3)4,((5,(6,(7,8)9)10)11,12)13)14	46.45338083461384
8	73	((0,(((((1,2)3,4)5,6)7,8)9,10)11)12,13)14	59.313256058261885
8	74	(((0,1)2,3)4,(5,((6,7)8,(9,10)11)12)13)14	45.535885272301265
8	75	(((((0,(1,2)3)4,5)6,7)8,(9,10)11)12,13)14	53.68511393458018
8	76	((0,1)2,((3,4)5,((6,7)8,(9,10)11)12)13)14	46.89145309908764
8	77	((0,1)2,((3,(4,5)6)7,(8,(9,10)11)12)13)14	46.45351089122387
8	78	(((0,((1,2)3,((4,5)6,7)8)9)10,11)12,13)14	57.080165765065246
8	79	((0,(((1,(2,3)4)5,6)7,8)9)10,(11,12)13)14	51.69861575004461
8	80	((0,1)2,((3,(4,5)6)7,((8,9)10,11)12)13)14	46.45351089122286
8	81	((0,((1,2)3,((4,5)6,7)8)9)10,(11,12)13)14	49.408663374086224
8	82	(((0,1)2,((3,(4,(5,6)7)8)9,10)11)12,13)14	53.68511393458016
8	83	(0,(1,(2,(((3,4)5,(6,7)8)9,10)11)12)13)14	58.364677947874746
8	84	((((0,1)2,((3,(4,5)6)7,8)9)10,11)12,13)14	55.50114203823663
8	85	(((0,(1,2)3)4,((5,6)7,(8,9)10)11)12,13)14	49.823436497321566
8	86	((((0,1)2,(3,4)5)6,7)8,((9,10)11,12)13)14	45.53588527230123
8	87	(0,((((1,(2,3)4)5,6)7,(8,9)10)11,12)13)14	55.50114203823663
8	88	((0,(1,(2,((3,(4,5)6)7,8)9)10)11)12,13)14	59.313256058261885
8	89	((((0,1)2,(3,4)5)6,((7,8)9,10)11)12,13)14	49.823436497321566
8	90	(0,(((1,2)3,4)5,(6,((7,8)9,10)11)12)13)14	50.65364055630395
8	91	(((0,((1,(2,3)4)5,6)7)8,(9,10)11)12,13)14	53.68511393458016
8	92	((((0,1)2,((3,(4,5)6)7,8)9)10,11)12,13)14	55.50114203823663
8	93	(0,(1,(2,(((3,4)5,(6,7)8)9,10)11)12)13)14	58.364677947874746
8	94	(0,((1,2)3,((4,(5,6)7)8,(9,10)11)12)13)14	51.50937439425627
8	95	((((0,1)2,(3,4)5)6,(7,8)9)10,(11,12)13)14	46.891453099087045
8	96	((((0,1)2,(3,(4,5)6)7)8,9)10,(11,12)13)14	49.40866337408624
8	97	((((0,1)2,3)4,(5,((6,7)8,9)10)11)12,13)14	50.653640556303955
8	98	((0,((((1,(2,3)4)5,6)7,8)9,10)11)12,13)14	59.31325605826187
8	99	(((0,((1,2)3,((4,5)6,7)8)9)10,11)12,13)14	57.080165765065246
