#size_tree	tree_index	tree	growth factor
15	0	(0,(1,(2,(3,(4,(5,(6,(7,(8,(9,(10,(11,(12,(13,14)15)16)17)18)19)20)21)22)23)24)25)26)27)28	156.7675027876566
15	1	(((0,(1,2)3)4,((5,6)7,(8,9)10)11)12,(((13,14)15,(16,17)18)19,((20,21)22,(23,24)25)26)27)28	82.247598580576
15	2	(((((0,1)2,3)4,(5,6)7)8,(((9,10)11,(12,(13,14)15)16)17,(18,19)20)21)22,((23,24)25,26)27)28	91.7442249232567
15	3	((0,(((1,(2,3)4)5,(6,7)8)9,(10,11)12)13)14,((15,((16,17)18,(19,20)21)22)23,(24,25)26)27)28	87.37829805040934
15	4	((0,(1,2)3)4,(5,(((6,(7,((8,(9,(10,(11,12)13)14)15)16,17)18)19)20,(21,22)23)24,25)26)27)28	120.39180108842271
15	5	((0,((1,((2,3)4,5)6)7,8)9)10,(11,(((((12,13)14,(15,16)17)18,19)20,(21,22)23)24,25)26)27)28	94.29296884550172
15	6	(((0,(1,(2,3)4)5)6,(((7,8)9,(((10,11)12,13)14,(15,((16,17)18,19)20)21)22)23,24)25)26,27)28	110.13023508015345
15	7	(((0,(((1,((2,(3,4)5)6,((7,(8,9)10)11,12)13)14)15,(16,17)18)19,20)21)22,(23,24)25)26,27)28	130.64117706826826
15	8	((0,1)2,(3,((((4,5)6,7)8,(9,(10,((11,((12,13)14,15)16)17,18)19)20)21)22,(23,24)25)26)27)28	117.78132300047001
15	9	(0,((1,(2,(3,4)5)6)7,((8,9)10,(11,(12,(((13,14)15,16)17,((18,19)20,21)22)23)24)25)26)27)28	110.6495634398756
15	10	(0,((((1,(2,3)4)5,(6,((7,(((((8,9)10,11)12,13)14,15)16,17)18)19,20)21)22)23,24)25,26)27)28	137.58451074109982
15	11	(0,(((1,((2,3)4,(5,6)7)8)9,10)11,(12,((13,(14,((15,16)17,18)19)20)21,(22,23)24)25)26)27)28	104.77891360933909
15	12	(((0,1)2,((3,((((4,5)6,7)8,9)10,(11,(12,((13,(14,15)16)17,18)19)20)21)22)23,24)25)26,27)28	126.63958284828009
15	13	((((0,(((1,2)3,4)5,(6,7)8)9)10,11)12,13)14,(15,((16,(((17,18)19,20)21,22)23)24,25)26)27)28	92.74411028217555
15	14	((0,1)2,(3,(4,((5,((((6,7)8,9)10,11)12,(((13,(14,15)16)17,18)19,20)21)22)23,24)25)26)27)28	129.36791046508318
15	15	((((((0,1)2,3)4,5)6,(7,8)9)10,((11,12)13,(((14,(15,(16,17)18)19)20,21)22,23)24)25)26,27)28	102.63547104165379
15	16	(0,(1,((((((((2,3)4,5)6,(7,8)9)10,11)12,13)14,15)16,((17,18)19,20)21)22,(23,24)25)26)27)28	127.4074885101139
15	17	((((((0,(((1,2)3,(4,(5,(6,7)8)9)10)11,((12,13)14,15)16)17)18,19)20,21)22,23)24,25)26,27)28	144.68606114488642
15	18	((0,(1,((2,3)4,(5,6)7)8)9)10,((((11,12)13,14)15,((((16,17)18,19)20,21)22,23)24)25,26)27)28	90.63771599081018
15	19	(((0,1)2,((((3,4)5,6)7,8)9,(10,(((11,((12,(13,14)15)16,17)18)19,20)21,22)23)24)25)26,27)28	117.16711624931875
15	20	((0,((1,((2,3)4,(5,(6,(((7,8)9,10)11,((12,13)14,15)16)17)18)19)20)21,22)23)24,(25,26)27)28	131.16976627128597
15	21	(0,((1,((((2,3)4,(5,(((6,7)8,(9,(10,11)12)13)14,(15,16)17)18)19)20,21)22,23)24)25,26)27)28	144.84701271296564
15	22	(0,((((1,((2,3)4,((5,6)7,(8,9)10)11)12)13,14)15,((16,17)18,(19,20)21)22)23,(24,25)26)27)28	114.23020088131989
15	23	(0,(((1,(2,3)4)5,(((((6,7)8,9)10,(((11,12)13,14)15,16)17)18,19)20,21)22)23,(24,25)26)27)28	118.77461075092789
15	24	((0,(((1,((((2,3)4,5)6,((((7,8)9,(10,11)12)13,14)15,16)17)18,19)20)21,22)23,24)25)26,27)28	146.24034744763594
15	25	(((0,1)2,((((3,4)5,(6,(7,((8,(9,((10,11)12,13)14)15)16,17)18)19)20)21,22)23,24)25)26,27)28	135.6452506457303
15	26	(((0,(1,((2,3)4,5)6)7)8,((9,10)11,(((12,(13,((14,15)16,17)18)19)20,21)22,23)24)25)26,27)28	107.44649239344699
15	27	(((0,((1,(((2,(3,4)5)6,((7,8)9,10)11)12,(13,14)15)16)17,((18,19)20,21)22)23)24,25)26,27)28	130.34302331185265
15	28	((((((0,1)2,((3,4)5,6)7)8,(9,(10,(11,(12,(13,14)15)16)17)18)19)20,21)22,23)24,(25,26)27)28	116.7986543134285
15	29	(((0,1)2,3)4,((((((5,6)7,(8,9)10)11,(12,13)14)15,((16,17)18,(19,20)21)22)23,24)25,26)27)28	107.9770808260886
15	30	((((((0,(1,2)3)4,(5,(6,(7,8)9)10)11)12,(13,(14,15)16)17)18,19)20,(21,22)23)24,(25,26)27)28	111.16650214512075
15	31	(0,(((((1,(2,(3,4)5)6)7,8)9,(10,11)12)13,((14,(15,(16,17)18)19)20,21)22)23,(24,25)26)27)28	110.1332359852912
15	32	((0,1)2,(((((3,4)5,6)7,(8,((9,10)11,(12,(((13,14)15,16)17,18)19)20)21)22)23,24)25,26)27)28	122.0670549760407
15	33	(((0,(((1,2)3,4)5,(6,7)8)9)10,((11,12)13,(14,15)16)17)18,(19,(20,((21,22)23,24)25)26)27)28	87.49796253062553
15	34	((((((0,1)2,3)4,((5,6)7,8)9)10,(11,12)13)14,15)16,(17,(18,(19,(20,(21,22)23)24)25)26)27)28	90.87837017028114
15	35	(((0,(1,((2,3)4,5)6)7)8,9)10,((11,(((12,(13,(14,15)16)17)18,19)20,(21,22)23)24)25,26)27)28	94.80954647653262
15	36	(((0,(1,2)3)4,(5,6)7)8,((9,((((10,11)12,13)14,(((15,16)17,18)19,20)21)22,23)24)25,26)27)28	100.04935683915885
15	37	((((0,1)2,3)4,(5,6)7)8,(9,((10,((11,12)13,14)15)16,((((17,18)19,20)21,22)23,24)25)26)27)28	92.62134408451735
15	38	((((0,(((1,2)3,4)5,6)7)8,((9,10)11,((12,13)14,15)16)17)18,(19,20)21)22,(23,(24,25)26)27)28	97.76871673683947
15	39	(0,(1,(((2,3)4,5)6,(7,(8,((9,((10,11)12,(13,((14,15)16,17)18)19)20)21,22)23)24)25)26)27)28	132.12665245504067
15	40	((0,((1,2)3,((4,(((5,(6,7)8)9,((10,11)12,13)14)15,((16,17)18,19)20)21)22,23)24)25)26,27)28	131.83801098335283
15	41	(((0,1)2,(((3,(4,5)6)7,(((8,9)10,((11,12)13,(14,15)16)17)18,19)20)21,(22,23)24)25)26,27)28	116.89101425510957
15	42	(0,(1,(((2,3)4,(((((5,6)7,8)9,10)11,(12,13)14)15,((16,(17,18)19)20,21)22)23)24,25)26)27)28	128.16668299499497
15	43	((0,((((1,2)3,(((4,((5,(6,(7,8)9)10)11,(12,13)14)15)16,17)18,19)20)21,22)23,24)25)26,27)28	145.5766118947178
15	44	((((0,1)2,3)4,(5,(((6,7)8,9)10,((11,(12,13)14)15,16)17)18)19)20,(21,((22,23)24,25)26)27)28	94.05149149646185
15	45	((0,(1,((2,(((3,4)5,6)7,(((8,(9,(10,11)12)13)14,15)16,17)18)19)20,(21,22)23)24)25)26,27)28	136.25651383698306
15	46	(((0,(1,(((2,3)4,(5,6)7)8,9)10)11)12,(13,14)15)16,((((17,18)19,20)21,(22,23)24)25,26)27)28	91.16836359638106
15	47	(((0,(((1,2)3,(4,5)6)7,8)9)10,(11,12)13)14,(15,((16,(17,(18,19)20)21)22,(23,24)25)26)27)28	88.06805954262803
15	48	(0,(1,((2,3)4,((5,6)7,((8,(9,(10,((11,12)13,14)15)16)17)18,(19,(20,21)22)23)24)25)26)27)28	125.79034400821894
15	49	(((0,1)2,((3,4)5,(((6,((7,8)9,10)11)12,(((13,14)15,16)17,(18,19)20)21)22,23)24)25)26,27)28	119.17584566412883
15	50	(0,((1,(2,3)4)5,(6,(7,(((((((8,9)10,11)12,13)14,15)16,17)18,(19,20)21)22,23)24)25)26)27)28	126.48671484490652
15	51	(0,(((((1,(2,3)4)5,6)7,8)9,(((10,(11,12)13)14,(15,((16,17)18,19)20)21)22,23)24)25,26)27)28	115.76553472572914
15	52	(0,(((1,2)3,((4,(5,(6,7)8)9)10,(11,(12,(13,((14,15)16,(17,18)19)20)21)22)23)24)25,26)27)28	123.31226559139031
15	53	((0,1)2,(3,(((4,5)6,(((7,(8,(9,(10,11)12)13)14)15,16)17,(18,19)20)21)22,(23,24)25)26)27)28	118.79734443590117
15	54	(((0,(1,(((2,((3,4)5,6)7)8,(((9,10)11,(12,(13,14)15)16)17,18)19)20,21)22)23)24,25)26,27)28	139.37392833960985
15	55	((0,1)2,(3,(4,(((5,6)7,(8,9)10)11,(((12,(13,14)15)16,((17,18)19,20)21)22,23)24)25)26)27)28	117.19715550302033
15	56	((((0,((1,(2,(3,((((4,5)6,7)8,9)10,11)12)13)14)15,16)17)18,(19,20)21)22,23)24,(25,26)27)28	131.09331286799178
15	57	(0,(((((((1,2)3,4)5,((6,((7,(8,(9,10)11)12)13,14)15)16,17)18)19,20)21,22)23,24)25,26)27)28	143.8499641719425
15	58	((((((0,(1,(2,3)4)5)6,7)8,((9,10)11,((12,13)14,(15,(16,17)18)19)20)21)22,23)24,25)26,27)28	123.19684686289203
15	59	((0,(((1,((2,(3,4)5)6,(7,8)9)10)11,(12,(13,((14,15)16,17)18)19)20)21,(22,23)24)25)26,27)28	120.263367126441
15	60	(0,((1,((2,((3,4)5,(6,7)8)9)10,(11,12)13)14)15,((((16,17)18,(19,20)21)22,23)24,25)26)27)28	104.32220301599101
15	61	(0,((1,((2,3)4,5)6)7,(8,(9,(10,((11,(12,13)14)15,(((16,17)18,19)20,21)22)23)24)25)26)27)28	115.93167825880678
15	62	(0,(((1,((2,3)4,5)6)7,8)9,(10,(((11,12)13,14)15,((16,17)18,(19,(20,21)22)23)24)25)26)27)28	104.94917332630729
15	63	(0,((((1,2)3,((4,((5,(((6,7)8,9)10,(11,12)13)14)15,(16,17)18)19)20,21)22)23,24)25,26)27)28	140.4032451778603
15	64	(0,(((((((1,(((2,3)4,(5,6)7)8,9)10)11,12)13,14)15,(16,17)18)19,20)21,22)23,(24,25)26)27)28	135.09739581262912
15	65	(0,(((((1,((2,(3,4)5)6,(7,((8,(9,10)11)12,13)14)15)16)17,18)19,(20,21)22)23,24)25,26)27)28	138.88043589192944
15	66	((0,(1,2)3)4,(5,(6,(7,((8,9)10,((11,(12,13)14)15,(((16,17)18,19)20,21)22)23)24)25)26)27)28	116.721592803757
15	67	(0,(((1,2)3,((4,(5,((6,7)8,9)10)11)12,((13,14)15,16)17)18)19,((20,(21,22)23)24,25)26)27)28	106.39928585868823
15	68	((((((0,1)2,3)4,(5,(6,7)8)9)10,11)12,(13,(14,15)16)17)18,(19,(20,((21,22)23,24)25)26)27)28	89.61013063540213
15	69	((((0,1)2,((3,(4,5)6)7,(8,(9,((10,((11,12)13,14)15)16,17)18)19)20)21)22,(23,24)25)26,27)28	119.4999819711485
15	70	(((0,(((1,2)3,((4,5)6,(7,(8,9)10)11)12)13,(14,15)16)17)18,19)20,(21,((22,23)24,25)26)27)28	104.9145458503234
15	71	(0,(((((1,2)3,4)5,(6,7)8)9,(10,11)12)13,(14,((15,(16,17)18)19,(20,(21,22)23)24)25)26)27)28	100.54164213710052
15	72	(((0,(1,2)3)4,5)6,(((((7,(8,9)10)11,(12,(13,14)15)16)17,18)19,20)21,((22,23)24,25)26)27)28	96.11264882695609
15	73	(((0,(((((1,(2,(((3,4)5,6)7,((8,9)10,11)12)13)14)15,16)17,18)19,20)21,22)23)24,25)26,27)28	153.79908007720633
15	74	((((0,1)2,3)4,((5,6)7,(8,((9,(10,11)12)13,14)15)16)17)18,((19,20)21,(22,(23,24)25)26)27)28	88.67403827424756
15	75	(((0,(1,2)3)4,(((5,6)7,((8,9)10,(11,12)13)14)15,((16,((17,18)19,20)21)22,23)24)25)26,27)28	105.19136714062189
15	76	((0,(1,2)3)4,((((5,6)7,((8,9)10,11)12)13,14)15,(16,(((17,(18,19)20)21,22)23,24)25)26)27)28	94.21266054848037
15	77	(((0,((1,2)3,4)5)6,(7,8)9)10,(11,((12,(13,(14,((15,16)17,(18,19)20)21)22)23)24,25)26)27)28	96.61055275405771
15	78	((0,(1,(2,((((3,(4,(5,6)7)8)9,10)11,12)13,((14,15)16,17)18)19)20)21)22,((23,24)25,26)27)28	117.57512569607523
15	79	(0,((1,((((2,3)4,5)6,(7,8)9)10,(11,((12,13)14,15)16)17)18)19,(((20,21)22,23)24,25)26)27)28	107.77076068592476
15	80	(0,(1,(((2,(3,((4,(5,(6,7)8)9)10,11)12)13)14,15)16,((17,(18,(19,20)21)22)23,24)25)26)27)28	120.2809666220715
15	81	(((0,1)2,(((3,((4,5)6,(7,(8,9)10)11)12)13,((14,15)16,(17,(18,19)20)21)22)23,24)25)26,27)28	117.43751203881602
15	82	(0,((1,(2,(3,((4,5)6,((7,((8,9)10,(11,12)13)14)15,(16,(17,18)19)20)21)22)23)24)25,26)27)28	141.64808973743334
15	83	((0,(1,(2,(3,((4,(((5,(6,7)8)9,10)11,(12,13)14)15)16,(17,(18,19)20)21)22)23)24)25)26,27)28	141.76296595945226
15	84	(((((0,1)2,(3,4)5)6,(7,8)9)10,(11,((((12,13)14,15)16,((17,18)19,20)21)22,23)24)25)26,27)28	103.71632848593248
15	85	((((0,(1,2)3)4,(((((5,(6,7)8)9,10)11,(12,13)14)15,16)17,(18,19)20)21)22,23)24,(25,26)27)28	113.93600922310917
15	86	(0,(((1,(2,3)4)5,((6,((7,8)9,(((10,11)12,13)14,15)16)17)18,(19,20)21)22)23,(24,25)26)27)28	115.73100573819875
15	87	((0,((((((((1,2)3,4)5,((6,7)8,9)10)11,12)13,14)15,16)17,(18,(19,20)21)22)23,24)25)26,27)28	134.67962776286515
15	88	(0,((1,(((((2,3)4,(5,6)7)8,(9,10)11)12,13)14,(15,16)17)18)19,((20,(21,22)23)24,25)26)27)28	112.31472656691784
15	89	(0,(((1,(2,((((3,(4,((5,6)7,8)9)10)11,12)13,14)15,16)17)18)19,20)21,((22,23)24,25)26)27)28	131.23618112179554
15	90	(((0,1)2,(3,4)5)6,(7,(((8,(9,(10,(11,12)13)14)15)16,(17,(18,19)20)21)22,(23,24)25)26)27)28	100.28504452735352
15	91	(0,(1,(((((2,(3,4)5)6,7)8,9)10,((((11,12)13,14)15,(16,17)18)19,(20,21)22)23)24,25)26)27)28	123.196846862892
15	92	(((0,1)2,3)4,((5,((((6,7)8,9)10,((11,(12,13)14)15,16)17)18,(19,20)21)22)23,(24,25)26)27)28	105.76614016790279
15	93	(((0,(1,((2,3)4,(5,(((6,(7,8)9)10,((11,12)13,(14,15)16)17)18,19)20)21)22)23)24,25)26,27)28	142.35344180232346
15	94	(0,(1,(((2,3)4,5)6,(((7,((((8,9)10,11)12,13)14,15)16)17,((18,19)20,21)22)23,24)25)26)27)28	124.3853824233722
15	95	((0,((1,(2,3)4)5,((6,(7,(8,9)10)11)12,(13,14)15)16)17)18,(19,((20,21)22,(23,24)25)26)27)28	92.97214176348146
15	96	((0,(((1,2)3,(4,(((((5,6)7,8)9,10)11,12)13,14)15)16)17,18)19)20,(21,(22,(23,24)25)26)27)28	109.70785089444283
15	97	(0,((1,((2,((3,(4,((5,6)7,8)9)10)11,12)13)14,((15,16)17,18)19)20)21,((22,23)24,25)26)27)28	118.00037692374228
15	98	(((((0,(1,((2,(3,4)5)6,7)8)9)10,11)12,13)14,((15,16)17,(18,19)20)21)22,((23,24)25,26)27)28	100.91502777722988
15	99	((0,((1,2)3,((4,(5,6)7)8,(((9,10)11,12)13,((14,15)16,17)18)19)20)21)22,(23,(24,25)26)27)28	105.45688278710594
