#size_tree	tree_index	tree	growth factor
21	0	(0,(1,(2,(3,(4,(5,(6,(7,(8,(9,(10,(11,(12,(13,(14,(15,(16,(17,(18,(19,20)21)22)23)24)25)26)27)28)29)30)31)32)33)34)35)36)37)38)39)40	273.5044037765131
21	1	((((0,1)2,(3,(4,5)6)7)8,((9,10)11,(12,(13,14)15)16)17)18,(((19,20)21,(22,(23,24)25)26)27,((28,(29,30)31)32,(33,(34,35)36)37)38)39)40	115.93918479543886
21	2	((((0,((1,(2,(((3,(4,(((5,(6,7)8)9,10)11,(12,(13,(14,15)16)17)18)19)20)21,22)23,(24,25)26)27)28)29,30)31)32,(33,34)35)36,37)38,39)40	239.0072884991134
21	3	((0,1)2,(3,(4,((((5,(6,7)8)9,(10,11)12)13,(((((14,((15,16)17,18)19)20,21)22,(23,24)25)26,(27,28)29)30,(31,32)33)34)35,36)37)38)39)40	192.26940083163458
21	4	(0,(((1,(2,3)4)5,(((6,7)8,9)10,((((((11,((12,13)14,15)16)17,18)19,20)21,(22,23)24)25,(26,27)28)29,(30,(31,32)33)34)35)36)37,38)39)40	184.8159461588432
21	5	(0,(1,(((((2,3)4,((5,6)7,(8,(9,10)11)12)13)14,(((15,16)17,18)19,(20,((21,(22,23)24)25,26)27)28)29)30,((31,32)33,34)35)36,37)38)39)40	187.1405171897236
21	6	(((0,1)2,((3,((4,5)6,7)8)9,10)11)12,((((((13,((14,15)16,17)18)19,(20,21)22)23,(24,25)26)27,28)29,(30,(31,32)33)34)35,(36,37)38)39)40	134.7426607457948
21	7	(((0,((1,2)3,(4,(5,((6,(7,8)9)10,(11,(12,13)14)15)16)17)18)19)20,(21,22)23)24,(25,(((26,(27,((28,29)30,31)32)33)34,35)36,37)38)39)40	138.8614009878828
21	8	(((((0,(1,2)3)4,5)6,(7,(8,((9,10)11,12)13)14)15)16,(((17,((18,(19,(20,21)22)23)24,25)26)27,28)29,30)31)32,((33,(34,35)36)37,38)39)40	134.36512161376086
21	9	((((0,((((1,2)3,4)5,6)7,(((8,9)10,11)12,13)14)15)16,(17,18)19)20,(((21,(22,(23,(24,25)26)27)28)29,(30,31)32)33,34)35)36,(37,38)39)40	145.13139565763979
21	10	((((0,(((1,2)3,4)5,6)7)8,(9,10)11)12,(13,((((14,15)16,(17,18)19)20,(21,22)23)24,((25,26)27,(((28,29)30,31)32,33)34)35)36)37)38,39)40	150.62124440179483
21	11	((0,((1,2)3,((4,(5,(6,7)8)9)10,((11,12)13,14)15)16)17)18,((19,(20,(21,(((22,((23,(24,25)26)27,28)29)30,31)32,33)34)35)36)37,38)39)40	138.52254954679555
21	12	(((0,1)2,3)4,((5,6)7,((8,(9,10)11)12,(13,((((14,((15,16)17,((18,19)20,21)22)23)24,((25,26)27,28)29)30,(31,32)33)34,35)36)37)38)39)40	171.99989753715698
21	13	(0,((1,(2,(3,(((((4,5)6,(7,(((8,(9,10)11)12,(13,14)15)16,17)18)19)20,(21,22)23)24,((25,26)27,28)29)30,31)32)33)34)35,(36,37)38)39)40	220.69350041275706
21	14	((((((0,1)2,3)4,5)6,(7,8)9)10,((11,(12,(13,((14,(15,(16,17)18)19)20,(21,22)23)24)25)26)27,(28,((29,30)31,32)33)34)35)36,(37,38)39)40	148.72693838871479
21	15	((0,(((1,2)3,4)5,(((((6,(7,(((8,9)10,11)12,13)14)15)16,((17,18)19,20)21)22,23)24,(25,26)27)28,29)30)31)32,(33,(34,(35,36)37)38)39)40	170.19374139925523
21	16	((0,(1,2)3)4,((5,(6,7)8)9,((10,(11,(((12,13)14,15)16,17)18)19)20,((21,(((22,23)24,(25,26)27)28,(29,(30,31)32)33)34)35,36)37)38)39)40	148.87058732903552
21	17	(((0,(((((1,(2,(3,4)5)6)7,8)9,((10,(11,(12,13)14)15)16,17)18)19,(20,(21,22)23)24)25,(((26,27)28,29)30,31)32)33)34,(35,36)37)38,39)40	181.33658261338053
21	18	(((0,((((((((1,2)3,4)5,6)7,8)9,(10,((11,(12,(13,((14,15)16,17)18)19)20)21,22)23)24)25,26)27,28)29,30)31)32,33)34,(35,(36,37)38)39)40	204.0292548629958
21	19	((0,(((1,(((2,3)4,(5,(6,7)8)9)10,(11,((12,(13,14)15)16,17)18)19)20)21,(((22,((23,24)25,(26,27)28)29)30,31)32,33)34)35,36)37)38,39)40	185.641156423403
21	20	((((0,1)2,3)4,(5,(6,(7,(((((8,9)10,11)12,(13,14)15)16,17)18,((19,(20,21)22)23,(24,((25,(26,27)28)29,30)31)32)33)34)35)36)37)38,39)40	191.76189547565457
21	21	((0,(1,(((2,3)4,(5,6)7)8,((9,(10,(((11,12)13,(14,(((15,(16,17)18)19,(20,21)22)23,24)25)26)27,(28,29)30)31)32)33,34)35)36)37)38,39)40	214.5859156147155
21	22	(0,(1,(2,(((3,((4,5)6,7)8)9,(((10,11)12,(13,((14,15)16,(17,((18,19)20,(21,22)23)24)25)26)27)28,((29,30)31,32)33)34)35,36)37)38)39)40	206.3447655110397
21	23	((0,((1,((((2,(3,((4,5)6,((((7,8)9,(10,(11,12)13)14)15,16)17,18)19)20)21)22,(23,24)25)26,27)28,29)30)31,(32,33)34)35)36,(37,38)39)40	220.06543542002223
21	24	(0,((1,((2,((3,4)5,6)7)8,(9,(((10,11)12,13)14,((15,((16,(17,18)19)20,21)22)23,24)25)26)27)28)29,((30,(31,(32,33)34)35)36,37)38)39)40	166.63159466658294
21	25	(0,((1,(((((2,3)4,(5,6)7)8,9)10,11)12,(((13,((14,15)16,17)18)19,20)21,(22,((23,24)25,26)27)28)29)30)31,((32,(33,34)35)36,37)38)39)40	164.17417044174348
21	26	((((((((((0,(1,2)3)4,5)6,(7,8)9)10,11)12,13)14,15)16,(17,(((18,19)20,21)22,(23,(((24,25)26,27)28,29)30)31)32)33)34,35)36,37)38,39)40	186.91112012852375
21	27	((((0,1)2,(((3,((4,5)6,7)8)9,(10,11)12)13,14)15)16,17)18,(19,(20,(21,((((22,23)24,(25,26)27)28,29)30,(31,(32,33)34)35)36)37)38)39)40	134.20318061208948
21	28	((0,((((1,2)3,(((4,(5,(6,7)8)9)10,11)12,13)14)15,16)17,18)19)20,(((21,(22,23)24)25,((26,27)28,29)30)31,(32,((33,34)35,36)37)38)39)40	131.8177673198436
21	29	(((0,((1,2)3,4)5)6,(7,8)9)10,(11,(((((12,((13,(14,((15,16)17,18)19)20)21,22)23)24,25)26,((27,28)29,30)31)32,33)34,(35,36)37)38)39)40	156.58039859846642
21	30	(((((0,((1,2)3,4)5)6,7)8,(9,((((10,11)12,13)14,((15,((16,(17,(18,19)20)21)22,23)24)25,26)27)28,((29,30)31,32)33)34)35)36,37)38,39)40	181.81427834649367
21	31	((((((0,1)2,((3,4)5,(((((6,7)8,9)10,(((((11,12)13,14)15,(16,17)18)19,20)21,22)23)24,25)26,27)28)29)30,31)32,(33,34)35)36,37)38,39)40	218.77261482011156
21	32	((0,((1,(((2,3)4,5)6,((7,((8,9)10,(11,(12,13)14)15)16)17,(18,19)20)21)22)23,24)25)26,(((27,((28,(29,30)31)32,33)34)35,36)37,38)39)40	150.4626837866801
21	33	((0,((1,(((2,3)4,5)6,(7,(((8,(9,(10,11)12)13)14,(15,(16,((17,(18,19)20)21,22)23)24)25)26,27)28)29)30)31,((32,33)34,35)36)37)38,39)40	201.86197152344792
21	34	(0,((1,((((((2,3)4,(5,((((6,((7,8)9,10)11)12,(13,14)15)16,(((17,18)19,20)21,22)23)24,25)26)27)28,29)30,31)32,33)34,35)36)37,38)39)40	248.47829391228683
21	35	(((((0,(1,((((2,3)4,5)6,(((7,8)9,10)11,12)13)14,(15,16)17)18)19)20,((21,(22,((23,24)25,26)27)28)29,30)31)32,33)34,(35,36)37)38,39)40	185.3519680137604
21	36	((0,((((1,(2,3)4)5,(((6,7)8,(((9,10)11,12)13,14)15)16,((17,(18,19)20)21,(((22,23)24,25)26,27)28)29)30)31,32)33,34)35)36,(37,38)39)40	190.91504260395155
21	37	(((0,1)2,(((((3,4)5,((((6,7)8,9)10,11)12,13)14)15,16)17,((18,((19,((20,(21,22)23)24,25)26)27,28)29)30,31)32)33,(34,35)36)37)38,39)40	176.30106951390727
21	38	(0,(1,((2,(3,(4,5)6)7)8,((9,((10,11)12,((13,14)15,16)17)18)19,((20,21)22,(23,((24,25)26,((27,28)29,(30,31)32)33)34)35)36)37)38)39)40	171.64713451807734
21	39	((((0,(((((1,(((2,3)4,5)6,7)8)9,(10,(11,(12,13)14)15)16)17,18)19,(20,21)22)23,24)25)26,27)28,(29,((30,(31,32)33)34,35)36)37)38,39)40	185.17787451114268
21	40	(((((((0,(1,2)3)4,5)6,(7,(8,((9,10)11,(12,(13,14)15)16)17)18)19)20,(21,22)23)24,(25,26)27)28,29)30,(31,(32,((33,34)35,36)37)38)39)40	156.01282694703883
21	41	((((0,1)2,((3,4)5,6)7)8,((9,(((10,((11,12)13,14)15)16,17)18,(19,(20,(21,22)23)24)25)26)27,((28,((29,30)31,32)33)34,35)36)37)38,39)40	153.42058125062752
21	42	(0,((((1,(2,3)4)5,(6,(((((7,8)9,(((10,(11,12)13)14,15)16,17)18)19,20)21,(22,23)24)25,26)27)28)29,30)31,(32,(33,(34,35)36)37)38)39)40	185.95751472961942
21	43	(((0,((1,2)3,(4,5)6)7)8,(9,(((10,11)12,13)14,15)16)17)18,((19,20)21,(((((22,23)24,25)26,((27,28)29,(30,31)32)33)34,35)36,37)38)39)40	125.0607586070585
21	44	(((0,(((1,((((2,3)4,5)6,7)8,9)10)11,12)13,(((((14,15)16,17)18,(19,20)21)22,23)24,25)26)27)28,(((29,30)31,(32,33)34)35,36)37)38,39)40	162.6819709102771
21	45	((0,(1,((2,3)4,(((5,(6,((7,8)9,10)11)12)13,14)15,16)17)18)19)20,(((21,(22,23)24)25,((26,(27,28)29)30,(31,32)33)34)35,(36,37)38)39)40	132.04600643543785
21	46	(((0,((1,((2,3)4,5)6)7,8)9)10,(((11,(12,(13,((14,((15,16)17,(18,(19,20)21)22)23)24,25)26)27)28)29,30)31,32)33)34,(35,(36,37)38)39)40	161.71902799360174
21	47	((0,(1,2)3)4,((5,6)7,((8,(9,10)11)12,(((13,14)15,((16,17)18,19)20)21,((((22,23)24,((25,(26,27)28)29,30)31)32,33)34,35)36)37)38)39)40	156.4779156051619
21	48	((((0,(1,2)3)4,5)6,7)8,((((9,((10,11)12,(13,(((14,(15,(((16,17)18,19)20,21)22)23)24,25)26,(27,28)29)30)31)32)33,34)35,36)37,38)39)40	184.18753560425537
21	49	(0,(((((1,((2,3)4,5)6)7,(((8,(9,10)11)12,(13,(14,15)16)17)18,(19,20)21)22)23,24)25,(26,27)28)29,((30,31)32,(33,(34,35)36)37)38)39)40	164.19039719019528
21	50	((0,((1,(2,((((3,4)5,6)7,(((8,9)10,(11,12)13)14,15)16)17,(18,(((((19,20)21,22)23,24)25,(26,27)28)29,30)31)32)33)34)35,36)37)38,39)40	210.5620718304382
21	51	((0,(1,((2,(3,((4,(((5,6)7,8)9,((((10,(11,12)13)14,(15,16)17)18,19)20,((21,22)23,(24,25)26)27)28)29)30,31)32)33)34,35)36)37)38,39)40	242.65702643270606
21	52	((0,(((1,((((((((2,(3,4)5)6,((7,8)9,10)11)12,13)14,15)16,(17,(18,19)20)21)22,23)24,25)26,(27,28)29)30)31,32)33,34)35)36,(37,38)39)40	225.22739388459732
21	53	((0,1)2,(((((3,(((4,5)6,7)8,9)10)11,(12,13)14)15,((16,17)18,((19,(20,(21,22)23)24)25,26)27)28)29,(((30,31)32,33)34,35)36)37,38)39)40	162.66112877153728
21	54	(((0,(1,2)3)4,(5,6)7)8,((((9,(((10,11)12,(13,14)15)16,((17,18)19,20)21)22)23,24)25,26)27,(28,((29,((30,31)32,33)34)35,36)37)38)39)40	137.3762448402184
21	55	((0,((1,2)3,((4,5)6,(((((7,8)9,10)11,12)13,((((14,15)16,17)18,(19,(20,21)22)23)24,25)26)27,(28,((29,30)31,32)33)34)35)36)37)38,39)40	189.34223511763585
21	56	((0,((1,(2,((3,((4,5)6,7)8)9,(((10,(11,12)13)14,15)16,17)18)19)20)21,(22,(((23,24)25,(26,27)28)29,30)31)32)33)34,(35,(36,37)38)39)40	161.4877894336604
21	57	(0,((((1,(2,((((3,(4,(5,6)7)8)9,(10,11)12)13,(14,(15,16)17)18)19,((20,21)22,23)24)25)26)27,((28,29)30,31)32)33,(34,35)36)37,38)39)40	201.39236925559317
21	58	(((((0,(1,2)3)4,5)6,(((7,8)9,10)11,((12,13)14,15)16)17)18,((19,20)21,22)23)24,(25,(26,((27,(28,(29,30)31)32)33,(34,35)36)37)38)39)40	124.44607603464695
21	59	((((((0,1)2,(((3,((4,5)6,7)8)9,10)11,12)13)14,15)16,(((17,(18,19)20)21,((22,23)24,(25,26)27)28)29,30)31)32,(33,34)35)36,(37,38)39)40	157.42210089692853
21	60	(((((0,(1,2)3)4,(5,((6,((7,8)9,(10,11)12)13)14,15)16)17)18,((19,20)21,((22,23)24,(25,26)27)28)29)30,31)32,((33,34)35,(36,37)38)39)40	148.2095119376333
21	61	(0,(((((1,(2,3)4)5,(6,7)8)9,((10,((((11,(12,13)14)15,16)17,18)19,(((20,21)22,23)24,25)26)27)28,((29,30)31,32)33)34)35,36)37,38)39)40	189.03106235746532
21	62	((((0,(((1,2)3,4)5,(6,7)8)9)10,(11,12)13)14,((15,16)17,(((18,(19,20)21)22,((23,(24,25)26)27,28)29)30,31)32)33)34,(35,(36,37)38)39)40	138.08792948026877
21	63	(0,((1,2)3,((4,(((((5,(((((6,7)8,9)10,11)12,(13,14)15)16,17)18)19,(20,21)22)23,((24,25)26,27)28)29,30)31,32)33)34,(35,36)37)38)39)40	211.2960503565219
21	64	(0,(1,(((((2,3)4,(5,(6,7)8)9)10,(11,12)13)14,((15,16)17,18)19)20,(((21,22)23,24)25,(((((26,27)28,29)30,31)32,33)34,35)36)37)38)39)40	162.59566560313792
21	65	(0,(((1,2)3,4)5,(((6,7)8,((9,10)11,((((12,13)14,15)16,17)18,(19,(((20,(21,22)23)24,(25,26)27)28,(29,30)31)32)33)34)35)36,37)38)39)40	186.3215580556346
21	66	(0,((1,2)3,((((4,((5,6)7,8)9)10,11)12,((13,14)15,((16,17)18,(((19,((20,21)22,((23,24)25,26)27)28)29,30)31,32)33)34)35)36,37)38)39)40	186.71401668200193
21	67	((((0,1)2,(((3,((((4,(5,6)7)8,(9,10)11)12,(13,14)15)16,((17,(18,19)20)21,(22,23)24)25)26)27,(28,29)30)31,32)33)34,35)36,(37,38)39)40	195.4449473571537
21	68	((0,((((1,((2,((3,4)5,6)7)8,9)10)11,12)13,(14,(15,16)17)18)19,20)21)22,((23,(((24,(((25,26)27,28)29,30)31)32,33)34,35)36)37,38)39)40	138.65923714059005
21	69	((((0,((1,((2,(3,4)5)6,7)8)9,10)11)12,(13,14)15)16,(17,((18,(19,(((20,21)22,(23,24)25)26,27)28)29)30,((31,32)33,34)35)36)37)38,39)40	152.05994682062956
21	70	((0,1)2,(((3,4)5,6)7,((((8,((((9,10)11,12)13,14)15,((16,(17,(18,((19,20)21,22)23)24)25)26,27)28)29)30,(31,32)33)34,35)36,37)38)39)40	188.91234731994135
21	71	((0,1)2,(((3,(4,(5,(((((6,7)8,9)10,((((11,12)13,((14,15)16,(17,18)19)20)21,22)23,24)25)26,27)28,(29,30)31)32)33)34)35,36)37,38)39)40	226.93972061939914
21	72	(((0,(1,(2,(3,4)5)6)7)8,((((9,(10,11)12)13,(14,15)16)17,(18,((19,20)21,22)23)24)25,26)27)28,(((29,(30,(31,32)33)34)35,36)37,38)39)40	129.7706546749789
21	73	(0,((((1,(((2,3)4,5)6,7)8)9,((10,11)12,13)14)15,(16,(17,((18,((19,20)21,22)23)24,(((25,26)27,28)29,(30,31)32)33)34)35)36)37,38)39)40	169.5645466478614
21	74	(((((0,(1,2)3)4,((((5,(6,(7,((8,9)10,(11,12)13)14)15)16)17,(18,((19,20)21,22)23)24)25,(26,27)28)29,30)31)32,33)34,(35,36)37)38,39)40	197.7634622747692
21	75	(((0,(1,2)3)4,((5,6)7,((8,9)10,(((((11,12)13,14)15,(16,17)18)19,(20,21)22)23,24)25)26)27)28,((29,30)31,((32,33)34,(35,36)37)38)39)40	138.11546410533285
21	76	((((((0,1)2,(3,4)5)6,(7,8)9)10,(((11,(12,13)14)15,(16,17)18)19,20)21)22,23)24,(((25,(26,(27,28)29)30)31,32)33,((34,35)36,37)38)39)40	127.30510464735295
21	77	((0,1)2,((((((3,(4,5)6)7,(8,(9,(10,((11,12)13,(14,(15,(16,17)18)19)20)21)22)23)24)25,(26,27)28)29,(30,31)32)33,34)35,(36,37)38)39)40	191.26298753247033
21	78	((0,(1,(2,((3,((4,(((5,6)7,((8,(((9,10)11,(12,((13,14)15,16)17)18)19,(20,21)22)23)24,25)26)27,28)29)30,31)32)33,34)35)36)37)38,39)40	260.0684222032262
21	79	(((0,1)2,(((3,4)5,6)7,(8,(((9,10)11,((12,(13,14)15)16,((17,18)19,(((20,(21,(22,23)24)25)26,27)28,29)30)31)32)33,34)35)36)37)38,39)40	195.24706213204126
21	80	((0,1)2,(3,(4,((5,(6,(7,((8,((9,10)11,12)13)14,((15,((16,(17,(18,19)20)21)22,(23,(24,25)26)27)28)29,30)31)32)33)34)35,36)37)38)39)40	224.85676896010142
21	81	(0,(((((((1,2)3,4)5,6)7,(8,((9,(10,((11,12)13,14)15)16)17,18)19)20)21,22)23,(((24,(25,26)27)28,(29,30)31)32,33)34)35,(36,37)38)39)40	169.05194999679685
21	82	(0,(((1,((2,((((3,4)5,(6,(7,8)9)10)11,(12,(13,((14,15)16,17)18)19)20)21,22)23)24,25)26)27,(28,(29,((30,31)32,33)34)35)36)37,38)39)40	194.90757401081626
21	83	(((0,((1,((((2,(((3,(4,((5,6)7,8)9)10)11,12)13,(14,15)16)17)18,19)20,(21,22)23)24,25)26)27,28)29)30,(31,(32,(33,34)35)36)37)38,39)40	206.54664758890573
21	84	(0,((((1,((((((((2,3)4,5)6,7)8,9)10,11)12,(13,14)15)16,(17,18)19)20,21)22)23,(((24,(25,26)27)28,29)30,(31,32)33)34)35,36)37,38)39)40	196.05003003880955
21	85	(((0,1)2,3)4,((((5,(6,(((7,((8,(9,(10,(((11,12)13,14)15,16)17)18)19)20,(21,(22,23)24)25)26)27,28)29,30)31)32)33,34)35,36)37,38)39)40	223.20451781541144
21	86	((((((0,1)2,3)4,(5,((6,(7,8)9)10,11)12)13)14,((15,16)17,18)19)20,(21,((((22,23)24,25)26,27)28,29)30)31)32,(33,(34,(35,36)37)38)39)40	133.90138446501243
21	87	((0,1)2,(((3,4)5,6)7,((8,(9,(10,11)12)13)14,(15,((((((16,17)18,19)20,21)22,23)24,(25,((26,(27,28)29)30,31)32)33)34,35)36)37)38)39)40	164.90710586553675
21	88	(((0,((((1,2)3,4)5,(6,7)8)9,((10,11)12,13)14)15)16,((((17,18)19,20)21,(22,23)24)25,(26,(27,(28,29)30)31)32)33)34,(35,(36,37)38)39)40	134.7385861010434
21	89	((((((0,1)2,3)4,5)6,7)8,(9,10)11)12,((13,14)15,(((16,((17,18)19,(20,((21,22)23,(24,(25,(26,27)28)29)30)31)32)33)34,35)36,37)38)39)40	149.32803797195382
21	90	((((((0,1)2,(3,4)5)6,7)8,(9,(10,(((11,12)13,(((14,(15,16)17)18,(19,20)21)22,23)24)25,(26,27)28)29)30)31)32,33)34,((35,36)37,38)39)40	168.79947313935762
21	91	((((((((0,(((1,2)3,(4,5)6)7,8)9)10,11)12,13)14,15)16,(17,18)19)20,21)22,((23,(24,25)26)27,(28,29)30)31)32,(33,((34,35)36,37)38)39)40	152.09262646514787
21	92	(0,(((1,2)3,((4,(5,6)7)8,((((9,10)11,12)13,(14,(((15,16)17,((((18,19)20,21)22,23)24,(25,26)27)28)29,30)31)32)33,34)35)36)37,38)39)40	202.50112096625713
21	93	((((0,((1,((2,(3,(((4,5)6,(7,8)9)10,11)12)13)14,15)16)17,18)19)20,((((((21,22)23,24)25,26)27,28)29,30)31,32)33)34,35)36,(37,38)39)40	175.50452895808883
21	94	((0,((1,(2,3)4)5,((6,7)8,9)10)11)12,(13,(((14,(15,16)17)18,19)20,(21,(22,((23,(((24,(25,26)27)28,29)30,31)32)33,34)35)36)37)38)39)40	142.1356209184561
21	95	(0,(1,((2,3)4,(((5,((6,((7,8)9,((10,11)12,13)14)15)16,17)18)19,20)21,(22,(((23,(24,25)26)27,28)29,(30,(31,32)33)34)35)36)37)38)39)40	182.85857931829221
21	96	(0,(((1,((((2,3)4,5)6,7)8,(9,(10,11)12)13)14)15,(((((16,((17,18)19,20)21)22,23)24,(25,26)27)28,(29,(30,31)32)33)34,35)36)37,38)39)40	168.7515149533781
21	97	(0,(1,(((((2,3)4,5)6,(7,8)9)10,11)12,((13,((14,15)16,(((((17,18)19,20)21,22)23,24)25,(26,((27,28)29,30)31)32)33)34)35,36)37)38)39)40	181.37051053674978
21	98	(0,(1,(((((2,(((3,(4,5)6)7,(8,((9,((10,11)12,13)14)15,16)17)18)19,20)21)22,23)24,25)26,(((27,28)29,(30,31)32)33,34)35)36,37)38)39)40	207.60853506069515
21	99	((0,((1,(2,(((((((3,4)5,(6,7)8)9,10)11,(12,(13,14)15)16)17,(18,19)20)21,22)23,(24,(25,(26,27)28)29)30)31)32)33,34)35)36,(37,38)39)40	208.21513027887667
