#size_tree	tree_index	tree	growth factor
13	0	(0,(1,(2,(3,(4,(5,(6,(7,(8,(9,(10,(11,12)13)14)15)16)17)18)19)20)21)22)23)24	124.63796278879337
13	1	(((0,(1,2)3)4,(5,(6,7)8)9)10,((11,(12,13)14)15,((16,17)18,(19,20)21)22)23)24	71.33098890420057
13	2	(0,(((1,2)3,4)5,((((((6,7)8,9)10,((11,12)13,14)15)16,17)18,19)20,21)22)23)24	100.06149472125799
13	3	((0,((1,2)3,(((4,(5,(6,7)8)9)10,((11,(12,13)14)15,16)17)18,19)20)21)22,23)24	105.44256412473527
13	4	(((((0,(((1,(2,(3,(4,(5,6)7)8)9)10)11,12)13,14)15)16,17)18,19)20,21)22,23)24	124.63796278879335
13	5	(((0,(1,2)3)4,5)6,((7,(8,((((9,10)11,(12,13)14)15,16)17,18)19)20)21,22)23)24	89.73793645336875
13	6	(0,(((1,(2,3)4)5,(6,(((7,8)9,(10,((11,12)13,14)15)16)17,18)19)20)21,22)23)24	104.40961445460185
13	7	((((0,(1,(((2,3)4,5)6,7)8)9)10,11)12,(13,(14,15)16)17)18,((19,20)21,22)23)24	85.0035451733767
13	8	(((0,(1,2)3)4,((5,6)7,8)9)10,((11,(12,((13,(14,15)16)17,18)19)20)21,22)23)24	76.86911433692586
13	9	((((0,1)2,3)4,((5,6)7,(8,(9,(10,(11,((12,13)14,15)16)17)18)19)20)21)22,23)24	96.79745544893318
13	10	(((0,(((((1,(2,3)4)5,(6,7)8)9,10)11,(12,13)14)15,(16,17)18)19)20,21)22,23)24	109.94526825885693
13	11	(0,(((1,(2,(3,(4,5)6)7)8)9,(10,(11,(12,(13,(14,15)16)17)18)19)20)21,22)23)24	98.37744122592238
13	12	((0,(1,(2,3)4)5)6,((((7,8)9,(10,11)12)13,(14,(15,16)17)18)19,(20,21)22)23)24	77.24241610441352
13	13	(((0,1)2,3)4,(((5,6)7,(8,9)10)11,((12,(13,(14,15)16)17)18,(19,20)21)22)23)24	78.13769462341372
13	14	(((((((0,(1,2)3)4,(5,6)7)8,((9,10)11,12)13)14,15)16,17)18,19)20,(21,22)23)24	101.70676156608216
13	15	((0,((((((1,2)3,4)5,6)7,8)9,(((10,11)12,13)14,(15,16)17)18)19,20)21)22,23)24	103.91765881649721
13	16	(((0,1)2,((3,4)5,((6,7)8,((((9,(10,11)12)13,14)15,16)17,18)19)20)21)22,23)24	99.72059231204958
13	17	(0,(((1,(2,3)4)5,6)7,((8,((9,10)11,(12,13)14)15)16,((17,18)19,20)21)22)23)24	87.41260560211998
13	18	(((((0,1)2,3)4,((((5,6)7,(8,9)10)11,(12,13)14)15,16)17)18,(19,20)21)22,23)24	95.60398049067852
13	19	(0,((1,((2,(((((3,4)5,(6,7)8)9,10)11,12)13,14)15)16,17)18)19,(20,21)22)23)24	112.56180192156553
13	20	((0,((1,2)3,(4,(5,(6,(7,(8,(9,10)11)12)13)14)15)16)17)18,(19,(20,21)22)23)24	93.15245719689904
13	21	(0,(1,((2,3)4,((5,6)7,(((8,(((9,10)11,12)13,14)15)16,17)18,19)20)21)22)23)24	108.14098108395339
13	22	(((((0,((1,2)3,(((4,5)6,7)8,9)10)11)12,(13,14)15)16,17)18,(19,20)21)22,23)24	103.94278586542022
13	23	((0,(1,(2,(((3,4)5,6)7,(8,(9,(((10,11)12,13)14,15)16)17)18)19)20)21)22,23)24	113.40206074996586
13	24	(0,(1,(2,(((3,((4,5)6,7)8)9,10)11,((12,(13,(14,15)16)17)18,19)20)21)22)23)24	105.06873826461384
13	25	(0,((1,((2,((3,(4,(5,6)7)8)9,10)11)12,((13,14)15,16)17)18)19,(20,21)22)23)24	101.78080507938719
13	26	((0,((1,(2,3)4)5,((6,(7,8)9)10,11)12)13)14,((((15,16)17,18)19,20)21,22)23)24	77.4581935244372
13	27	((0,1)2,((((3,(4,5)6)7,8)9,10)11,(12,(((13,(14,15)16)17,18)19,20)21)22)23)24	84.39412838280013
13	28	(((((0,((((1,(2,3)4)5,6)7,8)9,10)11)12,13)14,15)16,17)18,(19,(20,21)22)23)24	100.16479145431099
13	29	(((((0,1)2,(3,4)5)6,(7,8)9)10,(11,12)13)14,(15,(16,(17,(18,19)20)21)22)23)24	75.15904056098809
13	30	(((((0,1)2,(3,4)5)6,(7,((8,(9,10)11)12,13)14)15)16,(17,(18,19)20)21)22,23)24	89.38272593268852
13	31	((0,(1,2)3)4,(5,((6,7)8,(((((9,10)11,12)13,(14,15)16)17,18)19,20)21)22)23)24	91.62244669774687
13	32	(((((0,1)2,3)4,5)6,((7,8)9,(10,((11,12)13,14)15)16)17)18,((19,20)21,22)23)24	78.56525605729293
13	33	(((0,(((((1,2)3,4)5,6)7,8)9,(10,((11,(12,13)14)15,16)17)18)19)20,21)22,23)24	105.06873826461384
13	34	(0,((1,((2,(3,(4,((5,(((6,7)8,9)10,11)12)13,14)15)16)17)18,19)20)21,22)23)24	124.6379627887934
13	35	(((0,((1,2)3,4)5)6,(((7,8)9,10)11,12)13)14,((15,(16,17)18)19,(20,21)22)23)24	73.0928558393917
13	36	(((0,(1,(2,(3,(4,5)6)7)8)9)10,11)12,((13,14)15,(((16,17)18,19)20,21)22)23)24	77.36920478022282
13	37	(0,((1,(2,3)4)5,(6,(7,((8,(9,(10,(11,(12,13)14)15)16)17)18,19)20)21)22)23)24	103.48584760068954
13	38	((0,(1,2)3)4,((((5,6)7,8)9,((10,11)12,13)14)15,(16,(17,(18,19)20)21)22)23)24	77.8096544646686
13	39	(0,((((1,(2,(3,(4,5)6)7)8)9,10)11,12)13,((14,15)16,((17,18)19,20)21)22)23)24	90.16616609125052
13	40	(0,(((1,2)3,((4,(((5,6)7,(8,9)10)11,(12,13)14)15)16,17)18)19,(20,21)22)23)24	101.73451930715362
13	41	(0,(1,((2,(3,4)5)6,(7,((((8,(9,10)11)12,13)14,(15,16)17)18,19)20)21)22)23)24	104.40961445460184
13	42	(0,(((1,2)3,4)5,(6,(((((7,8)9,(10,11)12)13,(14,15)16)17,18)19,20)21)22)23)24	100.3183594163603
13	43	((0,((1,((2,(3,(4,5)6)7)8,(9,10)11)12)13,(((14,15)16,17)18,19)20)21)22,23)24	98.97554815200498
13	44	((0,(1,(2,((3,4)5,(6,7)8)9)10)11)12,(((((13,14)15,16)17,18)19,20)21,22)23)24	78.39240378406971
13	45	(0,(((1,(((2,3)4,5)6,7)8)9,((10,(11,(12,13)14)15)16,17)18)19,(20,21)22)23)24	93.32795848892275
13	46	(0,(1,(((2,3)4,5)6,((7,(8,9)10)11,(((12,13)14,15)16,(17,18)19)20)21)22)23)24	97.57228047764372
13	47	(((0,(1,((2,3)4,((5,(6,((7,8)9,(10,11)12)13)14)15,16)17)18)19)20,21)22,23)24	117.3749546363573
13	48	((0,1)2,(((((3,4)5,6)7,8)9,10)11,((12,13)14,((15,(16,17)18)19,20)21)22)23)24	82.28027928882052
13	49	(0,(1,(2,((3,4)5,((((6,(7,(8,9)10)11)12,13)14,15)16,(17,18)19)20)21)22)23)24	111.329222153811
13	50	((0,1)2,(3,(((4,(5,(6,7)8)9)10,11)12,((13,14)15,((16,17)18,19)20)21)22)23)24	90.19858385073793
13	51	((((0,1)2,3)4,(5,(6,7)8)9)10,((11,(12,13)14)15,(16,(17,(18,19)20)21)22)23)24	71.7954241366132
13	52	((0,1)2,(3,(((4,(5,(6,(7,(8,((9,10)11,12)13)14)15)16)17)18,19)20,21)22)23)24	111.69431540184313
13	53	(0,(((1,((((2,3)4,((5,(6,(7,8)9)10)11,12)13)14,15)16,17)18)19,20)21,22)23)24	120.88421795130186
13	54	(0,(((1,(2,3)4)5,(((6,(7,(8,9)10)11)12,((13,14)15,16)17)18,19)20)21,22)23)24	101.37489138673192
13	55	((0,(((((1,(((2,3)4,5)6,7)8)9,(10,11)12)13,14)15,(16,17)18)19,20)21)22,23)24	112.69124355125679
13	56	(0,(1,((((2,3)4,5)6,7)8,(9,(((10,((11,12)13,14)15)16,17)18,19)20)21)22)23)24	101.28792389326183
13	57	((((0,1)2,(3,(4,(5,(((6,7)8,9)10,((11,12)13,14)15)16)17)18)19)20,21)22,23)24	111.41154248103261
13	58	(((0,((1,2)3,4)5)6,7)8,((9,((10,(11,12)13)14,15)16)17,(18,(19,20)21)22)23)24	74.9886665096448
13	59	(((0,(1,2)3)4,5)6,((7,8)9,(10,(11,(((12,13)14,15)16,(17,18)19)20)21)22)23)24	81.98228835729483
13	60	((0,1)2,((3,4)5,(((((6,((7,8)9,10)11)12,(13,14)15)16,17)18,19)20,21)22)23)24	98.94724275479032
13	61	((((0,1)2,(3,((4,5)6,(7,(8,9)10)11)12)13)14,((15,16)17,18)19)20,(21,22)23)24	86.73690192059385
13	62	(((0,1)2,3)4,((((5,6)7,(8,9)10)11,((12,13)14,15)16)17,(18,(19,20)21)22)23)24	78.84397197940721
13	63	((0,1)2,(((3,((4,5)6,((((7,(8,9)10)11,12)13,14)15,16)17)18)19,20)21,22)23)24	106.35398097444455
13	64	(((0,1)2,3)4,((5,(6,7)8)9,(((((10,(11,12)13)14,15)16,17)18,19)20,21)22)23)24	85.00354517337671
13	65	((((((0,(1,2)3)4,5)6,7)8,9)10,11)12,(13,((14,15)16,(17,(18,19)20)21)22)23)24	78.00327534867257
13	66	(((((0,1)2,3)4,5)6,7)8,((((9,10)11,12)13,14)15,((16,(17,18)19)20,21)22)23)24	73.9829410045837
13	67	((0,((1,(((((2,(3,4)5)6,(7,8)9)10,11)12,13)14,15)16)17,(18,19)20)21)22,23)24	113.30683345241924
13	68	((0,((1,2)3,4)5)6,((((7,(8,9)10)11,12)13,((14,15)16,17)18)19,(20,21)22)23)24	77.7820940674974
13	69	(0,((((1,2)3,4)5,((6,(7,(8,(9,10)11)12)13)14,15)16)17,((18,19)20,21)22)23)24	92.18823826905158
13	70	(((0,1)2,3)4,(((5,(6,(7,((8,((9,10)11,12)13)14,15)16)17)18)19,20)21,22)23)24	100.164791454311
13	71	((0,1)2,((3,(((4,(5,(6,7)8)9)10,((11,12)13,14)15)16,17)18)19,(20,21)22)23)24	95.67758771340426
13	72	((((((0,(1,2)3)4,(5,(6,(7,8)9)10)11)12,(13,(14,15)16)17)18,19)20,21)22,23)24	104.90083662520773
13	73	(((0,1)2,(3,4)5)6,((7,((8,(9,(10,11)12)13)14,(15,16)17)18)19,(20,21)22)23)24	80.67137479383415
13	74	((0,(1,(2,3)4)5)6,(((((7,8)9,10)11,(12,13)14)15,(16,(17,18)19)20)21,22)23)24	80.32045986037977
13	75	(((((((0,1)2,3)4,((5,6)7,(8,9)10)11)12,(13,(14,15)16)17)18,19)20,21)22,23)24	104.3839333298775
13	76	(((0,(1,(((2,3)4,(5,6)7)8,9)10)11)12,(13,(14,15)16)17)18,(19,(20,21)22)23)24	84.37044194765988
13	77	((0,1)2,(((3,4)5,((6,(7,8)9)10,11)12)13,(((14,15)16,(17,18)19)20,21)22)23)24	81.81451702741526
13	78	(((0,(((1,2)3,4)5,6)7)8,(9,(10,(((11,12)13,14)15,(16,17)18)19)20)21)22,23)24	89.71870589438373
13	79	((((0,(1,2)3)4,5)6,(7,(8,(9,((((10,11)12,13)14,15)16,17)18)19)20)21)22,23)24	95.92097172012046
13	80	((((0,((1,2)3,(4,(((5,6)7,(8,9)10)11,12)13)14)15)16,(17,18)19)20,21)22,23)24	109.03675889188521
13	81	((0,(1,((2,3)4,((5,(6,7)8)9,(((10,11)12,(13,14)15)16,17)18)19)20)21)22,23)24	107.6993817713381
13	82	((0,(1,2)3)4,((5,(6,7)8)9,((10,11)12,((13,14)15,((16,17)18,19)20)21)22)23)24	79.87347204493756
13	83	(0,(1,(2,((3,4)5,((6,(7,((8,(9,10)11)12,13)14)15)16,(17,18)19)20)21)22)23)24	111.329222153811
13	84	((0,(1,(2,3)4)5)6,(7,(8,(9,((((10,(11,12)13)14,15)16,17)18,19)20)21)22)23)24	90.40544966431351
13	85	((((((0,1)2,3)4,5)6,7)8,(9,((10,((11,12)13,14)15)16,17)18)19)20,(21,22)23)24	84.39412838280016
13	86	((((0,(1,((2,3)4,(((5,6)7,8)9,(10,11)12)13)14)15)16,(17,18)19)20,21)22,23)24	109.61831333614278
13	87	(((0,(1,(2,3)4)5)6,((7,(8,(9,10)11)12)13,(((14,15)16,17)18,19)20)21)22,23)24	86.93305541183078
13	88	(((((0,1)2,3)4,(((((5,6)7,8)9,((10,11)12,13)14)15,16)17,18)19)20,21)22,23)24	103.59034385088792
13	89	(((0,((1,(((2,3)4,(5,(6,7)8)9)10,11)12)13,(14,(15,16)17)18)19)20,21)22,23)24	108.82652762882805
13	90	(((((0,(1,2)3)4,5)6,7)8,9)10,((((11,12)13,14)15,(16,(17,18)19)20)21,22)23)24	76.1146476380124
13	91	(((0,1)2,(((((3,((4,5)6,(7,8)9)10)11,12)13,(14,15)16)17,18)19,20)21)22,23)24	107.34822111767895
13	92	(((((((0,1)2,3)4,5)6,(((7,(8,9)10)11,12)13,14)15)16,17)18,(19,20)21)22,23)24	99.39983709725422
13	93	(0,(((((1,2)3,(4,(5,((6,7)8,9)10)11)12)13,14)15,(16,(17,18)19)20)21,22)23)24	103.21164898540621
13	94	((0,(1,(2,(((3,4)5,((6,7)8,9)10)11,(((12,13)14,15)16,17)18)19)20)21)22,23)24	109.82181163650768
13	95	((((0,1)2,3)4,5)6,((((7,(8,(9,10)11)12)13,(14,(15,16)17)18)19,20)21,22)23)24	84.41590279366332
13	96	((0,1)2,((3,((4,(5,6)7)8,((9,10)11,(12,(13,14)15)16)17)18)19,(20,21)22)23)24	91.56938783124026
13	97	((0,1)2,(3,(((4,5)6,(7,(8,9)10)11)12,((13,14)15,((16,17)18,19)20)21)22)23)24	88.98954215598299
13	98	(((0,(1,(2,3)4)5)6,7)8,((((9,10)11,(((12,13)14,15)16,17)18)19,20)21,22)23)24	80.50311174838646
13	99	(0,(((1,2)3,((((4,(5,(6,(7,8)9)10)11)12,13)14,(15,16)17)18,19)20)21,22)23)24	109.63288048705813
