#size_tree	tree_index	tree	growth factor
22	0	(0,(1,(2,(3,(4,(5,(6,(7,(8,(9,(10,(11,(12,(13,(14,(15,(16,(17,(18,(19,(20,21)22)23)24)25)26)27)28)29)30)31)32)33)34)35)36)37)38)39)40)41)42	295.9118857545061
22	1	((((0,1)2,(3,(4,5)6)7)8,((9,(10,11)12)13,(14,(15,16)17)18)19)20,(((21,22)23,(24,(25,26)27)28)29,((30,(31,32)33)34,(35,(36,37)38)39)40)41)42	121.45443991162668
22	2	((0,(1,(((2,3)4,(5,6)7)8,(9,10)11)12)13)14,(15,((16,((((17,18)19,20)21,22)23,(24,25)26)27)28,(29,(30,(31,(32,(33,34)35)36)37)38)39)40)41)42	138.78382691368859
22	3	(0,((1,(2,3)4)5,((((6,7)8,9)10,(11,12)13)14,((((((15,16)17,(18,19)20)21,22)23,24)25,26)27,(28,((29,30)31,(32,(33,34)35)36)37)38)39)40)41)42	167.77196396990178
22	4	(0,((1,(2,(((3,((4,(5,((6,7)8,9)10)11)12,((13,14)15,(16,17)18)19)20)21,22)23,24)25)26)27,(28,(29,(30,((31,(32,33)34)35,36)37)38)39)40)41)42	184.6120729478561
22	5	(0,(1,(((((2,3)4,5)6,((7,(8,((9,10)11,12)13)14)15,16)17)18,(19,(20,21)22)23)24,((((25,26)27,28)29,(((30,31)32,33)34,35)36)37,38)39)40)41)42	174.35275581613038
22	6	(0,(1,(((2,((((3,(4,(5,(((6,(((7,(8,9)10)11,12)13,(14,15)16)17)18,19)20,21)22)23)24)25,((26,27)28,29)30)31,32)33,34)35)36,37)38,39)40)41)42	271.3299324482515
22	7	((0,((1,2)3,((((4,((((5,(6,7)8)9,10)11,12)13,(14,15)16)17)18,((19,(((20,21)22,(23,(24,25)26)27)28,29)30)31,32)33)34,35)36,37)38)39)40,41)42	218.20315732176027
22	8	((0,1)2,(3,((4,5)6,((((((7,((8,9)10,(11,(12,13)14)15)16)17,(18,(19,20)21)22)23,24)25,26)27,28)29,((30,((31,32)33,34)35)36,37)38)39)40)41)42	196.24174890755654
22	9	(((0,1)2,3)4,(((((5,(6,(7,(8,(9,10)11)12)13)14)15,(((16,17)18,19)20,21)22)23,((24,(25,26)27)28,(29,((30,31)32,33)34)35)36)37,38)39,40)41)42	174.57095011652248
22	10	(((0,(((((1,(2,3)4)5,6)7,8)9,((10,(((11,12)13,(14,((15,16)17,18)19)20)21,22)23)24,(25,(((26,27)28,29)30,31)32)33)34)35,36)37)38,39)40,41)42	212.18141071246137
22	11	((((0,1)2,(3,4)5)6,7)8,((((9,10)11,12)13,((14,15)16,(17,((18,(19,20)21)22,(23,(((((24,25)26,27)28,29)30,31)32,33)34)35)36)37)38)39,40)41)42	168.75593741554277
22	12	(((((0,((1,2)3,4)5)6,7)8,9)10,(11,((12,13)14,((15,16)17,18)19)20)21)22,(23,((24,(25,26)27)28,(29,(((30,31)32,(33,34)35)36,37)38)39)40)41)42	128.76571692306723
22	13	(0,(((1,2)3,((4,((5,((6,(7,(8,(9,(10,11)12)13)14)15)16,17)18)19,20)21)22,23)24)25,(((26,27)28,(29,(30,31)32)33)34,((35,36)37,38)39)40)41)42	171.91814802679716
22	14	(0,(1,(((2,3)4,(5,6)7)8,((9,10)11,((12,((13,14)15,16)17)18,(19,(20,(21,(22,((23,24)25,(26,(27,(28,29)30)31)32)33)34)35)36)37)38)39)40)41)42	198.9762714880474
22	15	(((0,1)2,((3,(4,(((5,6)7,((8,9)10,11)12)13,(((14,(15,16)17)18,(19,20)21)22,(((((23,24)25,26)27,28)29,30)31,32)33)34)35)36)37,38)39)40,41)42	213.04011774236983
22	16	(((((0,((1,(2,3)4)5,6)7)8,9)10,11)12,((13,((14,(15,(((16,17)18,19)20,21)22)23)24,25)26)27,(28,(29,(30,31)32)33)34)35)36,(37,(38,39)40)41)42	149.1808734573279
22	17	(((0,(1,((((2,(3,4)5)6,7)8,9)10,11)12)13)14,(15,(16,(((17,18)19,20)21,(22,(23,((24,(25,(26,27)28)29)30,31)32)33)34)35)36)37)38,(39,40)41)42	162.4156041742134
22	18	(((0,(1,2)3)4,(5,(6,(((7,((8,(((9,(10,(11,12)13)14)15,16)17,18)19)20,((21,22)23,((24,(25,26)27)28,29)30)31)32)33,34)35,36)37)38)39)40,41)42	224.79908408486548
22	19	((((((((((0,(1,2)3)4,5)6,(7,8)9)10,11)12,(13,14)15)16,((17,18)19,(20,(21,22)23)24)25)26,27)28,(29,30)31)32,(33,34)35)36,((37,38)39,40)41)42	178.83155732940043
22	20	((0,((1,((2,(3,((((4,((5,(6,7)8)9,10)11)12,13)14,15)16,17)18)19)20,(21,(((22,23)24,(25,(26,(27,28)29)30)31)32,33)34)35)36)37,38)39)40,41)42	218.06707228185965
22	21	(0,((((1,((2,((3,4)5,((6,7)8,9)10)11)12,13)14)15,(16,17)18)19,(20,(21,22)23)24)25,((26,((((27,28)29,30)31,32)33,(34,35)36)37)38,39)40)41)42	160.58217727106017
22	22	(0,(((1,2)3,(4,((5,6)7,8)9)10)11,(((12,13)14,((15,(((16,17)18,19)20,21)22)23,((24,(25,26)27)28,29)30)31)32,(33,(34,(35,36)37)38)39)40)41)42	158.94406200837741
22	23	(((0,1)2,3)4,(((((5,((6,(7,8)9)10,((11,12)13,14)15)16)17,(18,(19,20)21)22)23,24)25,26)27,((28,(((29,(30,31)32)33,34)35,36)37)38,39)40)41)42	156.25089086364937
22	24	((0,1)2,(3,(4,((((5,6)7,8)9,((10,((11,(12,((13,14)15,(16,(17,18)19)20)21)22)23,((24,(25,26)27)28,29)30)31)32,(33,34)35)36)37,38)39)40)41)42	217.75332325441997
22	25	((0,((1,(((2,3)4,(5,(((6,7)8,9)10,11)12)13)14,15)16)17,(((18,19)20,(((21,22)23,24)25,((26,(27,(28,29)30)31)32,33)34)35)36,37)38)39)40,41)42	180.0827308722327
22	26	(((0,(((((1,(2,3)4)5,6)7,(8,9)10)11,(12,(13,(14,(((15,16)17,18)19,20)21)22)23)24)25,((26,(27,28)29)30,(31,32)33)34)35)36,37)38,(39,40)41)42	186.33458923435506
22	27	((0,(1,2)3)4,(((((5,6)7,8)9,(10,(((11,((12,((13,14)15,16)17)18,(19,((20,21)22,23)24)25)26)27,28)29,(30,31)32)33)34)35,(36,37)38)39,40)41)42	195.36148378505231
22	28	(0,(1,((2,(((3,(4,(5,6)7)8)9,(10,((11,(12,(13,14)15)16)17,(18,19)20)21)22)23,((24,25)26,(27,(28,((29,30)31,32)33)34)35)36)37)38,39)40)41)42	207.04217437420218
22	29	((0,(1,2)3)4,((5,((((6,7)8,9)10,11)12,13)14)15,((((16,17)18,(19,((20,(21,22)23)24,((25,26)27,28)29)30)31)32,((33,34)35,36)37)38,39)40)41)42	155.97851860169024
22	30	(((((0,1)2,((3,(4,(5,((6,((((7,(8,9)10)11,12)13,14)15,16)17)18,19)20)21)22)23,((24,(25,26)27)28,29)30)31)32,(33,34)35)36,(37,38)39)40,41)42	209.5658351520915
22	31	((0,((1,((((2,(3,4)5)6,(7,8)9)10,(11,((12,(((13,14)15,(16,17)18)19,20)21)22,(23,24)25)26)27)28,((29,(30,31)32)33,34)35)36)37,38)39)40,41)42	215.02820580901368
22	32	(0,(((((((1,2)3,(((4,5)6,(7,8)9)10,(11,12)13)14)15,16)17,18)19,(((20,21)22,(23,24)25)26,((27,28)29,30)31)32)33,34)35,(36,(37,38)39)40)41)42	183.6988620913442
22	33	(((((0,(1,((2,3)4,((5,6)7,8)9)10)11)12,13)14,(15,(16,((17,(18,(19,20)21)22)23,((24,25)26,((27,28)29,30)31)32)33)34)35)36,(37,38)39)40,41)42	176.35241918770927
22	34	(0,(((1,(2,((3,(((4,5)6,7)8,9)10)11,((12,((13,14)15,((16,17)18,19)20)21)22,((23,24)25,26)27)28)29)30)31,(32,33)34)35,((36,37)38,39)40)41)42	197.7864266333681
22	35	(((0,((1,2)3,(4,5)6)7)8,((9,((10,11)12,13)14)15,((16,17)18,(19,(((((((20,21)22,23)24,25)26,27)28,29)30,(31,32)33)34,35)36)37)38)39)40,41)42	172.95071332674286
22	36	(((0,(1,2)3)4,(5,(((6,7)8,9)10,((11,(12,(13,((14,(15,16)17)18,((19,20)21,((22,23)24,25)26)27)28)29)30)31,32)33)34)35)36,(37,(38,39)40)41)42	187.88579899392033
22	37	((0,(1,2)3)4,(((5,((6,7)8,(((9,10)11,12)13,(14,15)16)17)18)19,(20,((21,(22,((23,24)25,26)27)28)29,(((30,31)32,33)34,35)36)37)38)39,40)41)42	163.2358105633254
22	38	((0,1)2,((((3,((4,(5,6)7)8,9)10)11,12)13,((14,(15,((16,(17,(18,19)20)21)22,((23,24)25,(26,((27,28)29,30)31)32)33)34)35)36,37)38)39,40)41)42	185.72967197421846
22	39	(0,(((1,2)3,(4,((((5,(6,7)8)9,((10,((11,12)13,14)15)16,17)18)19,20)21,22)23)24)25,((26,(27,(28,29)30)31)32,(33,(34,(35,36)37)38)39)40)41)42	166.5184353931965
22	40	(((0,(1,((2,(3,((4,(5,(6,(((7,8)9,10)11,12)13)14)15)16,17)18)19)20,(21,22)23)24)25)26,27)28,(((29,(30,31)32)33,34)35,((36,37)38,39)40)41)42	175.47183453584458
22	41	((0,(((1,((2,3)4,(((5,(6,7)8)9,((10,11)12,13)14)15,16)17)18)19,((20,21)22,23)24)25,(26,(((27,((28,29)30,31)32)33,34)35,36)37)38)39)40,41)42	181.5786931424553
22	42	(0,(((1,(((2,((3,((((((4,(5,6)7)8,((9,10)11,12)13)14,((15,(16,17)18)19,20)21)22,23)24,25)26,27)28)29,30)31)32,33)34,35)36)37,38)39,40)41)42	282.01438167576316
22	43	(0,(1,((((2,(3,(4,(5,6)7)8)9)10,(11,(12,((13,(((14,15)16,(17,(((18,19)20,21)22,23)24)25)26,27)28)29,30)31)32)33)34,35)36,(37,38)39)40)41)42	223.40154072844328
22	44	((((0,(1,2)3)4,((5,6)7,(8,(((9,10)11,((12,(13,14)15)16,17)18)19,20)21)22)23)24,((25,(26,27)28)29,(((30,(31,32)33)34,35)36,37)38)39)40,41)42	157.89960090493113
22	45	(0,(1,(((2,(3,(4,((((((5,(6,7)8)9,(((10,(11,12)13)14,15)16,17)18)19,20)21,22)23,24)25,26)27)28)29)30,31)32,(((33,34)35,36)37,38)39)40)41)42	236.75080123696767
22	46	((0,((1,2)3,(4,(5,((6,7)8,9)10)11)12)13)14,((15,16)17,(((18,((19,(((20,((21,22)23,24)25)26,(27,28)29)30,31)32)33,34)35)36,37)38,39)40)41)42	158.07501843402542
22	47	(0,(((1,(((2,(3,((4,5)6,7)8)9)10,(((11,(12,((13,14)15,(((16,17)18,19)20,(21,22)23)24)25)26)27,28)29,30)31)32,33)34)35,(36,37)38)39,40)41)42	228.68476147020527
22	48	((0,((((1,2)3,(4,((5,6)7,((8,(9,10)11)12,(((13,14)15,16)17,18)19)20)21)22)23,(24,(25,26)27)28)29,30)31)32,((33,(34,(35,36)37)38)39,40)41)42	175.09487944161788
22	49	(((0,(1,(2,3)4)5)6,(7,((8,9)10,(((((11,(12,13)14)15,(((16,17)18,19)20,21)22)23,(24,25)26)27,28)29,((30,31)32,(33,34)35)36)37)38)39)40,41)42	187.76804147451608
22	50	((((0,(1,(2,3)4)5)6,7)8,((9,(10,((11,(12,13)14)15,(((16,17)18,((19,20)21,(22,(23,24)25)26)27)28,(29,30)31)32)33)34)35,(36,37)38)39)40,41)42	184.7973493801961
22	51	(((((((0,1)2,((3,4)5,((((6,7)8,9)10,11)12,13)14)15)16,17)18,(19,(((20,21)22,23)24,25)26)27)28,((29,30)31,(32,(33,34)35)36)37)38,39)40,41)42	182.25149220970218
22	52	(0,(((1,(2,3)4)5,(((6,7)8,(9,((10,(11,12)13)14,((15,(16,(17,(18,19)20)21)22)23,24)25)26)27)28,(((29,30)31,32)33,(34,35)36)37)38)39,40)41)42	192.35660699538096
22	53	(0,((((1,(2,(3,4)5)6)7,8)9,10)11,((12,(13,14)15)16,(17,((18,(((19,(20,(((21,(22,23)24)25,26)27,28)29)30)31,32)33,34)35)36,37)38)39)40)41)42	183.6576444275172
22	54	(0,(((1,(2,((3,((4,(((((5,6)7,8)9,10)11,12)13,14)15)16,17)18)19,(20,(21,22)23)24)25)26)27,(28,(((29,30)31,(32,33)34)35,36)37)38)39,40)41)42	199.79791560794408
22	55	(((((0,(1,(((2,3)4,5)6,7)8)9)10,11)12,(13,14)15)16,17)18,(19,((((20,(21,22)23)24,((25,26)27,(((28,29)30,31)32,33)34)35)36,37)38,39)40)41)42	143.50080145697004
22	56	((((((0,(1,(2,(3,((4,(5,6)7)8,((9,10)11,12)13)14)15)16)17)18,19)20,(21,(22,(23,24)25)26)27)28,(29,30)31)32,((33,34)35,(36,37)38)39)40,41)42	187.65654604010925
22	57	(0,(1,((((((((2,(3,((4,(5,(6,(7,8)9)10)11)12,((13,(14,15)16)17,18)19)20)21)22,(23,(24,25)26)27)28,29)30,31)32,33)34,35)36,37)38,39)40)41)42	267.3141854916883
22	58	((((((0,(1,(((((2,3)4,5)6,7)8,(9,(10,((11,(12,13)14)15,((16,17)18,19)20)21)22)23)24,25)26)27)28,((29,30)31,32)33)34,35)36,37)38,39)40,41)42	243.00158504360715
22	59	((0,((((1,(2,((3,((4,(((((5,((6,7)8,9)10)11,12)13,14)15,16)17,18)19)20,((21,22)23,24)25)26)27,28)29)30)31,32)33,(34,35)36)37,38)39)40,41)42	263.22534443538467
22	60	((0,(1,((((((2,(3,(((4,5)6,(7,(8,(9,10)11)12)13)14,((15,16)17,18)19)20)21)22,(23,(24,(25,26)27)28)29)30,31)32,33)34,35)36,37)38)39)40,41)42	255.85166124955845
22	61	(((0,(1,(((2,3)4,5)6,7)8)9)10,(11,((((12,13)14,15)16,(17,18)19)20,(21,(22,23)24)25)26)27)28,((((29,30)31,32)33,(34,(35,36)37)38)39,40)41)42	132.15822591143703
22	62	(((0,1)2,(((3,4)5,(6,(7,(((8,(((9,10)11,12)13,14)15)16,17)18,19)20)21)22)23,24)25)26,((27,(28,(((29,30)31,32)33,(34,35)36)37)38)39,40)41)42	153.07236484088168
22	63	((0,1)2,((3,((((4,((5,6)7,8)9)10,11)12,(((((13,14)15,16)17,18)19,20)21,(22,(23,24)25)26)27)28,(((29,30)31,(32,33)34)35,36)37)38)39,40)41)42	185.22544230080646
22	64	(((((0,1)2,(3,4)5)6,(((7,(8,9)10)11,12)13,14)15)16,(17,(18,(19,((20,(21,22)23)24,25)26)27)28)29)30,((31,32)33,((34,(35,36)37)38,39)40)41)42	132.63541127568894
22	65	((0,(((((((1,2)3,4)5,((((6,7)8,9)10,11)12,((13,14)15,(((((16,17)18,(19,20)21)22,23)24,25)26,27)28)29)30)31,32)33,34)35,36)37,38)39)40,41)42	243.11711195007592
22	66	((0,(1,2)3)4,((5,6)7,((8,((9,(((((((10,11)12,13)14,15)16,17)18,((19,20)21,22)23)24,25)26,(27,(28,29)30)31)32)33,34)35)36,(37,38)39)40)41)42	198.9997307998363
22	67	(((0,1)2,(3,(4,((((5,6)7,8)9,(10,(11,((12,13)14,(15,16)17)18)19)20)21,22)23)24)25)26,(((27,(28,29)30)31,(((32,33)34,35)36,37)38)39,40)41)42	150.90641087787262
22	68	(0,(((1,(2,((((((3,4)5,(6,((7,8)9,10)11)12)13,14)15,16)17,18)19,20)21)22)23,(((24,(((25,(26,27)28)29,30)31,32)33)34,35)36,37)38)39,40)41)42	194.20511411055443
22	69	((((0,(1,((2,((3,4)5,6)7)8,(((9,10)11,12)13,14)15)16)17)18,19)20,((((21,(22,(23,24)25)26)27,28)29,30)31,(32,33)34)35)36,((37,38)39,40)41)42	153.35868074292807
22	70	(((((0,1)2,(3,(4,((5,6)7,8)9)10)11)12,((13,14)15,16)17)18,19)20,((21,(((22,(23,24)25)26,(27,28)29)30,(31,(32,33)34)35)36)37,(38,39)40)41)42	132.99115314243645
22	71	((((((0,1)2,(((3,((4,((5,6)7,8)9)10,11)12)13,(14,15)16)17,18)19)20,(21,((22,(23,24)25)26,((27,28)29,30)31)32)33)34,35)36,37)38,(39,40)41)42	189.5874621406216
22	72	(((0,((1,2)3,4)5)6,(7,(((8,9)10,(11,((12,(13,14)15)16,(17,((18,(19,(20,21)22)23)24,(25,(26,27)28)29)30)31)32)33)34,35)36)37)38,(39,40)41)42	192.44319015024072
22	73	((0,((((1,((((2,3)4,5)6,(((7,8)9,10)11,12)13)14,15)16)17,18)19,((20,((21,22)23,((24,(25,26)27)28,(29,30)31)32)33)34,35)36)37,38)39)40,41)42	199.2515380835557
22	74	(((((0,(((1,2)3,4)5,((6,7)8,9)10)11)12,((13,14)15,16)17)18,19)20,((21,22)23,(24,25)26)27)28,((29,(30,((31,(32,33)34)35,36)37)38)39,40)41)42	139.03981509872406
22	75	((0,(1,((((2,3)4,((5,(6,7)8)9,((10,(11,12)13)14,(15,(16,((17,18)19,(20,(((21,22)23,24)25,26)27)28)29)30)31)32)33)34,35)36,37)38)39)40,41)42	241.5212255040421
22	76	((0,(1,(2,3)4)5)6,(((7,((8,9)10,11)12)13,14)15,(((((16,17)18,(19,(((20,21)22,23)24,25)26)27)28,(29,(30,31)32)33)34,(35,36)37)38,39)40)41)42	154.27947501866603
22	77	(((0,1)2,(3,(4,(((5,((6,7)8,((9,(10,(11,12)13)14)15,16)17)18)19,(20,21)22)23,24)25)26)27)28,(29,(30,(31,((32,(33,34)35)36,37)38)39)40)41)42	163.19085992923098
22	78	(0,((1,2)3,(4,(5,(((6,(7,8)9)10,((11,12)13,(14,((15,(16,(17,((18,19)20,21)22)23)24)25,(26,27)28)29)30)31)32,(33,(34,35)36)37)38)39)40)41)42	216.29483087490274
22	79	(((0,((1,2)3,((4,5)6,7)8)9)10,((((11,(12,((13,((14,(15,(16,17)18)19)20,21)22)23,24)25)26)27,28)29,30)31,(32,(33,34)35)36)37)38,(39,40)41)42	170.6822888623284
22	80	(0,(((((1,2)3,4)5,(6,(((7,8)9,(((10,((11,12)13,14)15)16,17)18,19)20)21,22)23)24)25,26)27,(28,((29,(((30,31)32,33)34,35)36)37,38)39)40)41)42	173.4053404391552
22	81	(0,(((1,((2,((((((3,((4,(5,(6,7)8)9)10,11)12)13,14)15,(16,17)18)19,20)21,(22,23)24)25,26)27)28,(29,30)31)32)33,((34,35)36,37)38)39,40)41)42	232.01816559930134
22	82	((0,(1,(((2,3)4,5)6,(((7,8)9,10)11,((12,(13,((14,((((15,16)17,18)19,20)21,22)23)24,25)26)27)28,((29,(30,31)32)33,34)35)36)37)38)39)40,41)42	212.64814000974468
22	83	(0,(1,(2,(((((3,(((((4,5)6,((7,(8,9)10)11,12)13)14,(15,(((16,17)18,(19,20)21)22,23)24)25)26,27)28,29)30)31,32)33,34)35,36)37,38)39)40)41)42	271.3946395066713
22	84	(0,((((1,2)3,4)5,6)7,(8,(((9,10)11,((((12,((13,14)15,16)17)18,19)20,21)22,(((23,(24,(25,26)27)28)29,30)31,32)33)34)35,(36,37)38)39)40)41)42	189.2970154744937
22	85	((((((0,(((1,2)3,((((((4,(5,(6,7)8)9)10,11)12,13)14,(15,16)17)18,19)20,(21,22)23)24)25,26)27)28,29)30,31)32,33)34,(35,(36,37)38)39)40,41)42	236.19513929307269
22	86	(((0,((1,(2,3)4)5,((((6,(7,(((8,9)10,(11,12)13)14,(15,16)17)18)19)20,21)22,((23,24)25,26)27)28,(29,30)31)32)33)34,35)36,(37,(38,39)40)41)42	196.04498793701367
22	87	(0,(((1,(((2,3)4,((5,6)7,8)9)10,((11,(((12,(13,14)15)16,17)18,((19,20)21,22)23)24)25,((26,(27,28)29)30,(31,32)33)34)35)36)37,38)39,40)41)42	209.34089844193127
22	88	((((0,((((1,(2,3)4)5,6)7,(8,9)10)11,(12,(13,14)15)16)17)18,((19,20)21,(((((22,23)24,25)26,27)28,29)30,((31,32)33,34)35)36)37)38,39)40,41)42	174.1488644370404
22	89	(0,(1,(((2,3)4,5)6,((7,(((8,((9,10)11,(12,(13,(14,(15,(16,17)18)19)20)21)22)23)24,((25,26)27,(28,29)30)31)32,(33,34)35)36)37,38)39)40)41)42	219.33359835910994
22	90	((((0,((1,2)3,((4,(((5,6)7,8)9,10)11)12,13)14)15)16,((((17,18)19,(20,((21,22)23,24)25)26)27,(28,29)30)31,32)33)34,(35,(36,37)38)39)40,41)42	168.9089088454508
22	91	(0,(((((1,(2,(3,((4,5)6,(7,((8,((9,(10,11)12)13,(14,((15,16)17,18)19)20)21)22,23)24)25)26)27)28)29,30)31,32)33,(34,35)36)37,(38,39)40)41)42	245.40944173641958
22	92	(((0,(1,((((2,(((((3,4)5,6)7,8)9,10)11,12)13)14,15)16,17)18,((19,(20,21)22)23,24)25)26)27)28,29)30,(((31,32)33,34)35,((36,37)38,39)40)41)42	174.20576010699295
22	93	(0,(1,(((2,((3,((4,5)6,7)8)9,10)11)12,13)14,((15,(((16,(17,18)19)20,21)22,23)24)25,(26,(((27,((28,29)30,31)32)33,34)35,36)37)38)39)40)41)42	176.373447709684
22	94	((((0,(((1,((2,3)4,((((5,6)7,8)9,10)11,(12,13)14)15)16)17,(18,19)20)21,(22,23)24)25)26,(27,(((28,29)30,31)32,33)34)35)36,37)38,(39,40)41)42	189.3040487158839
22	95	((0,1)2,(3,((((4,5)6,((7,(8,(9,(10,11)12)13)14)15,((16,(17,(18,19)20)21)22,((23,((24,25)26,27)28)29,(30,31)32)33)34)35)36,37)38,39)40)41)42	207.44392891511905
22	96	((0,1)2,(((((3,4)5,6)7,8)9,10)11,((12,(13,14)15)16,(17,((18,(((19,((20,((21,22)23,24)25)26,(27,28)29)30)31,32)33,34)35)36,37)38)39)40)41)42	179.49861646329697
22	97	((((((0,(((1,((((2,3)4,5)6,7)8,9)10)11,(12,((13,(14,15)16)17,18)19)20)21,((22,23)24,25)26)27)28,29)30,(31,32)33)34,(35,36)37)38,39)40,41)42	222.7388692744828
22	98	(0,(((((1,2)3,((((4,5)6,(7,8)9)10,11)12,13)14)15,(((16,17)18,19)20,(((21,(22,23)24)25,26)27,28)29)30)31,32)33,(34,((35,36)37,38)39)40)41)42	173.48079543724026
22	99	((0,(((1,2)3,4)5,(6,(7,8)9)10)11)12,(13,(((14,15)16,((17,((18,(((19,20)21,22)23,24)25)26,27)28)29,(30,31)32)33)34,((35,36)37,38)39)40)41)42	150.90529329671762
