#size_tree	tree_index	tree	growth factor
9	0	(0,(1,(2,(3,(4,(5,(6,(7,8)9)10)11)12)13)14)15)16	70.65268158494455
9	1	(((0,1)2,(3,4)5)6,((7,8)9,(10,(11,12)13)14)15)16	49.06659074960962
9	2	(((0,1)2,(3,(((4,5)6,(7,8)9)10,11)12)13)14,15)16	62.91912281467638
9	3	((0,((1,((2,3)4,5)6)7,(8,9)10)11)12,(13,14)15)16	58.33664530153641
9	4	(0,(((1,2)3,((4,5)6,((7,8)9,10)11)12)13,14)15)16	63.63583369597765
9	5	((((0,1)2,(3,4)5)6,(((7,8)9,10)11,12)13)14,15)16	57.030500885307276
9	6	(0,(((1,(2,3)4)5,(((6,7)8,9)10,11)12)13,14)15)16	62.91041091104286
9	7	(((0,((1,(2,(3,4)5)6)7,8)9)10,11)12,(13,14)15)16	61.884024839332255
9	8	((0,((1,(2,(3,((4,5)6,7)8)9)10)11,12)13)14,15)16	70.65268158494455
9	9	(((0,1)2,((3,((4,5)6,(7,8)9)10)11,12)13)14,15)16	62.919122814676406
9	10	((0,((1,(2,(3,(4,5)6)7)8)9,(10,11)12)13)14,15)16	65.56922495895755
9	11	((((0,1)2,3)4,(5,((6,(7,8)9)10,11)12)13)14,15)16	59.27677060525487
9	12	(((0,((1,2)3,4)5)6,(7,8)9)10,(11,(12,13)14)15)16	51.75147680192761
9	13	((0,((1,2)3,4)5)6,(7,((8,9)10,(11,12)13)14)15)16	50.667093596156676
9	14	((0,(1,((2,(3,4)5)6,((7,8)9,10)11)12)13)14,15)16	66.04766517276086
9	15	(0,((1,2)3,(4,(((5,6)7,(8,9)10)11,12)13)14)15)16	62.91912281467639
9	16	(0,(((1,(2,3)4)5,(6,(7,8)9)10)11,(12,13)14)15)16	59.21394408076381
9	17	((0,(1,(2,(3,4)5)6)7)8,(((9,10)11,12)13,14)15)16	51.41671139934355
9	18	((0,((((1,2)3,4)5,(6,7)8)9,10)11)12,(13,14)15)16	59.802680180643456
9	19	((0,((1,2)3,(4,5)6)7)8,((9,10)11,(12,13)14)15)16	50.09415528338244
9	20	(((0,((1,2)3,((4,5)6,7)8)9)10,11)12,(13,14)15)16	59.80268018064347
9	21	((0,(1,(2,((3,4)5,(6,7)8)9)10)11)12,(13,14)15)16	60.99880147875135
9	22	((0,1)2,((((3,4)5,6)7,(8,(9,10)11)12)13,14)15)16	57.12760039109173
9	23	((0,(1,((2,3)4,5)6)7)8,((9,(10,11)12)13,14)15)16	51.41671139934354
9	24	((0,(((((1,2)3,4)5,6)7,8)9,(10,11)12)13)14,15)16	65.56922495895755
9	25	(0,(((1,(((2,3)4,5)6,7)8)9,10)11,(12,13)14)15)16	63.76837811262785
9	26	((((((0,(1,2)3)4,5)6,(7,8)9)10,11)12,13)14,15)16	67.21511595863981
9	27	((0,(1,((2,3)4,5)6)7)8,(((9,10)11,12)13,14)15)16	51.41671139934354
9	28	(0,(((1,2)3,4)5,((6,7)8,((9,10)11,12)13)14)15)16	57.426864722397035
9	29	((((((0,1)2,3)4,5)6,7)8,((9,10)11,12)13)14,15)16	59.27677060525488
9	30	(0,(1,(2,(((3,4)5,((6,7)8,9)10)11,12)13)14)15)16	68.64138830477395
9	31	((0,(((1,2)3,4)5,((6,(7,8)9)10,11)12)13)14,15)16	62.91041091104286
9	32	(((0,(1,((2,3)4,(5,6)7)8)9)10,11)12,(13,14)15)16	60.99880147875137
9	33	(0,(1,((2,(3,4)5)6,((7,8)9,(10,11)12)13)14)15)16	62.16359291860322
9	34	(((((0,(1,(2,3)4)5)6,7)8,(9,10)11)12,13)14,15)16	65.56922495895755
9	35	(((((((0,1)2,(3,4)5)6,7)8,9)10,11)12,13)14,15)16	69.79909823036168
9	36	(((0,((((1,2)3,(4,5)6)7,8)9,10)11)12,13)14,15)16	69.79909823036168
9	37	(0,((1,2)3,(((4,((5,6)7,8)9)10,11)12,13)14)15)16	63.76837811262788
9	38	(((0,(1,(2,3)4)5)6,((7,8)9,10)11)12,(13,14)15)16	53.89923053686669
9	39	((0,(((1,(2,3)4)5,6)7,((8,9)10,11)12)13)14,15)16	62.91041091104286
9	40	(0,(1,((((2,3)4,5)6,7)8,(9,(10,11)12)13)14)15)16	62.910410911042874
9	41	((0,(1,((2,3)4,(5,(6,(7,8)9)10)11)12)13)14,15)16	67.21511595863983
9	42	(0,(1,(((((2,3)4,5)6,(7,8)9)10,11)12,13)14)15)16	68.64138830477395
9	43	(((0,1)2,3)4,(((5,6)7,8)9,(10,(11,12)13)14)15)16	50.58768385485557
9	44	(((((((0,1)2,3)4,(5,6)7)8,9)10,11)12,13)14,15)16	68.64138830477395
9	45	((0,(1,((2,(3,4)5)6,(7,8)9)10)11)12,(13,14)15)16	59.802680180643456
9	46	((((((0,1)2,(3,4)5)6,(7,8)9)10,11)12,13)14,15)16	66.4100894153537
9	47	((0,1)2,(3,(4,(5,((6,(7,8)9)10,11)12)13)14)15)16	61.884024839332255
9	48	((0,(1,((2,3)4,5)6)7)8,(9,(10,(11,12)13)14)15)16	51.41671139934355
9	49	(((0,1)2,3)4,((5,(6,((7,8)9,10)11)12)13,14)15)16	55.188652693712434
9	50	(0,((((1,((2,3)4,(5,6)7)8)9,10)11,12)13,14)15)16	69.7990982303617
9	51	(0,((((1,((2,3)4,5)6)7,8)9,(10,11)12)13,14)15)16	65.56922495895755
9	52	(((0,1)2,(((3,4)5,6)7,8)9)10,((11,12)13,14)15)16	51.75147680192761
9	53	((0,1)2,((3,(4,(5,6)7)8)9,((10,11)12,13)14)15)16	53.89923053686669
9	54	(0,(1,((2,(3,4)5)6,(7,(8,(9,10)11)12)13)14)15)16	62.91041091104286
9	55	(0,(1,(((2,(3,4)5)6,(7,8)9)10,(11,12)13)14)15)16	63.63583369597764
9	56	((((0,1)2,3)4,((((5,6)7,8)9,10)11,12)13)14,15)16	59.27677060525488
9	57	((0,1)2,(((3,4)5,(6,7)8)9,(10,(11,12)13)14)15)16	53.14270278307375
9	58	(((0,1)2,(3,(4,5)6)7)8,((9,(10,11)12)13,14)15)16	49.675209549768375
9	59	((((((0,((1,2)3,4)5)6,7)8,9)10,11)12,13)14,15)16	70.65268158494455
9	60	(0,((1,((2,((3,4)5,(6,7)8)9)10,11)12)13,14)15)16	69.7990982303617
9	61	(((0,(((1,(2,3)4)5,6)7,(8,9)10)11)12,13)14,15)16	67.21511595863981
9	62	((0,((1,2)3,(4,5)6)7)8,((9,(10,11)12)13,14)15)16	50.66709359615671
9	63	((((0,(1,2)3)4,(5,6)7)8,9)10,((11,12)13,14)15)16	53.161293159973354
9	64	(((0,1)2,((3,4)5,(6,(7,(8,9)10)11)12)13)14,15)16	60.36768764884612
9	65	((0,(1,2)3)4,(5,((6,7)8,(9,(10,11)12)13)14)15)16	53.16129315997335
9	66	(((((0,1)2,3)4,(5,6)7)8,(9,10)11)12,(13,14)15)16	54.666448713634765
9	67	((0,(((((1,(2,3)4)5,6)7,8)9,10)11,12)13)14,15)16	70.65268158494455
9	68	(0,((1,(2,((3,4)5,((6,7)8,9)10)11)12)13,14)15)16	68.64138830477393
9	69	((0,1)2,((3,4)5,((((6,7)8,9)10,11)12,13)14)15)16	56.65683882833485
9	70	(0,(1,(2,((((3,(4,5)6)7,8)9,10)11,12)13)14)15)16	70.65268158494453
9	71	(((0,1)2,3)4,(((5,6)7,8)9,((10,11)12,13)14)15)16	50.587683854855285
9	72	((0,1)2,((3,(4,(5,((6,7)8,9)10)11)12)13,14)15)16	61.884024839332255
9	73	(0,((1,2)3,(4,(5,(6,(7,(8,9)10)11)12)13)14)15)16	63.76837811262789
9	74	((0,((1,(2,(3,4)5)6)7,(8,(9,10)11)12)13)14,15)16	62.910410911042845
9	75	(((0,(1,(2,3)4)5)6,(7,8)9)10,((11,12)13,14)15)16	51.75147680192761
9	76	((((0,1)2,(3,(4,(5,6)7)8)9)10,(11,12)13)14,15)16	60.36768764884612
9	77	(0,(1,((2,((3,4)5,(6,7)8)9)10,(11,12)13)14)15)16	64.74667013746159
9	78	((0,(1,(((2,3)4,5)6,7)8)9)10,((11,12)13,14)15)16	55.18865269371245
9	79	(((0,1)2,3)4,((5,6)7,((8,9)10,(11,12)13)14)15)16	50.95970885981161
9	80	(((0,1)2,(((3,(4,(5,6)7)8)9,10)11,12)13)14,15)16	63.768378112627865
9	81	(0,(((1,(2,(((3,4)5,6)7,8)9)10)11,12)13,14)15)16	70.65268158494453
9	82	((((((0,(1,2)3)4,5)6,7)8,9)10,(11,12)13)14,15)16	63.76837811262789
9	83	(((0,(((((1,2)3,4)5,6)7,8)9,10)11)12,13)14,15)16	70.65268158494453
9	84	((0,(1,(2,((3,4)5,(6,7)8)9)10)11)12,(13,14)15)16	60.99880147875135
9	85	(((0,(((1,(2,3)4)5,(6,7)8)9,10)11)12,13)14,15)16	68.64138830477395
9	86	(0,(((((1,2)3,4)5,(6,7)8)9,10)11,(12,13)14)15)16	61.77228358902031
9	87	((0,1)2,(((3,(((4,5)6,7)8,9)10)11,12)13,14)15)16	61.884024839332255
9	88	(0,(1,(2,((((3,4)5,6)7,(8,9)10)11,12)13)14)15)16	68.64138830477395
9	89	((0,1)2,(((((3,4)5,6)7,(8,9)10)11,12)13,14)15)16	59.80268018064344
9	90	(((0,((1,2)3,4)5)6,(7,(8,(9,10)11)12)13)14,15)16	57.699652481535566
9	91	(0,(1,((((2,3)4,5)6,7)8,((9,10)11,12)13)14)15)16	62.91041091104286
9	92	((0,1)2,(3,(((4,5)6,7)8,((9,10)11,12)13)14)15)16	57.12760039109173
9	93	(((0,1)2,(3,((4,5)6,((7,8)9,10)11)12)13)14,15)16	61.77228358902034
9	94	((0,((1,(2,3)4)5,(6,(7,8)9)10)11)12,(13,14)15)16	57.127600391091725
9	95	((0,(1,2)3)4,(((5,((6,7)8,9)10)11,12)13,14)15)16	55.188652693712456
9	96	((0,(1,(2,(3,((4,5)6,(7,8)9)10)11)12)13)14,15)16	69.79909823036168
9	97	((0,1)2,((3,((4,5)6,((7,8)9,10)11)12)13,14)15)16	59.802680180643456
9	98	(((0,1)2,((3,((4,(5,6)7)8,9)10)11,12)13)14,15)16	63.76837811262788
9	99	((0,1)2,(3,((4,(((5,6)7,8)9,10)11)12,13)14)15)16	61.88402483933224
