#size_tree	tree_index	tree	growth factor
10	0	(0,(1,(2,(3,(4,(5,(6,(7,(8,9)10)11)12)13)14)15)16)17)18	82.85805869306198
10	1	(((0,1)2,(3,(4,5)6)7)8,((9,10)11,(12,(13,14)15)16)17)18	54.63586351447903
10	2	(((((0,1)2,(3,4)5)6,(7,8)9)10,11)12,(13,(14,15)16)17)18	60.97240360851528
10	3	((0,1)2,(((((3,(4,(5,6)7)8)9,10)11,12)13,14)15,16)17)18	72.990701560341
10	4	(((0,(((1,2)3,4)5,((6,7)8,(9,10)11)12)13)14,15)16,17)18	75.12409684058495
10	5	(((((0,1)2,3)4,5)6,(7,(8,9)10)11)12,(13,(14,15)16)17)18	57.73689014235512
10	6	(0,(((1,((2,3)4,((5,6)7,8)9)10)11,(12,13)14)15,16)17)18	74.73968730551819
10	7	(0,(1,((((2,(3,4)5)6,7)8,9)10,((11,12)13,14)15)16)17)18	72.52435122343076
10	8	(((((0,1)2,3)4,(5,6)7)8,9)10,(((11,12)13,14)15,16)17)18	57.74741451261002
10	9	(0,(1,((2,(3,4)5)6,((7,(8,9)10)11,(12,13)14)15)16)17)18	70.85977586282567
10	10	((0,1)2,(3,((4,((5,(6,7)8)9,(10,11)12)13)14,15)16)17)18	71.08315173494958
10	11	(((0,((1,2)3,4)5)6,(((7,8)9,10)11,12)13)14,(15,16)17)18	60.85324540847093
10	12	(((0,(((1,2)3,4)5,6)7)8,9)10,((11,(12,13)14)15,16)17)18	59.489977839883515
10	13	((0,1)2,(((3,(4,(((5,6)7,8)9,10)11)12)13,14)15,16)17)18	72.990701560341
10	14	(0,((1,2)3,((4,5)6,((7,((8,9)10,11)12)13,14)15)16)17)18	70.12029059902316
10	15	((0,1)2,(3,(4,(5,(6,(((7,8)9,10)11,12)13)14)15)16)17)18	72.99070156034101
10	16	((0,1)2,((3,((4,5)6,(7,((8,9)10,11)12)13)14)15,16)17)18	69.73272798449068
10	17	((0,((1,(2,(3,(4,5)6)7)8)9,((10,11)12,13)14)15)16,17)18	72.52435122343073
10	18	(((0,(1,2)3)4,5)6,(7,(8,((9,(10,11)12)13,14)15)16)17)18	59.489977839883515
10	19	((0,((1,(2,(3,((4,(5,6)7)8,9)10)11)12)13,14)15)16,17)18	82.85805869306198
10	20	((0,(((1,(2,3)4)5,6)7,((8,9)10,11)12)13)14,(15,16)17)18	65.6849597226617
10	21	((0,(1,2)3)4,((5,(6,((7,(8,9)10)11,12)13)14)15,16)17)18	64.96552422889513
10	22	(((0,1)2,3)4,((5,6)7,(8,((9,10)11,(12,13)14)15)16)17)18	59.434435045024934
10	23	(((((0,(1,(2,3)4)5)6,7)8,9)10,(11,(12,13)14)15)16,17)18	68.88171595316895
10	24	((0,(((((1,2)3,4)5,(6,(7,8)9)10)11,12)13,14)15)16,17)18	78.6598110424863
10	25	(((0,1)2,(3,4)5)6,((7,(((8,9)10,11)12,13)14)15,16)17)18	59.0825719127051
10	26	(((0,1)2,(((3,4)5,6)7,8)9)10,(11,(12,(13,14)15)16)17)18	56.545275728956945
10	27	(((0,1)2,(((3,4)5,((6,7)8,(9,10)11)12)13,14)15)16,17)18	70.88988676764394
10	28	(((0,(((1,2)3,4)5,(6,(7,8)9)10)11)12,(13,14)15)16,17)18	70.56321133345234
10	29	(0,(((1,((2,(3,(4,(5,6)7)8)9)10,11)12)13,14)15,16)17)18	82.85805869306198
10	30	(((((0,1)2,3)4,(5,((6,(7,8)9)10,11)12)13)14,15)16,17)18	72.52435122343074
10	31	((0,1)2,((3,4)5,(6,((7,((8,9)10,11)12)13,14)15)16)17)18	66.47557218656947
10	32	(0,(1,(2,(3,((((4,5)6,(7,8)9)10,11)12,13)14)15)16)17)18	82.08063199523215
10	33	(0,(1,(((((2,3)4,(5,(6,7)8)9)10,11)12,13)14,15)16)17)18	81.02382582606481
10	34	((0,1)2,(3,(4,(((5,((6,7)8,9)10)11,12)13,14)15)16)17)18	72.99070156034101
10	35	(((((0,(1,2)3)4,5)6,7)8,(9,10)11)12,((13,14)15,16)17)18	60.197807575806905
10	36	((0,(1,(2,((3,4)5,((6,7)8,(9,10)11)12)13)14)15)16,17)18	78.98299174246918
10	37	((0,1)2,((3,((4,5)6,(7,8)9)10)11,((12,13)14,15)16)17)18	61.569123050968116
10	38	(0,((1,2)3,(4,((5,6)7,(((8,9)10,11)12,13)14)15)16)17)18	71.62333643724854
10	39	(((((0,1)2,(((3,4)5,6)7,(8,9)10)11)12,13)14,15)16,17)18	76.44839761089467
10	40	((((0,1)2,(3,(((4,5)6,7)8,9)10)11)12,13)14,(15,16)17)18	68.17640319878242
10	41	((((0,1)2,(3,4)5)6,7)8,(9,(10,(11,(12,13)14)15)16)17)18	56.904171791947554
10	42	(0,((((1,(2,((3,4)5,6)7)8)9,(10,11)12)13,14)15,16)17)18	78.20250170309083
10	43	((0,1)2,(3,(((4,(((5,6)7,8)9,10)11)12,13)14,15)16)17)18	72.99070156034101
10	44	((((((0,1)2,(3,(4,5)6)7)8,(9,10)11)12,13)14,15)16,17)18	76.44839761089466
10	45	((0,(((1,2)3,(4,5)6)7,(8,((9,10)11,12)13)14)15)16,17)18	70.52488515883199
10	46	((0,(1,((((2,(3,4)5)6,7)8,9)10,11)12)13)14,(15,16)17)18	72.99070156034101
10	47	((0,1)2,((((3,(4,5)6)7,8)9,(10,11)12)13,(14,15)16)17)18	63.30289929541015
10	48	(((((0,1)2,(3,4)5)6,7)8,9)10,(11,(12,(13,14)15)16)17)18	58.74379067055862
10	49	(0,((((1,2)3,4)5,(6,7)8)9,(((10,11)12,13)14,15)16)17)18	64.17796439489902
10	50	(((((0,(1,2)3)4,5)6,(7,8)9)10,((11,12)13,14)15)16,17)18	65.8888081317559
10	51	((((((0,1)2,(3,(4,5)6)7)8,9)10,(11,12)13)14,15)16,17)18	74.73968730551822
10	52	(0,(((1,2)3,(((4,5)6,(7,8)9)10,11)12)13,(14,15)16)17)18	69.37613057143044
10	53	(((((0,(1,(2,(3,(4,5)6)7)8)9)10,11)12,13)14,15)16,17)18	82.85805869306196
10	54	(0,((((1,(2,(3,4)5)6)7,8)9,10)11,((12,13)14,15)16)17)18	68.88171595316895
10	55	((((0,1)2,(3,4)5)6,7)8,(9,((10,11)12,(13,14)15)16)17)18	56.29104096703473
10	56	(0,(1,(2,(((3,4)5,6)7,(((8,9)10,11)12,13)14)15)16)17)18	75.80842065123173
10	57	(((0,(1,(2,3)4)5)6,(7,8)9)10,((11,12)13,(14,15)16)17)18	56.070071431711
10	58	((0,(1,(((2,3)4,(5,6)7)8,(9,10)11)12)13)14,(15,16)17)18	68.97243437377787
10	59	((0,(((1,2)3,((4,5)6,(7,(8,9)10)11)12)13,14)15)16,17)18	76.44839761089467
10	60	((((((((0,1)2,3)4,5)6,7)8,(9,10)11)12,13)14,15)16,17)18	78.20250170309085
10	61	(0,(1,(2,(((((3,4)5,(6,7)8)9,10)11,12)13,14)15)16)17)18	82.08063199523217
10	62	((0,(1,(2,3)4)5)6,((((7,8)9,10)11,(12,13)14)15,16)17)18	57.74741451261002
10	63	((0,((1,2)3,((4,5)6,(7,(8,(9,10)11)12)13)14)15)16,17)18	73.47156398646914
10	64	(0,((((1,(2,3)4)5,(6,(7,8)9)10)11,12)13,(14,15)16)17)18	70.56321133345233
10	65	((((((0,1)2,3)4,(5,(6,7)8)9)10,11)12,(13,14)15)16,17)18	70.56321133345234
10	66	((0,(((1,2)3,4)5,((6,(7,8)9)10,11)12)13)14,(15,16)17)18	65.68495972266172
10	67	(((0,1)2,((((3,4)5,6)7,(8,9)10)11,(12,13)14)15)16,17)18	68.37225359522716
10	68	(0,(1,(2,(3,((4,5)6,((7,(8,9)10)11,12)13)14)15)16)17)18	79.71762771214806
10	69	(0,((((1,(2,(3,(4,5)6)7)8)9,(10,11)12)13,14)15,16)17)18	78.20250170309083
10	70	(0,(1,((2,(3,(((4,(5,6)7)8,9)10,11)12)13)14,15)16)17)18	82.85805869306198
10	71	(0,((1,(2,((3,4)5,(6,(7,(8,9)10)11)12)13)14)15,16)17)18	79.71762771214807
10	72	(((0,(1,2)3)4,5)6,((7,((8,9)10,11)12)13,(14,15)16)17)18	56.54527572895694
10	73	(0,((1,(((2,(3,(4,5)6)7)8,(9,10)11)12,13)14)15,16)17)18	79.71762771214806
10	74	(((0,((1,2)3,((4,5)6,7)8)9)10,((11,12)13,14)15)16,17)18	67.12242568929628
10	75	((0,(1,(2,(((((3,4)5,6)7,8)9,10)11,12)13)14)15)16,17)18	82.85805869306198
10	76	(((((0,1)2,(3,(4,5)6)7)8,(9,(10,11)12)13)14,15)16,17)18	70.85977586282567
10	77	(0,((((((1,(2,3)4)5,6)7,8)9,10)11,(12,13)14)15,16)17)18	76.531484081251
10	78	(((((0,1)2,(3,((4,5)6,(7,8)9)10)11)12,13)14,15)16,17)18	77.45768459855626
10	79	((0,(1,(2,3)4)5)6,(7,((8,(9,(10,11)12)13)14,15)16)17)18	59.48997783988353
10	80	(0,(1,((2,(3,(4,5)6)7)8,((9,10)11,(12,13)14)15)16)17)18	70.524885158832
10	81	(((0,((1,(2,(3,((4,5)6,7)8)9)10)11,12)13)14,15)16,17)18	82.85805869306198
10	82	((0,((1,(2,3)4)5,(6,7)8)9)10,(11,((12,13)14,15)16)17)18	57.747414512610014
10	83	(0,((1,(2,(((3,4)5,6)7,(8,9)10)11)12)13,(14,15)16)17)18	72.92774899667091
10	84	(((0,(1,(2,3)4)5)6,((7,((8,9)10,11)12)13,14)15)16,17)18	65.72918882840509
10	85	((0,1)2,(((((3,4)5,(6,7)8)9,10)11,12)13,(14,15)16)17)18	65.68192970686417
10	86	((0,(1,2)3)4,((5,6)7,(((8,(9,10)11)12,13)14,15)16)17)18	60.197807575806905
10	87	((((((0,1)2,3)4,(5,6)7)8,(9,10)11)12,13)14,(15,16)17)18	66.35993418008108
10	88	(((0,1)2,(3,4)5)6,((7,(8,(9,10)11)12)13,(14,15)16)17)18	56.07007143171098
10	89	(((0,1)2,(3,(4,(5,((6,7)8,(9,10)11)12)13)14)15)16,17)18	73.9882210156898
10	90	((0,((((1,(2,3)4)5,6)7,8)9,((10,11)12,13)14)15)16,17)18	72.52435122343073
10	91	((0,((1,2)3,(4,(((5,6)7,8)9,10)11)12)13)14,(15,16)17)18	68.17640319878242
10	92	(0,(((((1,(2,3)4)5,((6,7)8,9)10)11,12)13,14)15,16)17)18	78.6598110424863
10	93	((0,1)2,((3,((4,((5,(6,7)8)9,10)11)12,13)14)15,16)17)18	72.99070156034101
10	94	((0,((1,((2,((3,4)5,(6,7)8)9)10,11)12)13,14)15)16,17)18	82.08063199523217
10	95	(((((0,(1,2)3)4,5)6,(((7,8)9,10)11,12)13)14,15)16,17)18	71.14624839713832
10	96	((0,(1,(((((2,3)4,5)6,(7,8)9)10,11)12,13)14)15)16,17)18	81.02382582606482
10	97	(0,((1,(2,(((3,4)5,6)7,(8,9)10)11)12)13,(14,15)16)17)18	72.92774899667091
10	98	((((((0,1)2,3)4,5)6,((7,8)9,(10,11)12)13)14,15)16,17)18	70.524885158832
10	99	(((0,(((1,(2,(3,4)5)6)7,8)9,(10,11)12)13)14,15)16,17)18	78.20250170309085
