#size_tree	tree_index	tree	growth factor
23	0	(0,(1,(2,(3,(4,(5,(6,(7,(8,(9,(10,(11,(12,(13,(14,(15,(16,(17,(18,(19,(20,(21,22)23)24)25)26)27)28)29)30)31)32)33)34)35)36)37)38)39)40)41)42)43)44	319.15928679221975
23	1	((((0,1)2,(3,(4,5)6)7)8,((9,(10,11)12)13,(14,(15,16)17)18)19)20,(((21,(22,23)24)25,(26,(27,28)29)30)31,((32,(33,34)35)36,(37,(38,39)40)41)42)43)44	127.01328625671363
23	2	(0,((1,2)3,(((((4,5)6,7)8,9)10,(((11,12)13,((14,15)16,((17,(18,(19,20)21)22)23,(24,25)26)27)28)29,(30,(((31,32)33,34)35,36)37)38)39)40,41)42)43)44	202.3893105567497
23	3	((((0,(1,(2,3)4)5)6,7)8,(((((9,(10,11)12)13,14)15,(16,17)18)19,(20,((((21,(22,23)24)25,26)27,28)29,30)31)32)33,((34,(35,36)37)38,39)40)41)42,43)44	170.67396240824775
23	4	(0,((1,2)3,(((4,5)6,((7,((8,((9,(10,11)12)13,14)15)16,17)18)19,(20,(21,(22,(((23,((24,25)26,(27,28)29)30)31,32)33,34)35)36)37)38)39)40,41)42)43)44	217.25879009967133
23	5	((0,(1,(2,(((3,(((4,(5,((6,7)8,((9,10)11,((12,13)14,15)16)17)18)19)20,21)22,(23,24)25)26)27,(28,(29,(30,31)32)33)34)35,36)37)38)39)40,(41,42)43)44	245.59474940135638
23	6	(0,((((((1,2)3,(((4,(5,6)7)8,9)10,(11,((12,(13,(14,15)16)17)18,(19,20)21)22)23)24)25,26)27,(28,((29,30)31,((32,33)34,35)36)37)38)39,40)41,42)43)44	214.98423295838725
23	7	((0,((1,(((2,(3,4)5)6,(((((((7,8)9,(10,(11,((12,13)14,(15,16)17)18)19)20)21,22)23,24)25,26)27,(28,(29,30)31)32)33,34)35)36,37)38)39,40)41)42,43)44	265.3410109635298
23	8	((0,1)2,((3,((4,5)6,7)8)9,((10,((((11,12)13,((14,(15,(16,17)18)19)20,21)22)23,(((24,(25,(26,27)28)29)30,31)32,(33,34)35)36)37,38)39)40,41)42)43)44	197.51392305978322
23	9	(((0,(1,2)3)4,(((5,((6,(7,(8,(9,10)11)12)13)14,((15,(16,(17,(18,19)20)21)22)23,24)25)26)27,28)29,(30,(31,(((32,33)34,35)36,37)38)39)40)41)42,43)44	187.6049313826564
23	10	((0,((((((1,(2,(3,4)5)6)7,8)9,10)11,12)13,14)15,((16,17)18,19)20)21)22,(23,(((24,(25,26)27)28,(((29,30)31,((32,33)34,35)36)37,38)39)40,41)42)43)44	146.5699672306783
23	11	(((((0,1)2,(3,(4,5)6)7)8,(9,(((10,(11,(12,13)14)15)16,(17,18)19)20,((21,22)23,(24,(25,(26,(27,((28,29)30,31)32)33)34)35)36)37)38)39)40,41)42,43)44	199.09431993010085
23	12	((0,((1,(2,(((((3,((((((4,5)6,(7,(8,9)10)11)12,(13,14)15)16,(17,18)19)20,21)22,(23,24)25)26)27,28)29,30)31,32)33,34)35)36)37,38)39)40,(41,42)43)44	281.46556943082993
23	13	((0,((1,(((((((2,(3,(4,(5,(6,7)8)9)10)11)12,13)14,((15,16)17,18)19)20,21)22,(23,(24,25)26)27)28,29)30,31)32)33,(34,35)36)37)38,((39,40)41,42)43)44	227.5509719794047
23	14	(((0,(((((1,(2,(3,4)5)6)7,8)9,(((10,(11,((12,(13,(14,15)16)17)18,19)20)21)22,23)24,25)26)27,(28,(29,30)31)32)33,34)35)36,(37,38)39)40,(41,42)43)44	215.15529900071672
23	15	(((0,(1,((2,((3,(4,5)6)7,(((8,(9,(10,11)12)13)14,15)16,(17,18)19)20)21)22,(23,((24,25)26,(27,(28,29)30)31)32)33)34)35)36,((37,38)39,40)41)42,43)44	208.40459522777388
23	16	((((0,((1,((((2,((3,(((4,5)6,(7,8)9)10,11)12)13,14)15)16,(17,(18,19)20)21)22,23)24,25)26)27,28)29)30,(31,(32,33)34)35)36,37)38,(39,(40,41)42)43)44	228.22283840442492
23	17	((((0,(((1,2)3,(4,(((5,6)7,8)9,(10,(((11,(12,(13,((14,(15,16)17)18,19)20)21)22)23,24)25,(26,27)28)29)30)31)32)33,(34,35)36)37)38,39)40,41)42,43)44	261.92084284636957
23	18	((0,(1,((((2,(3,4)5)6,7)8,9)10,(11,12)13)14)15)16,(17,(18,((19,(20,(21,(22,(23,((24,25)26,(27,(28,29)30)31)32)33)34)35)36)37,(38,39)40)41)42)43)44	165.6190925424946
23	19	(((0,((((((1,2)3,(4,((5,6)7,((8,(9,10)11)12,13)14)15)16)17,18)19,20)21,(22,23)24)25,((26,27)28,(29,(30,(31,32)33)34)35)36)37)38,39)40,(41,42)43)44	208.49563189895127
23	20	(((0,(((((1,2)3,(4,((((5,6)7,8)9,10)11,(12,13)14)15)16)17,(18,19)20)21,(22,23)24)25,26)27)28,((29,30)31,32)33)34,((35,((36,37)38,39)40)41,42)43)44	180.42863557448345
23	21	((0,1)2,((3,4)5,((6,7)8,((9,((((10,11)12,(13,((14,15)16,17)18)19)20,(21,(22,(23,24)25)26)27)28,((29,(30,31)32)33,34)35)36)37,(38,39)40)41)42)43)44	202.83010422730206
23	22	(((0,((1,((2,((3,4)5,(6,((7,8)9,10)11)12)13)14,15)16)17,18)19)20,21)22,(23,((24,((25,(26,(27,28)29)30)31,(32,(33,(34,35)36)37)38)39)40,41)42)43)44	156.4526850373563
23	23	((0,(1,(2,((3,4)5,((6,(7,(8,(((9,10)11,(12,13)14)15,(16,((17,(18,19)20)21,22)23)24)25)26)27)28,(((29,30)31,(32,33)34)35,36)37)38)39)40)41)42,43)44	243.95987970128766
23	24	(((0,(1,(2,3)4)5)6,((((7,((8,((9,(10,(11,((12,(13,14)15)16,17)18)19)20)21,22)23)24,25)26)27,28)29,((30,31)32,((33,34)35,36)37)38)39,40)41)42,43)44	207.5485464037856
23	25	(((0,1)2,(3,4)5)6,((((7,((8,(((9,(((10,(11,12)13)14,15)16,(17,(18,19)20)21)22)23,24)25,26)27)28,29)30)31,((32,33)34,35)36)37,38)39,(40,41)42)43)44	206.69497685068174
23	26	(0,(((1,(((2,3)4,5)6,((7,8)9,(10,((11,((((12,13)14,(15,16)17)18,(19,20)21)22,((23,24)25,(26,27)28)29)30)31,(32,33)34)35)36)37)38)39,40)41,42)43)44	249.43899202374575
23	27	((0,((((1,2)3,(4,5)6)7,8)9,(10,(((11,12)13,(14,((15,(((((16,17)18,(19,(20,21)22)23)24,25)26,27)28,29)30)31,(32,33)34)35)36)37,38)39)40)41)42,43)44	227.98747131360645
23	28	((((0,(((1,2)3,4)5,(6,((7,((8,((9,10)11,((12,13)14,(15,(16,(17,18)19)20)21)22)23)24,25)26)27,(28,(29,(30,31)32)33)34)35)36)37)38,39)40,41)42,43)44	250.0786642025848
23	29	(0,(1,(((((2,3)4,(5,(6,(7,8)9)10)11)12,13)14,(15,(16,(17,((18,19)20,21)22)23)24)25)26,(27,(28,(((29,(30,31)32)33,(34,35)36)37,38)39)40)41)42)43)44	183.39510486765758
23	30	(((((0,1)2,(((3,(4,5)6)7,(8,(9,10)11)12)13,(14,((15,(16,(17,18)19)20)21,(22,((23,24)25,((26,27)28,29)30)31)32)33)34)35)36,(37,38)39)40,41)42,43)44	211.68002800313798
23	31	((((0,1)2,((3,4)5,(((((6,7)8,(9,10)11)12,(((13,14)15,16)17,18)19)20,21)22,23)24)25)26,27)28,((29,(30,(31,((32,(33,34)35)36,37)38)39)40)41,42)43)44	161.51006225352182
23	32	(0,(((1,(((((2,3)4,5)6,(7,8)9)10,11)12,(13,((14,(((15,16)17,18)19,((20,21)22,((23,24)25,(26,(27,28)29)30)31)32)33)34,35)36)37)38)39,40)41,42)43)44	235.50455677707123
23	33	(((0,(((1,(2,(((3,4)5,(6,((7,8)9,10)11)12)13,(14,(15,16)17)18)19)20)21,(22,(23,((24,25)26,27)28)29)30)31,32)33)34,35)36,(37,(38,(39,40)41)42)43)44	200.99351211569785
23	34	(((0,1)2,(((3,4)5,(((6,7)8,9)10,((11,(12,13)14)15,((16,(17,((18,19)20,((21,22)23,24)25)26)27)28,29)30)31)32)33,34)35)36,((37,38)39,(40,41)42)43)44	189.10740033831442
23	35	((0,(1,2)3)4,(5,(((6,(7,8)9)10,((11,((12,(13,14)15)16,(((((17,(18,19)20)21,22)23,24)25,26)27,28)29)30)31,((32,33)34,(35,36)37)38)39)40,41)42)43)44	202.21431417319698
23	36	(((((0,(((1,(((2,((3,4)5,((6,7)8,((((9,10)11,12)13,14)15,16)17)18)19)20,21)22,23)24)25,26)27,28)29)30,31)32,33)34,35)36,(37,(38,(39,40)41)42)43)44	248.56772541054931
23	37	(((((0,(1,2)3)4,((5,6)7,((((8,9)10,(11,12)13)14,15)16,17)18)19)20,((21,(22,(23,((24,25)26,27)28)29)30)31,((32,(33,34)35)36,37)38)39)40,41)42,43)44	180.40356089285135
23	38	((((0,(1,2)3)4,(((((5,6)7,8)9,10)11,(12,(13,14)15)16)17,(18,19)20)21)22,(((23,24)25,(26,((27,(28,29)30)31,(32,33)34)35)36)37,(38,39)40)41)42,43)44	159.91062539962726
23	39	(0,(1,((2,3)4,((5,6)7,(((8,((9,((10,(11,((12,((13,((14,15)16,17)18)19,20)21)22,(23,24)25)26)27)28,29)30)31,(32,33)34)35)36,37)38,39)40)41)42)43)44	267.11355085738677
23	40	((0,(1,(2,((3,(4,5)6)7,8)9)10)11)12,((((13,((((14,15)16,(17,(18,(19,20)21)22)23)24,(25,26)27)28,(29,30)31)32)33,((34,35)36,37)38)39,40)41,42)43)44	170.18489138238672
23	41	((0,(1,(2,3)4)5)6,((7,((8,9)10,11)12)13,(((14,15)16,(((17,18)19,(20,((21,(22,23)24)25,26)27)28)29,(((30,31)32,(33,34)35)36,37)38)39)40,41)42)43)44	168.26713036820783
23	42	((0,((1,2)3,((4,5)6,7)8)9)10,((11,(12,13)14)15,(16,((17,18)19,(20,((21,22)23,((24,(25,(((26,27)28,29)30,(31,32)33)34)35)36,37)38)39)40)41)42)43)44	171.7060464566914
23	43	(((0,(((1,2)3,((4,(5,6)7)8,9)10)11,((12,(13,14)15)16,(((17,18)19,(((((20,(21,22)23)24,25)26,27)28,29)30,31)32)33,34)35)36)37)38,39)40,(41,42)43)44	202.81807664727577
23	44	(0,((1,((2,3)4,5)6)7,(8,(((((9,(10,(11,((12,(13,((14,15)16,17)18)19)20,((21,22)23,24)25)26)27)28)29,30)31,((32,33)34,35)36)37,38)39,40)41)42)43)44	230.1466124119172
23	45	(0,(1,(((2,(3,(4,((5,6)7,8)9)10)11)12,(13,((((14,15)16,((17,18)19,((((20,21)22,23)24,25)26,27)28)29)30,((31,32)33,34)35)36,37)38)39)40,41)42)43)44	220.108793927667
23	46	(((0,(1,2)3)4,(((5,(6,((((7,8)9,10)11,(12,(13,14)15)16)17,(18,((19,20)21,22)23)24)25)26)27,28)29,(30,31)32)33)34,(35,((36,37)38,(39,40)41)42)43)44	176.00375101008177
23	47	(((((0,1)2,(3,4)5)6,(7,8)9)10,(11,(12,(13,(((14,15)16,17)18,(19,20)21)22)23)24)25)26,((27,28)29,(30,(((31,32)33,((34,35)36,37)38)39,40)41)42)43)44	136.14843937029818
23	48	(0,(((1,((2,3)4,(((5,6)7,8)9,10)11)12)13,14)15,(16,(((17,(18,19)20)21,(((((22,(23,24)25)26,(27,28)29)30,31)32,33)34,(35,36)37)38)39,40)41)42)43)44	179.3859038624856
23	49	((((0,(1,2)3)4,((5,(6,7)8)9,(10,(11,((12,(13,14)15)16,(17,((18,((19,20)21,(((22,23)24,25)26,27)28)29)30,31)32)33)34)35)36)37)38,39)40,(41,42)43)44	214.89967203555386
23	50	((0,1)2,((3,4)5,(6,(7,(((8,(9,10)11)12,((((13,(14,((15,16)17,18)19)20)21,22)23,24)25,((26,27)28,(29,30)31)32)33)34,((35,36)37,38)39)40)41)42)43)44	212.60457891686667
23	51	((((0,1)2,3)4,(5,(((6,(7,((8,9)10,((11,12)13,((((14,15)16,17)18,(((((19,20)21,22)23,24)25,26)27,28)29)30,31)32)33)34)35)36,37)38,39)40)41)42,43)44	251.56589159515818
23	52	((((0,1)2,(3,(4,5)6)7)8,(9,((((10,(11,(12,13)14)15)16,17)18,((((19,20)21,(22,23)24)25,(((26,27)28,29)30,31)32)33,(34,35)36)37)38,39)40)41)42,43)44	190.97776332507874
23	53	((((0,(1,2)3)4,5)6,7)8,((9,((10,11)12,((((13,(14,((15,16)17,(((18,19)20,21)22,(23,(24,25)26)27)28)29)30)31,32)33,34)35,(36,37)38)39)40)41,42)43)44	205.00183737510207
23	54	(((((0,(((1,((((2,(3,(4,5)6)7)8,9)10,(11,((12,13)14,(15,16)17)18)19)20,21)22)23,24)25,26)27)28,29)30,31)32,((33,34)35,((36,37)38,39)40)41)42,43)44	227.5537286784558
23	55	((0,((1,2)3,4)5)6,(((((7,(8,9)10)11,(12,13)14)15,16)17,18)19,((((20,(21,((22,23)24,25)26)27)28,(((29,30)31,32)33,34)35)36,37)38,(39,40)41)42)43)44	153.7452293034659
23	56	(0,(((1,((2,(((((3,4)5,6)7,8)9,(10,11)12)13,(14,15)16)17)18,((((19,20)21,22)23,24)25,(26,((27,(28,29)30)31,32)33)34)35)36)37,38)39,(40,41)42)43)44	210.56040700275065
23	57	(0,(1,((2,((((3,4)5,6)7,(8,(((((9,((10,(11,12)13)14,15)16)17,(18,19)20)21,22)23,(24,(25,26)27)28)29,(30,31)32)33)34)35,(36,37)38)39)40,41)42)43)44	250.89449261267382
23	58	(0,(((1,((((((2,((3,(4,5)6)7,(((8,9)10,11)12,(13,14)15)16)17)18,19)20,(21,22)23)24,25)26,(27,(28,29)30)31)32,(33,34)35)36)37,38)39,(40,41)42)43)44	242.0112356034968
23	59	(0,(((1,(2,((3,4)5,6)7)8)9,(10,(((((((((11,12)13,14)15,16)17,((18,(19,20)21)22,(23,24)25)26)27,(28,29)30)31,32)33,34)35,36)37,38)39)40)41,42)43)44	230.26309446117102
23	60	(((((((0,(1,2)3)4,(5,(6,(((7,(8,9)10)11,((12,((13,(14,(15,16)17)18)19,20)21)22,23)24)25,26)27)28)29)30,(31,32)33)34,35)36,(37,38)39)40,41)42,43)44	247.86534619120093
23	61	(0,(1,((2,3)4,((5,6)7,((((((8,9)10,(11,(12,13)14)15)16,(17,(((18,19)20,21)22,(23,(24,25)26)27)28)29)30,(31,32)33)34,(35,36)37)38,39)40)41)42)43)44	233.31351078841894
23	62	((0,((1,2)3,((((4,(5,6)7)8,(9,((10,((11,12)13,14)15)16,17)18)19)20,((21,(((22,(23,24)25)26,27)28,(29,30)31)32)33,34)35)36,37)38)39)40,(41,42)43)44	204.88810945802592
23	63	(((((((0,1)2,3)4,(5,(6,7)8)9)10,11)12,(13,14)15)16,(17,(18,(19,(((20,21)22,23)24,(((25,(26,(27,28)29)30)31,32)33,(34,35)36)37)38)39)40)41)42,43)44	175.70097069494767
23	64	(((0,(1,((2,(3,((4,5)6,7)8)9)10,((11,(12,(((13,14)15,(16,17)18)19,20)21)22)23,24)25)26)27)28,((29,30)31,32)33)34,((((35,36)37,38)39,40)41,42)43)44	174.43674592785268
23	65	(0,(((1,2)3,((((((4,(5,((6,((7,8)9,10)11)12,((13,(14,15)16)17,18)19)20)21)22,23)24,25)26,27)28,(((29,(30,31)32)33,34)35,36)37)38,39)40)41,42)43)44	237.69002480255094
23	66	(((0,1)2,3)4,((((5,(6,7)8)9,10)11,((((((((12,(13,14)15)16,17)18,19)20,21)22,23)24,25)26,(27,(28,29)30)31)32,33)34)35,((36,37)38,(39,40)41)42)43)44	172.2976338194104
23	67	(((((0,(1,(2,(3,(4,5)6)7)8)9)10,(11,(12,13)14)15)16,((17,18)19,((20,((21,22)23,(24,(25,26)27)28)29)30,(31,32)33)34)35)36,(37,(38,39)40)41)42,43)44	173.5151284489688
23	68	(0,(((1,2)3,4)5,(6,(((7,(8,(9,((10,(11,(12,(((13,14)15,16)17,18)19)20)21)22,(23,(24,25)26)27)28)29)30)31,(32,(33,(34,35)36)37)38)39,40)41)42)43)44	227.66672941502136
23	69	(0,(((1,(2,((3,(((4,5)6,7)8,((((9,(10,11)12)13,14)15,((16,(17,(18,19)20)21)22,23)24)25,26)27)28)29,((30,31)32,33)34)35)36)37,38)39,(40,41)42)43)44	244.33883632207704
23	70	(((((0,(1,2)3)4,(5,6)7)8,9)10,11)12,((13,(((14,15)16,17)18,((((19,((20,21)22,23)24)25,(26,27)28)29,(30,31)32)33,34)35)36)37,(38,(39,40)41)42)43)44	154.9754284079903
23	71	(0,((1,((((((2,(((((3,4)5,6)7,8)9,10)11,12)13)14,15)16,17)18,((19,((20,21)22,23)24)25,((26,27)28,29)30)31)32,33)34,35)36)37,(38,(39,40)41)42)43)44	221.13456879062582
23	72	(((0,(((1,(2,3)4)5,6)7,((8,9)10,((11,12)13,14)15)16)17)18,(((19,(((20,((21,22)23,(24,25)26)27)28,(29,30)31)32,33)34)35,(36,37)38)39,40)41)42,43)44	170.20730773313386
23	73	((0,(1,(2,3)4)5)6,(((7,8)9,(((10,11)12,(13,14)15)16,(17,((18,(19,(((20,21)22,23)24,(25,26)27)28)29)30,31)32)33)34)35,((36,(37,38)39)40,41)42)43)44	167.06689224886486
23	74	(((0,((1,((2,3)4,(5,6)7)8)9,(((((10,11)12,13)14,(15,16)17)18,(19,(20,((((21,22)23,(24,25)26)27,(28,29)30)31,32)33)34)35)36,37)38)39)40,41)42,43)44	218.43604869013018
23	75	(0,(((1,(((((2,(3,4)5)6,((7,8)9,10)11)12,(13,14)15)16,17)18,((19,(((((20,21)22,23)24,(25,26)27)28,29)30,31)32)33,34)35)36)37,(38,39)40)41,42)43)44	217.71925556739512
23	76	(((((0,(((1,2)3,4)5,(6,7)8)9)10,11)12,13)14,(15,((16,(17,(18,(19,(20,(((21,(22,23)24)25,((26,27)28,29)30)31,32)33)34)35)36)37)38,39)40)41)42,43)44	196.6617928687591
23	77	(0,((1,(2,3)4)5,(((6,7)8,9)10,(11,((12,((((13,14)15,16)17,18)19,20)21)22,((23,24)25,((26,((27,28)29,30)31)32,(33,(34,35)36)37)38)39)40)41)42)43)44	193.18560113184677
23	78	(0,(((((1,2)3,4)5,6)7,(((8,9)10,11)12,(((13,14)15,(((16,((17,18)19,((20,21)22,23)24)25)26,27)28,((29,30)31,32)33)34)35,(36,37)38)39)40)41,42)43)44	205.73363972275232
23	79	(0,(1,(((2,((3,4)5,6)7)8,9)10,(11,((((12,(13,(14,(15,16)17)18)19)20,(((21,(22,23)24)25,(26,(27,28)29)30)31,(32,33)34)35)36,37)38,39)40)41)42)43)44	214.80858291604602
23	80	((0,1)2,((3,(((4,5)6,((7,8)9,10)11)12,(13,((14,15)16,17)18)19)20)21,((22,23)24,((((25,(26,27)28)29,(30,(31,(32,33)34)35)36)37,38)39,40)41)42)43)44	159.79904965936464
23	81	(((0,(1,(2,(((3,((4,5)6,(7,(8,(9,10)11)12)13)14)15,(16,17)18)19,20)21)22)23)24,25)26,(27,(28,(29,(30,(((31,32)33,(34,35)36)37,38)39)40)41)42)43)44	169.26717796414283
23	82	((((0,1)2,(3,(((4,(5,6)7)8,9)10,11)12)13)14,15)16,(((17,((18,(19,20)21)22,23)24)25,(26,(((27,28)29,30)31,(32,((33,34)35,36)37)38)39)40)41,42)43)44	144.11389535711965
23	83	((((0,(1,2)3)4,(((5,6)7,8)9,(10,(((11,12)13,14)15,(16,17)18)19)20)21)22,23)24,(((25,(26,(((27,28)29,(30,(31,32)33)34)35,36)37)38)39,40)41,42)43)44	146.23284305013996
23	84	((((0,(1,(2,3)4)5)6,(((7,(8,9)10)11,(12,13)14)15,((16,((17,((18,19)20,(21,22)23)24)25,26)27)28,(29,30)31)32)33)34,35)36,(37,((38,39)40,41)42)43)44	170.83031054881505
23	85	((0,1)2,((3,4)5,(6,((((((7,(8,9)10)11,(12,(((13,14)15,(16,17)18)19,20)21)22)23,(24,25)26)27,28)29,(30,(31,(32,(33,34)35)36)37)38)39,40)41)42)43)44	212.15538714801724
23	86	((0,(1,2)3)4,((((5,6)7,((8,(((9,((10,(11,12)13)14,15)16)17,(((18,19)20,21)22,23)24)25,26)27)28,((29,(30,(31,32)33)34)35,36)37)38)39,40)41,42)43)44	205.50629720440463
23	87	((0,((1,((2,3)4,(5,(6,((((((7,8)9,(10,(11,12)13)14)15,16)17,18)19,20)21,(((22,23)24,25)26,27)28)29)30)31)32)33,(34,((35,36)37,38)39)40)41)42,43)44	228.940366116301
23	88	(0,(1,(((((((2,3)4,((5,((((6,7)8,9)10,(11,12)13)14,15)16)17,18)19)20,21)22,(23,24)25)26,27)28,(((((29,30)31,32)33,34)35,36)37,38)39)40,41)42)43)44	224.89865078930887
23	89	((0,(((1,2)3,(4,(5,6)7)8)9,10)11)12,(((13,14)15,(16,((17,((18,(19,(20,21)22)23)24,25)26)27,(28,(29,(30,((31,32)33,34)35)36)37)38)39)40)41,42)43)44	164.67340753434323
23	90	((0,((1,(2,(((3,4)5,(6,(7,(8,9)10)11)12)13,(14,15)16)17)18)19,20)21)22,((23,24)25,(26,(27,((28,((29,30)31,((32,33)34,35)36)37)38,39)40)41)42)43)44	152.68995735090914
23	91	((0,(1,(2,((3,4)5,6)7)8)9)10,(11,((12,((13,(14,((15,16)17,(18,((19,(((((20,21)22,23)24,25)26,27)28,29)30)31,32)33)34)35)36)37,38)39)40,41)42)43)44	211.500511021025
23	92	((0,1)2,(((((((((3,((4,5)6,(7,8)9)10)11,(12,(13,14)15)16)17,18)19,(20,21)22)23,24)25,((26,27)28,29)30)31,(32,33)34)35,(36,(37,38)39)40)41,42)43)44	209.42693065194254
23	93	((((0,(1,2)3)4,5)6,(((((7,((8,9)10,11)12)13,((((14,15)16,(17,(((18,19)20,21)22,23)24)25)26,27)28,29)30)31,32)33,(34,(35,36)37)38)39,40)41)42,43)44	204.21809654302146
23	94	(((0,((((1,2)3,4)5,6)7,8)9)10,(11,(12,13)14)15)16,(17,(((((18,(19,((20,(21,22)23)24,(25,(26,27)28)29)30)31)32,33)34,(35,36)37)38,39)40,41)42)43)44	164.02988744111488
23	95	(((0,(((1,2)3,4)5,((6,7)8,9)10)11)12,((((13,((14,((15,16)17,((18,19)20,21)22)23)24,25)26)27,28)29,(30,(31,(32,33)34)35)36)37,(38,39)40)41)42,43)44	174.52288953474323
23	96	(0,(1,(((((2,3)4,((5,(((6,7)8,9)10,((11,((12,13)14,(((15,(16,17)18)19,20)21,22)23)24)25,26)27)28)29,(30,31)32)33)34,35)36,(37,38)39)40,41)42)43)44	256.95206403231634
23	97	(((((0,1)2,3)4,(5,((6,((7,8)9,10)11)12,13)14)15)16,(((17,(((18,(19,(20,21)22)23)24,(25,((26,27)28,29)30)31)32,(33,34)35)36)37,38)39,40)41)42,43)44	175.64921888538217
23	98	((0,1)2,((((3,4)5,(6,7)8)9,(((((10,11)12,13)14,(((15,(16,17)18)19,((20,(21,(22,23)24)25)26,27)28)29,(30,31)32)33)34,35)36,37)38)39,(40,41)42)43)44	198.79486090733184
23	99	((0,(((((1,2)3,((4,5)6,(7,(8,9)10)11)12)13,14)15,16)17,(((((((((18,(19,20)21)22,23)24,25)26,(27,28)29)30,31)32,33)34,35)36,37)38,39)40)41)42,43)44	199.96518066672837
