#size_tree	tree_index	tree	growth factor
11	0	(0,(1,(2,(3,(4,(5,(6,(7,(8,(9,10)11)12)13)14)15)16)17)18)19)20	95.92604060382274
11	1	(((0,1)2,(3,(4,5)6)7)8,((9,(10,11)12)13,(14,(15,16)17)18)19)20	60.288808586088386
11	2	(0,(1,((((2,3)4,5)6,(7,((8,9)10,(11,12)13)14)15)16,17)18)19)20	85.75724409849298
11	3	(0,(1,((2,(((3,(4,5)6)7,8)9,(10,11)12)13)14,(15,16)17)18)19)20	85.5308219934335
11	4	(0,((1,2)3,(4,(5,(((6,7)8,(9,(10,11)12)13)14,15)16)17)18)19)20	84.97103785689282
11	5	(((0,1)2,(3,((4,(5,6)7)8,((9,(10,11)12)13,14)15)16)17)18,19)20	80.12961544436526
11	6	(0,((1,(((2,3)4,(5,(6,7)8)9)10,((11,12)13,14)15)16)17,18)19)20	84.87824903767591
11	7	(0,((1,((2,3)4,5)6)7,((((8,9)10,11)12,13)14,(15,16)17)18)19)20	72.17750337982264
11	8	(0,((1,((2,3)4,((5,((6,(7,8)9)10,11)12)13,14)15)16)17,18)19)20	90.05656922342212
11	9	(0,(((1,((2,(3,4)5)6,(((7,8)9,10)11,12)13)14)15,16)17,18)19)20	89.43141337628336
11	10	((0,((1,(2,((3,4)5,(6,(7,(8,9)10)11)12)13)14)15,16)17)18,19)20	93.02970245568265
11	11	(((0,1)2,3)4,(5,(6,(7,((8,(9,(10,11)12)13)14,15)16)17)18)19)20	75.74173459060154
11	12	(0,(1,((((2,(3,4)5)6,7)8,(9,(10,(11,12)13)14)15)16,17)18)19)20	85.16474836911122
11	13	((0,(((1,2)3,(4,(5,(6,7)8)9)10)11,((12,13)14,15)16)17)18,19)20	80.34660443830393
11	14	(((0,(1,(2,((3,(4,5)6)7,8)9)10)11)12,((13,14)15,16)17)18,19)20	79.4607606639797
11	15	((0,1)2,(((3,4)5,(6,(7,(8,((9,10)11,12)13)14)15)16)17,18)19)20	78.93495535443635
11	16	(0,(1,(2,((3,4)5,((6,7)8,((9,(10,11)12)13,14)15)16)17)18)19)20	87.25528628569126
11	17	(((0,1)2,((3,4)5,(6,(7,8)9)10)11)12,(13,(14,(15,16)17)18)19)20	62.8966490647493
11	18	((0,(1,2)3)4,(((5,6)7,(8,(9,10)11)12)13,((14,15)16,17)18)19)20	64.27364185965553
11	19	(0,(1,((((2,3)4,5)6,(7,(8,(9,(10,11)12)13)14)15)16,17)18)19)20	86.4059425282877
11	20	(((0,(((1,(2,3)4)5,(6,7)8)9,10)11)12,((13,14)15,16)17)18,19)20	77.79184030456003
11	21	((((0,1)2,(3,4)5)6,(7,8)9)10,((11,12)13,(14,(15,16)17)18)19)20	60.55326765595056
11	22	(((((0,(1,2)3)4,5)6,(7,8)9)10,((11,12)13,14)15)16,(17,18)19)20	68.87489443146727
11	23	(0,((1,(((((2,3)4,5)6,7)8,9)10,11)12)13,((14,15)16,17)18)19)20	79.46076066397971
11	24	((0,((((1,2)3,(4,5)6)7,(((8,9)10,11)12,13)14)15,16)17)18,19)20	84.58272063916796
11	25	((((0,(((((1,(2,3)4)5,6)7,8)9,10)11,12)13)14,15)16,17)18,19)20	95.92604060382281
11	26	((((0,1)2,((3,4)5,6)7)8,(((9,10)11,12)13,(14,15)16)17)18,19)20	70.497429119974
11	27	(0,((1,(((2,3)4,(5,((6,7)8,9)10)11)12,13)14)15,(16,17)18)19)20	83.75326050716477
11	28	((0,1)2,(((3,((4,5)6,7)8)9,((10,11)12,13)14)15,(16,17)18)19)20	70.59386729906853
11	29	((0,((((1,2)3,4)5,6)7,((8,((9,10)11,12)13)14,15)16)17)18,19)20	80.2651750231891
11	30	(0,((((1,2)3,4)5,6)7,((8,(9,10)11)12,((13,14)15,16)17)18)19)20	71.3171287507536
11	31	((((0,1)2,(3,4)5)6,7)8,(9,((10,((11,12)13,14)15)16,17)18)19)20	64.32715551416177
11	32	((0,(1,2)3)4,((5,6)7,((8,(9,10)11)12,((13,14)15,16)17)18)19)20	65.76565644949319
11	33	((0,(1,(2,3)4)5)6,(((7,8)9,(10,(11,(12,13)14)15)16)17,18)19)20	65.81654765483601
11	34	((0,(1,2)3)4,(((((5,6)7,(8,9)10)11,12)13,(14,15)16)17,18)19)20	70.52459631005732
11	35	(0,(1,(2,(3,(((4,5)6,7)8,(((9,10)11,12)13,14)15)16)17)18)19)20	89.43141337628336
11	36	(((0,((1,2)3,(4,5)6)7)8,((9,(10,11)12)13,(14,15)16)17)18,19)20	71.27109841362373
11	37	(((0,((1,(2,(3,((4,(5,6)7)8,9)10)11)12)13,14)15)16,17)18,19)20	95.9260406038228
11	38	(0,(1,(((2,3)4,5)6,(((((7,8)9,10)11,12)13,14)15,16)17)18)19)20	83.05135192713252
11	39	(0,((1,2)3,((4,(5,6)7)8,(9,((10,(11,12)13)14,15)16)17)18)19)20	77.104226099115
11	40	(((0,(((1,(2,3)4)5,(6,7)8)9,10)11)12,13)14,((15,16)17,18)19)20	73.95545430777112
11	41	(0,(1,(((2,(((3,4)5,6)7,8)9)10,11)12,(13,(14,15)16)17)18)19)20	83.05135192713247
11	42	((0,1)2,(3,(4,(((5,(6,7)8)9,10)11,((12,13)14,15)16)17)18)19)20	78.25369675793189
11	43	(0,(1,(((2,3)4,(5,(6,(7,8)9)10)11)12,(13,(14,15)16)17)18)19)20	80.34660443830394
11	44	((0,(1,(2,((3,4)5,6)7)8)9)10,((11,(12,(13,14)15)16)17,18)19)20	64.78572452638775
11	45	(0,(((1,((((2,3)4,(5,(6,7)8)9)10,11)12,13)14)15,16)17,18)19)20	94.23744461015755
11	46	(((0,(1,(2,3)4)5)6,(((7,(8,(9,10)11)12)13,14)15,16)17)18,19)20	74.77321701119529
11	47	(((0,(((1,2)3,(4,5)6)7,((8,(9,10)11)12,13)14)15)16,17)18,19)20	84.58272063916792
11	48	(0,(1,((((2,3)4,5)6,(7,(8,((9,10)11,12)13)14)15)16,17)18)19)20	86.40594252828768
11	49	((((0,1)2,(3,(((4,(5,(6,7)8)9)10,11)12,13)14)15)16,17)18,19)20	88.38863849561493
11	50	(0,(((1,2)3,(4,(((5,6)7,8)9,(10,(11,12)13)14)15)16)17,18)19)20	84.57421544103634
11	51	(((((0,1)2,((3,(((4,5)6,7)8,9)10)11,12)13)14,15)16,17)18,19)20	90.05656922342214
11	52	(0,((((((1,2)3,4)5,((6,(7,8)9)10,11)12)13,14)15,16)17,18)19)20	89.43141337628339
11	53	(((0,(((1,(2,3)4)5,(6,7)8)9,10)11)12,((13,14)15,16)17)18,19)20	77.79184030456003
11	54	(0,((((1,2)3,(4,((5,((6,7)8,9)10)11,12)13)14)15,16)17,18)19)20	90.0565692234221
11	55	((((0,(((((1,2)3,4)5,6)7,8)9,10)11)12,(13,14)15)16,17)18,19)20	88.38863849561488
11	56	(((0,(1,(2,(3,4)5)6)7)8,(9,(10,11)12)13)14,(15,(16,17)18)19)20	65.83243728298537
11	57	((0,(1,(2,(((3,4)5,((6,7)8,9)10)11,(12,13)14)15)16)17)18,19)20	90.00900855316306
11	58	(0,(((1,(2,(3,4)5)6)7,8)9,(10,(11,(12,(13,14)15)16)17)18)19)20	73.13406943946491
11	59	(0,((1,2)3,((((4,5)6,7)8,((9,10)11,12)13)14,(15,16)17)18)19)20	77.02450606826667
11	60	(0,((1,(2,(3,(4,5)6)7)8)9,(((10,11)12,13)14,(15,16)17)18)19)20	71.84886499598953
11	61	(0,(((1,(2,((3,(4,5)6)7,8)9)10)11,(12,13)14)15,(16,17)18)19)20	80.78397180434963
11	62	(((0,1)2,((3,4)5,6)7)8,((9,10)11,(((12,13)14,15)16,17)18)19)20	61.13813261885497
11	63	(0,(1,((2,(3,((4,5)6,(7,(8,9)10)11)12)13)14,(15,16)17)18)19)20	86.718931419494
11	64	((0,(1,(2,(((((3,4)5,6)7,8)9,(10,11)12)13,14)15)16)17)18,19)20	93.02970245568265
11	65	((0,1)2,(3,((((4,(5,(6,7)8)9)10,11)12,13)14,(15,16)17)18)19)20	78.93495535443634
11	66	((((0,1)2,(3,(((4,5)6,7)8,((9,10)11,12)13)14)15)16,17)18,19)20	84.5742154410363
11	67	(((0,(1,(((2,(3,(4,(5,6)7)8)9)10,11)12,13)14)15)16,17)18,19)20	95.9260406038228
11	68	((((0,(1,(2,(3,(4,(5,6)7)8)9)10)11)12,13)14,(15,16)17)18,19)20	86.68269664583644
11	69	(((0,1)2,(3,4)5)6,(((7,8)9,10)11,(12,(13,(14,15)16)17)18)19)20	61.90836864814006
11	70	(0,((((1,((2,3)4,(5,6)7)8)9,(10,11)12)13,14)15,(16,17)18)19)20	81.65152043368005
11	71	((0,1)2,(3,((4,(5,6)7)8,((9,((10,11)12,13)14)15,16)17)18)19)20	75.12911753100671
11	72	((((0,(1,(2,(3,4)5)6)7)8,9)10,(11,(12,(13,14)15)16)17)18,19)20	74.7732170111953
11	73	(((((0,1)2,3)4,5)6,((7,8)9,10)11)12,(13,(14,(15,16)17)18)19)20	62.31647851327734
11	74	(0,(1,(((2,(3,(((4,5)6,7)8,(9,10)11)12)13)14,15)16,17)18)19)20	94.23744461015755
11	75	(0,(1,(2,(3,((4,(5,((6,7)8,9)10)11)12,(13,14)15)16)17)18)19)20	91.62166629558142
11	76	(0,((((((1,2)3,4)5,6)7,8)9,10)11,((12,(13,14)15)16,17)18)19)20	74.7732170111953
11	77	((((0,1)2,3)4,5)6,((7,(8,(9,10)11)12)13,((14,15)16,17)18)19)20	62.31647851327734
11	78	((((0,1)2,(3,4)5)6,(7,((8,(9,10)11)12,13)14)15)16,(17,18)19)20	68.2331763473409
11	79	(0,(1,(2,(3,((((4,5)6,7)8,(9,(10,11)12)13)14,15)16)17)18)19)20	92.05907322990892
11	80	(((((0,((1,((2,3)4,(5,6)7)8)9,10)11)12,13)14,15)16,17)18,19)20	95.2113192429849
11	81	((0,1)2,((3,((((4,5)6,(7,8)9)10,11)12,(13,14)15)16)17,18)19)20	79.82520093059749
11	82	((0,(((1,(((2,3)4,5)6,7)8)9,10)11,12)13)14,(15,(16,17)18)19)20	75.74173459060152
11	83	(0,(1,(((2,3)4,5)6,(7,(((8,9)10,11)12,(13,14)15)16)17)18)19)20	81.46695417355797
11	84	(0,((1,2)3,((4,5)6,(((7,8)9,10)11,((12,13)14,15)16)17)18)19)20	77.02450606826667
11	85	(((0,((1,((2,3)4,(5,6)7)8)9,(10,11)12)13)14,15)16,(17,18)19)20	79.82520093059748
11	86	((0,(1,(2,(3,4)5)6)7)8,(((9,10)11,12)13,(14,(15,16)17)18)19)20	61.54108866640511
11	87	(0,(1,(((2,3)4,((5,(6,7)8)9,(10,(11,12)13)14)15)16,17)18)19)20	86.31835465008747
11	88	(((0,1)2,3)4,((5,6)7,(((8,(9,10)11)12,13)14,(15,16)17)18)19)20	66.74000157091494
11	89	(((((0,((1,(2,(3,4)5)6)7,8)9)10,11)12,(13,14)15)16,17)18,19)20	88.38863849561493
11	90	((0,(((((1,2)3,4)5,6)7,8)9,((10,11)12,(13,14)15)16)17)18,19)20	79.74896006439826
11	91	(((0,(1,((2,3)4,5)6)7)8,9)10,((11,(12,13)14)15,(16,17)18)19)20	63.72278778853683
11	92	(((0,((1,(2,3)4)5,(6,(7,8)9)10)11)12,(13,(14,15)16)17)18,19)20	75.66132867842504
11	93	(((0,1)2,(3,(((4,5)6,7)8,(9,((10,11)12,13)14)15)16)17)18,19)20	80.12961544436524
11	94	(0,(((1,(2,((3,4)5,(6,(7,(8,9)10)11)12)13)14)15,16)17,18)19)20	93.02970245568267
11	95	(0,(1,((2,(((3,(4,5)6)7,(8,9)10)11,(12,13)14)15)16,17)18)19)20	90.00900855316306
11	96	((((0,(((1,2)3,4)5,(((6,7)8,9)10,11)12)13)14,15)16,17)18,19)20	89.43141337628337
11	97	(0,((1,(2,(3,(4,5)6)7)8)9,((((10,11)12,13)14,15)16,17)18)19)20	73.1340694394649
11	98	((0,1)2,((3,(((4,5)6,(7,8)9)10,((11,12)13,14)15)16)17,18)19)20	77.60059578095266
11	99	((((0,(1,2)3)4,(5,6)7)8,9)10,((11,12)13,((14,15)16,17)18)19)20	62.191747236485774
