#size_tree	tree_index	tree	growth factor
24	0	(0,(1,(2,(3,(4,(5,(6,(7,(8,(9,(10,(11,(12,(13,(14,(15,(16,(17,(18,(19,(20,(21,(22,23)24)25)26)27)28)29)30)31)32)33)34)35)36)37)38)39)40)41)42)43)44)45)46	343.24556391074617
24	1	((((0,(1,2)3)4,(5,(6,7)8)9)10,((11,(12,13)14)15,(16,(17,18)19)20)21)22,(((23,(24,25)26)27,(28,(29,30)31)32)33,((34,(35,36)37)38,(39,(40,41)42)43)44)45)46	132.4376414017732
24	2	(0,(1,(2,((3,((4,5)6,(7,8)9)10)11,((12,((13,14)15,(16,17)18)19)20,(21,(22,(23,((24,(25,26)27)28,(29,(30,(31,(32,33)34)35)36)37)38)39)40)41)42)43)44)45)46	225.62234654735008
24	3	((0,(1,(2,3)4)5)6,(((7,((8,(9,10)11)12,(13,14)15)16)17,(18,19)20)21,(22,((23,(24,25)26)27,(28,((29,30)31,(32,((33,(34,35)36)37,38)39)40)41)42)43)44)45)46	161.22082926903698
24	4	((0,((1,2)3,((4,5)6,(7,8)9)10)11)12,((13,(14,(15,((16,17)18,((19,20)21,(22,23)24)25)26)27)28)29,(((30,31)32,((33,34)35,(36,37)38)39)40,(41,42)43)44)45)46	147.06790754741468
24	5	(0,(1,(2,(3,((4,5)6,(7,((8,(9,(10,11)12)13)14,(15,(((16,(17,18)19)20,(21,(22,(23,24)25)26)27)28,(29,(30,(31,(32,33)34)35)36)37)38)39)40)41)42)43)44)45)46	263.4260648868661
24	6	(0,((1,2)3,((4,(5,(6,7)8)9)10,((11,12)13,((14,(((15,16)17,18)19,((20,21)22,23)24)25)26,(27,((28,29)30,((31,(32,33)34)35,(36,37)38)39)40)41)42)43)44)45)46	202.398782542175
24	7	((0,1)2,(3,(4,(5,(6,(7,((8,9)10,(11,(((12,13)14,(15,16)17)18,((19,20)21,(22,(23,(24,((25,(26,27)28)29,(30,31)32)33)34)35)36)37)38)39)40)41)42)43)44)45)46	273.1937660851913
24	8	((0,1)2,(3,((4,5)6,(7,(((8,(9,(10,11)12)13)14,(15,16)17)18,(19,((20,21)22,(((23,24)25,(26,27)28)29,(30,((31,32)33,(34,35)36)37)38)39)40)41)42)43)44)45)46	220.7424840548476
24	9	((0,1)2,((3,((4,(5,(6,((7,8)9,10)11)12)13)14,((15,(16,17)18)19,(20,21)22)23)24)25,(((26,27)28,29)30,(31,((32,(33,34)35)36,(37,(38,39)40)41)42)43)44)45)46	164.5470812429914
24	10	((0,1)2,(3,((((4,5)6,((7,8)9,(10,(11,12)13)14)15)16,(17,18)19)20,(21,((22,((23,24)25,((26,27)28,29)30)31)32,((33,34)35,(36,(37,38)39)40)41)42)43)44)45)46	185.79461637468484
24	11	(0,(1,(((2,(3,((4,(5,6)7)8,((9,10)11,((12,(13,14)15)16,(17,18)19)20)21)22)23)24,((25,26)27,(28,29)30)31)32,((((33,34)35,36)37,38)39,(40,41)42)43)44)45)46	204.66374468208483
24	12	((0,(1,2)3)4,((5,6)7,(8,((9,((10,11)12,((13,(14,15)16)17,(18,(((19,20)21,22)23,(24,(25,((26,27)28,29)30)31)32)33)34)35)36)37,(38,(39,40)41)42)43)44)45)46	215.97734024230638
24	13	((0,1)2,((3,(4,(5,(6,(7,(8,(9,10)11)12)13)14)15)16)17,(((18,19)20,(21,22)23)24,(((25,26)27,(28,29)30)31,(((32,33)34,(35,(36,37)38)39)40,41)42)43)44)45)46	164.7439319021365
24	14	(0,(1,((2,((3,4)5,6)7)8,((9,((10,(11,12)13)14,(15,(16,17)18)19)20)21,((22,23)24,(25,(26,(27,((28,29)30,(31,((32,33)34,35)36)37)38)39)40)41)42)43)44)45)46	205.64597636169532
24	15	((0,(1,(2,3)4)5)6,((7,((8,(9,(10,11)12)13)14,((15,(((16,17)18,(19,20)21)22,((23,24)25,(26,27)28)29)30)31,((32,33)34,(35,36)37)38)39)40)41,(42,43)44)45)46	187.47172390883148
24	16	((0,1)2,((3,4)5,(6,((7,8)9,((10,(11,12)13)14,((15,16)17,(18,(19,(20,((21,(22,23)24)25,((26,(27,(28,29)30)31)32,(33,34)35)36)37)38)39)40)41)42)43)44)45)46	233.7556188103625
24	17	(0,((1,((2,(3,4)5)6,(7,(8,9)10)11)12)13,(((14,15)16,((17,((18,19)20,21)22)23,24)25)26,(27,((28,29)30,(31,(32,((33,34)35,(36,37)38)39)40)41)42)43)44)45)46	171.48531760218705
24	18	(((0,1)2,(3,4)5)6,(7,((((8,9)10,(11,12)13)14,(15,16)17)18,((19,(20,(((21,(22,23)24)25,(26,27)28)29,30)31)32)33,(34,(35,(36,(37,38)39)40)41)42)43)44)45)46	175.40451883450174
24	19	(0,((1,(2,((3,(4,5)6)7,(8,9)10)11)12)13,(14,((15,16)17,(18,(19,(((20,21)22,(23,24)25)26,(((27,28)29,30)31,((32,33)34,(35,36)37)38)39)40)41)42)43)44)45)46	197.5708284183597
24	20	(0,(((1,2)3,(4,5)6)7,((8,(9,(10,(11,(12,(13,(14,(15,(16,(17,18)19)20)21)22)23)24)25)26)27)28,((29,30)31,((32,33)34,(35,(36,(37,38)39)40)41)42)43)44)45)46	190.67269104389314
24	21	((0,1)2,((((3,4)5,6)7,(8,9)10)11,(12,(((13,(14,(15,16)17)18)19,(20,21)22)23,((((24,25)26,(27,28)29)30,((31,32)33,(34,35)36)37)38,(39,40)41)42)43)44)45)46	180.28053872821278
24	22	(0,((1,((2,(3,4)5)6,(7,(8,((9,((10,(11,12)13)14,(15,(16,17)18)19)20)21,22)23)24)25)26)27,(28,(29,(30,(31,((32,33)34,(35,(36,37)38)39)40)41)42)43)44)45)46	186.75155565638016
24	23	((0,((1,(2,(3,((4,((5,6)7,(8,9)10)11)12,(13,(14,(15,(16,((17,(18,19)20)21,22)23)24)25)26)27)28)29)30)31,((32,33)34,35)36)37)38,(39,(40,(41,42)43)44)45)46	214.49175779041437
24	24	(0,((1,2)3,((4,((5,6)7,((8,9)10,((11,12)13,((14,15)16,(17,(18,((19,20)21,((22,(((23,24)25,(26,27)28)29,30)31)32,33)34)35)36)37)38)39)40)41)42,43)44)45)46	263.51082362777316
24	25	((0,(1,(2,(3,4)5)6)7)8,((9,(10,11)12)13,(((14,(15,16)17)18,((19,20)21,(22,((23,24)25,(26,27)28)29)30)31)32,(33,(34,((35,36)37,(38,39)40)41)42)43)44)45)46	159.3081296255298
24	26	(0,(1,(2,(3,(((4,((5,6)7,(8,9)10)11)12,(13,14)15)16,((17,(((18,19)20,21)22,(23,(24,25)26)27)28)29,(30,(31,((32,33)34,(35,36)37)38)39)40)41)42)43)44)45)46	228.408694361401
24	27	(0,((1,((2,3)4,(5,(6,7)8)9)10)11,(12,(13,(14,(15,((16,((17,18)19,(20,(21,((22,(23,(24,25)26)27)28,29)30)31)32)33)34,(35,(36,37)38)39)40)41)42)43)44)45)46	222.6091957517322
24	28	(((0,1)2,(((3,(4,5)6)7,(8,(9,10)11)12)13,(14,15)16)17)18,((19,(20,21)22)23,(24,((((25,26)27,28)29,(30,31)32)33,(((34,35)36,37)38,(39,40)41)42)43)44)45)46	143.79788688398938
24	29	(0,((1,((2,(3,4)5)6,(7,(((8,(9,(10,(11,12)13)14)15)16,(17,18)19)20,(21,(22,23)24)25)26)27)28)29,((30,31)32,(33,((34,35)36,(37,(38,39)40)41)42)43)44)45)46	183.87340085527447
24	30	((0,(1,((2,((3,4)5,((6,(7,8)9)10,11)12)13)14,(15,(16,(17,(((18,19)20,(21,((22,23)24,25)26)27)28,(29,30)31)32)33)34)35)36)37)38,(39,(40,(41,42)43)44)45)46	198.6234087663301
24	31	((0,(1,(2,(3,4)5)6)7)8,(9,(10,(11,(12,((13,(14,15)16)17,(18,(19,(((20,21)22,((23,24)25,26)27)28,(29,(30,(31,(32,33)34)35)36)37)38)39)40)41)42)43)44)45)46	219.8104665070398
24	32	((0,1)2,(((3,4)5,(6,(7,(8,((((9,(10,11)12)13,(14,15)16)17,(18,19)20)21,((22,23)24,(25,((26,27)28,(29,30)31)32)33)34)35)36)37)38)39,(40,(41,42)43)44)45)46	219.24224391724573
24	33	((0,(((1,(2,3)4)5,(6,7)8)9,(((10,11)12,(((13,14)15,(16,17)18)19,((20,21)22,(23,24)25)26)27)28,((29,30)31,32)33)34)35)36,(37,((38,39)40,(41,42)43)44)45)46	170.67967620898904
24	34	(((0,((1,2)3,4)5)6,((7,8)9,(10,(((11,12)13,(14,15)16)17,(18,(19,((20,21)22,((23,(24,25)26)27,(28,(29,(30,31)32)33)34)35)36)37)38)39)40)41)42,(43,44)45)46	203.93098830593698
24	35	(0,(1,((2,3)4,(5,(((6,7)8,(((9,10)11,(12,13)14)15,(16,((17,18)19,20)21)22)23)24,((25,(26,(27,((28,29)30,(31,(32,33)34)35)36)37)38)39,40)41)42)43)44)45)46	226.31454412576284
24	36	(0,(1,((2,(3,4)5)6,(((7,8)9,(10,(11,((12,13)14,(15,16)17)18)19)20)21,((22,23)24,(((25,26)27,(28,(29,(30,31)32)33)34)35,(36,(37,38)39)40)41)42)43)44)45)46	203.0590083448929
24	37	(0,(((1,2)3,(4,5)6)7,((8,9)10,((11,12)13,(((14,(15,(16,17)18)19)20,(21,(22,(23,(24,((25,26)27,(28,29)30)31)32)33)34)35)36,(37,(38,39)40)41)42)43)44)45)46	206.1055135430421
24	38	((0,(1,(2,(3,(4,((5,6)7,(8,(((9,10)11,12)13,(14,15)16)17)18)19)20)21)22)23)24,(25,((((26,27)28,29)30,31)32,(33,(34,(35,(36,(37,38)39)40)41)42)43)44)45)46	163.2161822468099
24	39	((0,(1,2)3)4,((5,6)7,(8,(((9,(10,11)12)13,(((14,((15,16)17,18)19)20,(21,22)23)24,((25,26)27,(28,((29,30)31,(32,33)34)35)36)37)38)39,(40,41)42)43)44)45)46	203.5274098845446
24	40	((0,(1,2)3)4,(5,(6,(((7,8)9,(10,(11,12)13)14)15,(16,((((17,18)19,(20,21)22)23,(24,(25,26)27)28)29,(30,(31,(32,((33,34)35,36)37)38)39)40)41)42)43)44)45)46	204.77284821610175
24	41	((0,1)2,((((3,4)5,((6,7)8,9)10)11,12)13,(14,((15,(16,((17,18)19,(20,((21,22)23,(24,(25,(26,27)28)29)30)31)32)33)34)35,((36,37)38,(39,40)41)42)43)44)45)46	188.9955229221462
24	42	(0,(1,(2,(3,(4,(5,((6,7)8,((9,10)11,(12,(13,(((14,15)16,((17,18)19,((20,21)22,23)24)25)26,(27,(28,(29,(30,31)32)33)34)35)36)37)38)39)40)41)42)43)44)45)46	291.28015003256724
24	43	(0,(1,(2,(((3,4)5,(6,7)8)9,((10,(11,12)13)14,((15,16)17,((18,19)20,(((21,22)23,((24,25)26,((27,28)29,(30,31)32)33)34)35,(36,37)38)39)40)41)42)43)44)45)46	232.792851512355
24	44	((0,(1,2)3)4,((5,((6,7)8,(9,((((10,11)12,13)14,15)16,(17,(((18,19)20,(21,22)23)24,(25,(26,27)28)29)30)31)32)33)34)35,(36,((37,38)39,(40,41)42)43)44)45)46	189.2540804378171
24	45	(0,(1,(2,(3,((((4,5)6,(7,8)9)10,11)12,((13,(14,(15,(16,((17,(18,19)20)21,((22,23)24,(25,((26,27)28,(29,30)31)32)33)34)35)36)37)38)39,40)41)42)43)44)45)46	266.35059709545055
24	46	(0,(((1,(2,(3,4)5)6)7,8)9,(10,(11,(((12,13)14,(15,(16,(17,18)19)20)21)22,((23,(24,(25,((26,27)28,(29,30)31)32)33)34)35,(36,(37,38)39)40)41)42)43)44)45)46	201.9388738238627
24	47	((0,(1,2)3)4,(5,(((6,(7,(8,(9,10)11)12)13)14,(15,(16,((17,18)19,((((20,21)22,(23,(24,25)26)27)28,29)30,31)32)33)34)35)36,(37,(38,(39,40)41)42)43)44)45)46	196.18744381330797
24	48	(0,((1,2)3,(4,(((5,6)7,8)9,((10,(((11,12)13,(14,(15,(16,17)18)19)20)21,(22,((23,24)25,(26,27)28)29)30)31)32,((33,34)35,(36,(37,38)39)40)41)42)43)44)45)46	218.9823490262083
24	49	(0,((1,((2,(3,(4,((5,6)7,8)9)10)11)12,((13,14)15,((16,(17,18)19)20,((21,22)23,(24,25)26)27)28)29)30)31,(32,(33,((34,(35,36)37)38,(39,40)41)42)43)44)45)46	180.048056742296
24	50	((0,((1,2)3,(4,5)6)7)8,(((9,(((10,11)12,13)14,15)16)17,(18,19)20)21,(22,((23,(24,((25,26)27,(28,(29,30)31)32)33)34)35,(36,((37,38)39,40)41)42)43)44)45)46	156.46651832885388
24	51	(0,(1,((2,3)4,((5,6)7,(((8,9)10,11)12,((13,(14,(15,16)17)18)19,((20,(21,(22,((23,(24,(25,26)27)28)29,30)31)32)33)34,((35,36)37,38)39)40)41)42)43)44)45)46	232.26819365737137
24	52	((0,(1,((2,3)4,5)6)7)8,(((9,10)11,((12,13)14,((15,16)17,18)19)20)21,((22,23)24,((25,26)27,(28,(29,(30,(31,((32,33)34,(35,36)37)38)39)40)41)42)43)44)45)46	158.42816781658112
24	53	((0,1)2,(((3,4)5,6)7,(8,(((9,10)11,(12,(13,(((14,15)16,((17,18)19,(20,21)22)23)24,25)26)27)28)29,((30,31)32,(33,((34,35)36,(37,38)39)40)41)42)43)44)45)46	197.641058881268
24	54	(0,(1,(((2,((3,(4,5)6)7,(8,(9,10)11)12)13)14,(((15,16)17,(18,(19,20)21)22)23,24)25)26,((27,(28,((29,30)31,(32,(33,(34,35)36)37)38)39)40)41,42)43)44)45)46	191.65071989507126
24	55	(0,((1,2)3,(4,((5,(6,7)8)9,(10,(11,(((12,((13,(14,15)16)17,(18,(19,20)21)22)23)24,25)26,((27,28)29,(30,(31,(32,(33,34)35)36)37)38)39)40)41)42)43)44)45)46	237.84169885708877
24	56	(((0,1)2,(3,(4,((5,6)7,((8,9)10,11)12)13)14)15)16,(17,(((18,((19,20)21,((22,23)24,(25,26)27)28)29)30,(31,(32,33)34)35)36,((37,38)39,(40,41)42)43)44)45)46	151.4200497526378
24	57	((0,1)2,(((3,4)5,(6,7)8)9,(((10,(11,12)13)14,15)16,(17,(18,(19,((20,21)22,(23,(24,(25,(((26,27)28,(29,30)31)32,(33,34)35)36)37)38)39)40)41)42)43)44)45)46	206.4345317752342
24	58	((0,((1,2)3,(4,5)6)7)8,(9,(10,((11,12)13,((14,(15,16)17)18,(19,(((20,21)22,(23,24)25)26,(27,(28,(29,((30,(31,32)33)34,35)36)37)38)39)40)41)42)43)44)45)46	202.32593589032035
24	59	((0,1)2,(((((3,4)5,6)7,(8,((9,(10,11)12)13,(14,15)16)17)18)19,(20,((21,(22,(23,24)25)26)27,((28,29)30,(31,(32,(33,(34,35)36)37)38)39)40)41)42)43,44)45)46	186.3406745968828
24	60	((0,(1,(((2,3)4,(5,(6,(7,(8,((9,10)11,12)13)14)15)16)17)18,(((19,20)21,(22,23)24)25,((26,27)28,29)30)31)32)33)34,(35,(36,((37,38)39,(40,41)42)43)44)45)46	175.46323808879757
24	61	((0,(1,2)3)4,(5,(6,((7,8)9,((10,11)12,((13,(14,(15,(16,17)18)19)20)21,((22,(23,(24,25)26)27)28,((29,(30,31)32)33,(34,(35,36)37)38)39)40)41)42)43)44)45)46	215.2328025864939
24	62	(0,(1,((2,(3,((4,(5,(6,7)8)9)10,(((11,(12,13)14)15,(16,17)18)19,(20,(21,22)23)24)25)26)27)28,(((29,(30,31)32)33,(34,(35,36)37)38)39,(40,41)42)43)44)45)46	201.78928937671614
24	63	(0,((1,2)3,(4,(5,(6,(7,((8,(9,(10,(11,12)13)14)15)16,((17,18)19,(20,(((21,((22,23)24,(25,26)27)28)29,(30,31)32)33,(34,35)36)37)38)39)40)41)42)43)44)45)46	259.25314224806124
24	64	((0,(1,2)3)4,(5,(6,((7,8)9,(10,((11,12)13,(14,((15,16)17,(18,((19,20)21,((22,23)24,(25,(26,((27,(28,29)30)31,32)33)34)35)36)37)38)39)40)41)42)43)44)45)46	248.62055307910296
24	65	((0,(1,(2,3)4)5)6,((7,8)9,((((10,(11,12)13)14,(15,(16,(17,18)19)20)21)22,(23,24)25)26,(27,(28,((29,30)31,(((32,33)34,35)36,(37,38)39)40)41)42)43)44)45)46	169.76855679925316
24	66	((0,1)2,(3,((4,(5,(6,(((7,8)9,10)11,((12,13)14,(15,((16,(17,18)19)20,((21,22)23,((24,25)26,(27,28)29)30)31)32)33)34)35)36)37)38,(39,(40,41)42)43)44)45)46	242.23715335837048
24	67	(0,((1,((2,3)4,((5,6)7,((8,9)10,(11,12)13)14)15)16)17,((18,19)20,(21,(((22,23)24,((25,26)27,(28,29)30)31)32,((33,34)35,(36,(37,38)39)40)41)42)43)44)45)46	174.97068943691212
24	68	(0,(1,((2,3)4,(5,((6,((7,8)9,((10,11)12,13)14)15)16,(((17,18)19,(20,((21,(22,23)24)25,(26,(27,((28,29)30,31)32)33)34)35)36)37,(38,39)40)41)42)43)44)45)46	232.3715943551628
24	69	(0,((1,((2,(3,4)5)6,(7,(8,9)10)11)12)13,(14,(15,(((16,17)18,(19,20)21)22,((23,24)25,((26,27)28,((29,30)31,((32,33)34,(35,36)37)38)39)40)41)42)43)44)45)46	191.32041487767634
24	70	(((0,1)2,((3,4)5,((6,7)8,(9,((10,11)12,(13,(14,(15,16)17)18)19)20)21)22)23)24,(25,(26,((27,28)29,(30,((31,32)33,((34,35)36,(37,38)39)40)41)42)43)44)45)46	151.40520819960682
24	71	((0,1)2,(3,((4,(5,(6,((7,(8,9)10)11,(12,(13,14)15)16)17)18)19)20,((21,(22,(23,(24,(25,26)27)28)29)30)31,(32,(33,((34,35)36,(37,38)39)40)41)42)43)44)45)46	185.87058497283212
24	72	(0,(1,((2,3)4,(5,(6,(7,((8,((9,10)11,(12,(((13,14)15,16)17,(18,19)20)21)22)23)24,(25,(26,((27,28)29,((30,31)32,(33,34)35)36)37)38)39)40)41)42)43)44)45)46	255.10110000482752
24	73	(0,(((((1,2)3,(4,5)6)7,((8,9)10,(11,(12,13)14)15)16)17,((18,(19,(20,((21,22)23,24)25)26)27)28,((29,30)31,((32,(33,34)35)36,37)38)39)40)41,(42,43)44)45)46	181.7813636123038
24	74	((((0,(1,2)3)4,5)6,((7,(8,9)10)11,12)13)14,((15,16)17,((18,(19,(20,((21,22)23,(24,(25,(26,27)28)29)30)31)32)33)34,(35,(((36,37)38,39)40,41)42)43)44)45)46	154.4401061196431
24	75	(0,(1,(2,((3,(((4,(5,(6,7)8)9)10,(11,12)13)14,(15,16)17)18)19,(((20,21)22,(23,(24,((25,26)27,(28,29)30)31)32)33)34,(35,(36,(37,38)39)40)41)42)43)44)45)46	211.12687050613602
24	76	(0,((1,(2,((3,(4,(5,(6,7)8)9)10)11,((12,(13,14)15)16,17)18)19)20)21,(22,(23,(24,(((25,26)27,28)29,(30,(31,((32,33)34,(35,36)37)38)39)40)41)42)43)44)45)46	181.23212289289353
24	77	((0,(1,(2,3)4)5)6,((7,8)9,(10,((11,(12,((13,14)15,(16,17)18)19)20)21,((22,23)24,((25,26)27,(28,((29,(30,31)32)33,(34,(35,36)37)38)39)40)41)42)43)44)45)46	186.60424972490364
24	78	((0,((((1,2)3,4)5,((6,((7,(8,((9,(10,(11,(12,(13,14)15)16)17)18)19,20)21)22)23,24)25)26,(27,((28,29)30,(31,32)33)34)35)36)37,38)39)40,(41,(42,43)44)45)46	220.0673549264828
24	79	((0,((1,(2,(3,4)5)6)7,(8,(((9,(10,11)12)13,14)15,(16,(17,18)19)20)21)22)23)24,(25,(((26,(27,28)29)30,(31,(32,33)34)35)36,((37,38)39,(40,41)42)43)44)45)46	145.80407700497955
24	80	(0,(1,((((2,3)4,((5,6)7,(8,9)10)11)12,(13,(14,15)16)17)18,(19,((20,(21,(22,(23,(24,25)26)27)28)29)30,((31,(32,((33,34)35,36)37)38)39,40)41)42)43)44)45)46	193.9635588400398
24	81	(0,((1,2)3,(4,(5,(6,((7,(8,((9,10)11,(12,13)14)15)16)17,(18,(19,((((20,21)22,(23,24)25)26,(27,28)29)30,((31,32)33,(34,35)36)37)38)39)40)41)42)43)44)45)46	245.48694622170842
24	82	(0,(1,(((2,(3,4)5)6,((7,8)9,(10,((11,12)13,((14,(15,16)17)18,19)20)21)22)23)24,((25,((26,(27,(28,29)30)31)32,(33,(34,35)36)37)38)39,(40,41)42)43)44)45)46	191.84380624942955
24	83	(((0,1)2,(3,4)5)6,(7,((((8,(9,10)11)12,((((13,14)15,16)17,((18,19)20,(21,22)23)24)25,(26,27)28)29)30,((31,32)33,34)35)36,((37,38)39,(40,41)42)43)44)45)46	182.5391282163783
24	84	(((0,1)2,3)4,(5,(((6,(7,8)9)10,(11,(12,13)14)15)16,(17,(18,(19,(20,(21,((22,(23,24)25)26,(27,((28,29)30,((31,32)33,34)35)36)37)38)39)40)41)42)43)44)45)46	208.97272052659565
24	85	((0,((1,((((2,3)4,5)6,((7,8)9,10)11)12,((13,14)15,(16,17)18)19)20)21,((22,(23,(24,(25,26)27)28)29)30,(31,((32,(33,(34,35)36)37)38,39)40)41)42)43)44,45)46	189.2878745465302
24	86	(0,((((1,2)3,((4,(5,6)7)8,((9,10)11,(12,13)14)15)16)17,(18,((19,((20,21)22,23)24)25,((26,27)28,(29,(30,(31,32)33)34)35)36)37)38)39,(40,(41,42)43)44)45)46	182.29560148883505
24	87	(0,(1,((2,3)4,(5,(6,((7,(8,((9,(10,(11,(12,13)14)15)16)17,(18,19)20)21)22)23,((24,25)26,(27,(28,(29,((30,(31,32)33)34,35)36)37)38)39)40)41)42)43)44)45)46	242.9984733290315
24	88	(0,((1,(2,3)4)5,(((6,(((7,8)9,(10,11)12)13,((14,15)16,(((17,(18,19)20)21,22)23,24)25)26)27)28,((29,30)31,(32,(33,(34,35)36)37)38)39)40,(41,42)43)44)45)46	199.80831062887694
24	89	(0,((1,2)3,(4,((5,(6,(7,(8,((9,10)11,(12,((13,14)15,(16,17)18)19)20)21)22)23)24)25,(26,(27,(28,(29,((30,(31,32)33)34,(35,36)37)38)39)40)41)42)43)44)45)46	218.10550861981105
24	90	(0,((1,2)3,(4,((5,6)7,((8,9)10,(11,((12,13)14,(((15,16)17,(18,19)20)21,((22,(23,(24,(25,26)27)28)29)30,(31,(32,(33,34)35)36)37)38)39)40)41)42)43)44)45)46	244.22016448405498
24	91	(0,(1,(2,(3,((4,5)6,((((7,(8,9)10)11,((12,((13,14)15,(16,(17,18)19)20)21)22,((23,24)25,(26,27)28)29)30)31,(32,((33,34)35,36)37)38)39,40)41)42)43)44)45)46	259.3122177837245
24	92	(((0,(1,2)3)4,5)6,((7,8)9,((10,(11,(12,13)14)15)16,((17,(18,((((19,20)21,(22,23)24)25,(26,(27,28)29)30)31,(32,33)34)35)36)37,((38,39)40,41)42)43)44)45)46	184.1510138610245
24	93	(0,((1,2)3,((4,5)6,(((7,8)9,(10,(11,((12,13)14,((15,16)17,(18,((19,(20,((21,22)23,(24,25)26)27)28)29,(30,31)32)33)34)35)36)37)38)39,(40,41)42)43)44)45)46	249.36060678932955
24	94	(0,((1,(2,3)4)5,((6,7)8,((9,10)11,(12,(((13,(14,(15,16)17)18)19,(20,((21,(22,23)24)25,(26,27)28)29)30)31,(32,(33,((34,35)36,37)38)39)40)41)42)43)44)45)46	215.85974794754713
24	95	(((0,(1,2)3)4,(5,(6,7)8)9)10,(((11,12)13,14)15,((16,(17,(18,19)20)21)22,((((23,24)25,(26,27)28)29,(30,31)32)33,(34,((35,36)37,(38,39)40)41)42)43)44)45)46	154.3460736399223
24	96	(0,((1,2)3,((4,((5,((6,7)8,(9,10)11)12)13,(14,(15,16)17)18)19)20,(((21,22)23,24)25,((26,27)28,((29,30)31,((32,(33,34)35)36,(37,38)39)40)41)42)43)44)45)46	186.45128600977364
24	97	((0,1)2,(3,(4,((5,((6,(7,8)9)10,(11,12)13)14)15,((((16,17)18,19)20,(21,(22,(23,(24,25)26)27)28)29)30,(31,((32,(33,34)35)36,(37,38)39)40)41)42)43)44)45)46	203.37654168993024
24	98	((0,((1,2)3,(4,(((5,(6,((7,8)9,(10,11)12)13)14)15,(16,17)18)19,((20,21)22,(23,24)25)26)27)28)29)30,(((31,32)33,(34,35)36)37,((38,39)40,(41,42)43)44)45)46	166.90377880256963
24	99	((0,1)2,((3,((4,5)6,((7,(((8,9)10,11)12,(13,14)15)16)17,(18,19)20)21)22)23,((24,(25,(26,(27,((28,29)30,31)32)33)34)35)36,((37,(38,39)40)41,42)43)44)45)46	166.40922361647293
