#size_tree	tree_index	tree	growth factor
25	0	(0,(1,(2,(3,(4,(5,(6,(7,(8,(9,(10,(11,(12,(13,(14,(15,(16,(17,(18,(19,(20,(21,(22,(23,24)25)26)27)28)29)30)31)32)33)34)35)36)37)38)39)40)41)42)43)44)45)46)47)48	368.1697454745894
25	1	((((0,(1,2)3)4,(5,(6,7)8)9)10,((11,(12,13)14)15,(16,(17,18)19)20)21)22,(((23,(24,25)26)27,(28,(29,30)31)32)33,((34,(35,36)37)38,((39,40)41,(42,43)44)45)46)47)48	138.10934789313362
25	2	((0,1)2,(3,(4,(5,(6,((7,(8,9)10)11,(12,(13,(14,((15,(16,((17,(18,((19,20)21,22)23)24)25,26)27)28)29,((30,31)32,(33,(34,35)36)37)38)39)40)41)42)43)44)45)46)47)48	285.4025439457589
25	3	((0,1)2,(((3,4)5,(((6,7)8,(9,(10,11)12)13)14,(15,16)17)18)19,((20,21)22,(23,((24,((25,26)27,((28,29)30,(31,32)33)34)35)36,((37,38)39,(40,41)42)43)44)45)46)47)48	178.0622357495699
25	4	(((0,1)2,((3,4)5,(6,(7,(8,((9,10)11,(((12,(13,(((14,15)16,(17,18)19)20,21)22)23)24,(25,26)27)28,((29,30)31,((32,33)34,35)36)37)38)39)40)41)42)43)44,(45,46)47)48	253.10322889914084
25	5	((0,1)2,(3,((4,(5,((6,7)8,9)10)11)12,(13,(14,(15,(16,(((17,18)19,20)21,((22,23)24,(25,(26,(27,(28,(29,(30,(31,32)33)34)35)36)37)38)39)40)41)42)43)44)45)46)47)48	246.12161953383315
25	6	((0,((1,(2,3)4)5,(6,((7,8)9,((10,11)12,((13,14)15,16)17)18)19)20)21)22,(23,(((24,((25,26)27,(28,(29,(30,(31,(32,33)34)35)36)37)38)39)40,(41,42)43)44,45)46)47)48	163.90422216580308
25	7	((((0,(1,2)3)4,(5,(6,(7,(8,9)10)11)12)13)14,(15,((16,(17,18)19)20,(21,(22,23)24)25)26)27)28,((29,(30,(31,((32,33)34,(35,(36,37)38)39)40)41)42)43,(44,45)46)47)48	146.3500884199395
25	8	(0,((1,2)3,(4,(5,(6,((7,(8,((9,10)11,12)13)14)15,((16,(17,((18,19)20,(21,(22,(23,(24,25)26)27)28)29)30)31)32,(33,((34,(35,36)37)38,39)40)41)42)43)44)45)46)47)48	255.53963904766752
25	9	((0,1)2,(3,((4,(5,((6,(7,8)9)10,(11,12)13)14)15)16,((17,18)19,(((20,21)22,((23,(24,25)26)27,(28,(29,30)31)32)33)34,(35,(36,(37,(38,39)40)41)42)43)44)45)46)47)48	199.19298746534568
25	10	((0,(1,2)3)4,(5,(6,((7,(8,9)10)11,(12,((((13,14)15,((16,17)18,(19,((20,(21,22)23)24,(25,26)27)28)29)30)31,((32,33)34,(35,36)37)38)39,(40,41)42)43)44)45)46)47)48	236.8040137513708
25	11	(((0,1)2,(((3,((4,5)6,((7,(8,9)10)11,((12,(13,14)15)16,((17,18)19,20)21)22)23)24)25,(26,27)28)29,(30,(31,(((32,33)34,35)36,((37,38)39,40)41)42)43)44)45)46,47)48	205.6964291357529
25	12	(((0,(1,2)3)4,((5,(6,7)8)9,(10,((11,12)13,(((14,15)16,(17,18)19)20,((21,22)23,((24,25)26,(27,(28,(29,30)31)32)33)34)35)36)37)38)39)40,(41,((42,43)44,45)46)47)48	194.47820238450697
25	13	(0,(1,((2,((3,(4,5)6)7,8)9)10,((11,(12,13)14)15,((16,17)18,(19,((20,21)22,(23,(24,(25,(((26,(27,28)29)30,(31,32)33)34,(35,36)37)38)39)40)41)42)43)44)45)46)47)48	235.42579359042128
25	14	((0,(1,2)3)4,(5,((6,((7,8)9,(10,((11,(12,(13,14)15)16)17,(18,(((19,20)21,22)23,24)25)26)27)28)29)30,((31,32)33,((34,35)36,((37,38)39,(40,41)42)43)44)45)46)47)48	196.96476723217643
25	15	((0,1)2,((3,((4,5)6,(7,8)9)10)11,(12,(13,((14,(15,(16,17)18)19)20,((21,22)23,((24,25)26,(27,(28,((29,(30,31)32)33,(34,(35,36)37)38)39)40)41)42)43)44)45)46)47)48	212.60301875392454
25	16	(0,(1,(2,((3,4)5,((6,7)8,(9,((10,11)12,((13,14)15,((16,(17,(18,(19,20)21)22)23)24,(((25,(26,27)28)29,30)31,(32,(33,(34,35)36)37)38)39)40)41)42)43)44)45)46)47)48	274.01197406545793
25	17	((0,((1,2)3,((4,5)6,((7,8)9,((10,11)12,(13,(14,(((15,16)17,18)19,((20,21)22,23)24)25)26)27)28)29)30)31)32,((33,34)35,(36,((37,38)39,(40,(41,42)43)44)45)46)47)48	181.66511996896384
25	18	(0,((1,(2,(((3,4)5,(6,((7,8)9,((10,11)12,13)14)15)16)17,(18,19)20)21)22)23,(24,(25,((26,((27,28)29,(30,31)32)33)34,(35,((36,37)38,(39,40)41)42)43)44)45)46)47)48	187.10060143569123
25	19	((0,(1,2)3)4,((5,(6,7)8)9,(10,(11,(12,(13,((14,15)16,((17,(18,(19,20)21)22)23,(24,((25,(26,(27,28)29)30)31,(32,(33,(34,35)36)37)38)39)40)41)42)43)44)45)46)47)48	239.97265729285044
25	20	(((0,(1,(2,((3,4)5,(6,((7,8)9,(10,11)12)13)14)15)16)17)18,((19,20)21,(22,(23,((24,25)26,((27,28)29,(30,31)32)33)34)35)36)37)38,(((39,40)41,(42,43)44)45,46)47)48	165.05694391125385
25	21	((0,(1,2)3)4,(((5,(6,((7,8)9,((10,(11,12)13)14,(15,(16,17)18)19)20)21)22)23,((24,(25,26)27)28,(29,(30,31)32)33)34)35,(36,(37,(38,(39,(40,41)42)43)44)45)46)47)48	173.70324515438597
25	22	(0,((((1,2)3,(4,5)6)7,(8,(9,((10,(11,12)13)14,(15,(((16,17)18,(19,((20,(21,22)23)24,(25,(26,27)28)29)30)31)32,((33,34)35,36)37)38)39)40)41)42)43,(44,45)46)47)48	241.79826785732226
25	23	(0,((1,(2,3)4)5,(6,(7,(8,((9,10)11,(((12,(13,14)15)16,(17,(18,(19,20)21)22)23)24,(25,((26,(27,28)29)30,((31,(32,33)34)35,(36,37)38)39)40)41)42)43)44)45)46)47)48	249.15086342561116
25	24	((0,(1,(2,3)4)5)6,(7,(8,(9,(((10,11)12,(((13,14)15,(16,17)18)19,(20,(21,(22,23)24)25)26)27)28,(((29,30)31,(32,33)34)35,((36,37)38,(39,40)41)42)43)44)45)46)47)48	210.42876383337438
25	25	((0,1)2,(3,(((4,(5,6)7)8,((9,10)11,(12,13)14)15)16,(((17,18)19,20)21,(22,(23,(((24,25)26,27)28,((29,(30,(31,32)33)34)35,((36,37)38,39)40)41)42)43)44)45)46)47)48	205.10017519437287
25	26	(0,(((1,2)3,(4,5)6)7,(8,(9,(10,((11,12)13,((14,(15,16)17)18,((19,(20,((21,22)23,24)25)26)27,((28,29)30,(31,(32,(33,(34,35)36)37)38)39)40)41)42)43)44)45)46)47)48	243.41041035617152
25	27	((0,(1,2)3)4,(((5,(6,7)8)9,((10,(((11,(12,(13,(14,15)16)17)18)19,20)21,22)23)24,25)26)27,(28,(29,(((30,31)32,(33,34)35)36,((37,38)39,(40,41)42)43)44)45)46)47)48	173.08101350844603
25	28	(0,((1,(2,3)4)5,(6,(((7,8)9,10)11,((12,13)14,((15,(16,17)18)19,(20,((21,((22,23)24,(((25,26)27,28)29,30)31)32)33,((34,35)36,(37,38)39)40)41)42)43)44)45)46)47)48	235.29127933989298
25	29	(0,((1,(((2,3)4,5)6,((7,(8,(9,10)11)12)13,((14,15)16,(17,18)19)20)21)22)23,(24,(25,(26,(27,(28,((29,30)31,(((32,33)34,(35,36)37)38,39)40)41)42)43)44)45)46)47)48	189.46859457682626
25	30	(0,((1,2)3,((4,((5,6)7,(8,9)10)11)12,(((13,14)15,(16,(17,(18,(19,(20,((21,22)23,((24,25)26,((27,28)29,(30,(31,32)33)34)35)36)37)38)39)40)41)42)43,44)45)46)47)48	248.52367204490668
25	31	((0,(1,((2,(3,((4,5)6,(7,8)9)10)11)12,(((13,14)15,((16,(17,18)19)20,(21,(((22,23)24,25)26,27)28)29)30)31,((32,33)34,((35,36)37,(38,39)40)41)42)43)44)45)46,47)48	223.4334417144359
25	32	(0,((1,(2,3)4)5,(6,((7,8)9,((10,(11,12)13)14,(((15,16)17,(18,(19,20)21)22)23,(24,((25,26)27,(28,(((29,30)31,(32,33)34)35,(36,37)38)39)40)41)42)43)44)45)46)47)48	232.29435707497763
25	33	(0,(1,((2,3)4,(5,(((6,(7,(8,9)10)11)12,(13,(14,(15,((16,(17,18)19)20,(21,22)23)24)25)26)27)28,(29,(((30,(31,32)33)34,(35,36)37)38,(39,40)41)42)43)44)45)46)47)48	236.06193226260925
25	34	((0,1)2,((3,4)5,(6,((((7,8)9,(10,11)12)13,14)15,((16,17)18,((19,(20,21)22)23,(24,((25,26)27,(28,((29,(30,(31,32)33)34)35,(36,37)38)39)40)41)42)43)44)45)46)47)48	223.40466048393475
25	35	(0,(1,(((2,3)4,(5,(6,(((7,8)9,((10,11)12,13)14)15,(16,17)18)19)20)21)22,(23,((24,25)26,(((27,28)29,30)31,(32,(33,(34,((35,36)37,38)39)40)41)42)43)44)45)46)47)48	206.8191804216028
25	36	((0,(1,(2,(3,(4,(5,((6,7)8,(9,(10,11)12)13)14)15)16)17)18)19)20,((21,22)23,((24,25)26,((27,28)29,(30,((31,((32,33)34,(35,36)37)38)39,(40,41)42)43)44)45)46)47)48	163.14709989467485
25	37	(0,(((1,((2,(3,(4,(5,6)7)8)9)10,11)12)13,((14,(15,((16,(17,18)19)20,(21,22)23)24)25)26,(27,(28,(29,(30,(31,(32,(33,34)35)36)37)38)39)40)41)42)43,(44,45)46)47)48	199.71533905682497
25	38	((0,1)2,(3,(4,(5,((6,(7,8)9)10,((11,(12,(13,(14,(15,(16,17)18)19)20)21)22)23,((24,25)26,((27,28)29,(30,(31,(32,(33,(34,35)36)37)38)39)40)41)42)43)44)45)46)47)48	242.87038641573645
25	39	(0,((1,((2,3)4,((5,((6,(7,8)9)10,((11,12)13,14)15)16)17,(18,(19,((20,21)22,(23,(24,((25,26)27,(28,29)30)31)32)33)34)35)36)37)38)39,((40,41)42,(43,44)45)46)47)48	219.95875957195886
25	40	(0,(1,(((2,3)4,(5,6)7)8,(9,(10,(11,((12,(13,((14,((15,16)17,18)19)20,((21,22)23,(24,25)26)27)28)29)30,((31,32)33,((34,35)36,(37,38)39)40)41)42)43)44)45)46)47)48	251.6459767479077
25	41	((0,(1,2)3)4,(((5,(6,7)8)9,10)11,(12,(13,(14,((15,16)17,(((18,19)20,(21,22)23)24,(25,((26,27)28,(29,(30,((31,(32,33)34)35,36)37)38)39)40)41)42)43)44)45)46)47)48	223.05878168775888
25	42	(0,(1,(((2,((3,4)5,6)7)8,((9,((10,(11,12)13)14,(15,(16,(17,(18,(19,20)21)22)23)24)25)26)27,28)29)30,(31,(((32,(33,34)35)36,(37,(38,39)40)41)42,43)44)45)46)47)48	208.92109456194095
25	43	(0,((1,(2,(3,(4,(5,(6,((7,8)9,((10,(11,12)13)14,((15,16)17,(18,(19,((20,(21,22)23)24,((25,26)27,(28,29)30)31)32)33)34)35)36)37)38)39)40)41)42)43,(44,45)46)47)48	304.18737722027737
25	44	(((0,(1,2)3)4,(5,(6,7)8)9)10,(((11,12)13,14)15,(((16,17)18,(19,(20,(21,22)23)24)25)26,((27,((28,29)30,(31,(32,(33,34)35)36)37)38)39,((40,41)42,43)44)45)46)47)48	162.3558132646714
25	45	((0,(1,(2,((3,4)5,(6,(7,8)9)10)11)12)13)14,(((15,16)17,(18,19)20)21,((22,(23,24)25)26,(27,((28,(29,(30,31)32)33)34,((35,36)37,(38,(39,40)41)42)43)44)45)46)47)48	157.1093237247619
25	46	((0,1)2,(3,((4,(5,(6,7)8)9)10,((11,(12,13)14)15,(((16,(17,(18,19)20)21)22,23)24,(25,(26,((27,(28,29)30)31,((32,33)34,(35,(36,37)38)39)40)41)42)43)44)45)46)47)48	212.9959173767245
25	47	((0,1)2,((3,4)5,((6,(7,(8,(9,(10,11)12)13)14)15)16,((17,(18,(19,(20,(21,((22,((23,(24,(25,(26,27)28)29)30)31,(32,33)34)35)36,37)38)39)40)41)42)43,44)45)46)47)48	234.5797061426979
25	48	((0,1)2,((3,(4,5)6)7,(8,((9,(10,(((11,(12,13)14)15,(16,(17,18)19)20)21,22)23)24)25,(26,(((27,28)29,((30,31)32,(33,34)35)36)37,((38,39)40,41)42)43)44)45)46)47)48	205.0086461168139
25	49	(((0,((1,2)3,4)5)6,(7,(8,((9,(10,11)12)13,((14,((15,16)17,18)19)20,(21,((22,23)24,25)26)27)28)29)30)31)32,((33,((34,35)36,37)38)39,(40,((41,42)43,44)45)46)47)48	163.53511356393025
25	50	(0,(1,(2,((3,4)5,(6,((7,8)9,((((10,11)12,13)14,15)16,(17,(18,((19,20)21,((22,23)24,(25,((26,(27,28)29)30,(31,(32,33)34)35)36)37)38)39)40)41)42)43)44)45)46)47)48	280.9292202282901
25	51	((0,1)2,((3,4)5,(6,((7,8)9,(((10,11)12,(13,14)15)16,(17,(18,((19,(20,((21,22)23,24)25)26)27,((28,29)30,(31,(32,(33,(34,35)36)37)38)39)40)41)42)43)44)45)46)47)48	237.4538421951694
25	52	(0,((1,(2,(3,4)5)6)7,(((8,(9,(10,11)12)13)14,15)16,(((17,(18,19)20)21,22)23,((24,(25,(26,27)28)29)30,((31,32)33,((34,35)36,(37,(38,39)40)41)42)43)44)45)46)47)48	190.82602861126315
25	53	(0,((1,(2,(3,(4,((5,(((6,7)8,(9,10)11)12,(13,((14,(15,16)17)18,(19,(20,21)22)23)24)25)26)27,(28,(29,(((30,31)32,(33,34)35)36,37)38)39)40)41)42)43)44)45,46)47)48	278.7030625611359
25	54	(0,(((1,2)3,4)5,((6,((7,8)9,(10,(((11,12)13,(14,15)16)17,((18,19)20,(21,22)23)24)25)26)27)28,((29,30)31,(32,((33,34)35,(36,(37,(38,39)40)41)42)43)44)45)46)47)48	197.05968049969937
25	55	((0,(1,(2,3)4)5)6,((7,(8,9)10)11,((12,(13,(14,(15,16)17)18)19)20,((21,22)23,(24,(((25,26)27,(28,29)30)31,((32,33)34,(35,((36,37)38,39)40)41)42)43)44)45)46)47)48	182.27451515461627
25	56	(((0,(1,2)3)4,(5,(6,7)8)9)10,(11,(12,((13,((14,15)16,(17,(18,19)20)21)22)23,((24,((25,(26,27)28)29,((30,31)32,33)34)35)36,(37,(38,(39,40)41)42)43)44)45)46)47)48	183.58109580095893
25	57	((0,1)2,(((3,(4,5)6)7,((8,9)10,((11,12)13,(14,(15,16)17)18)19)20)21,((22,((23,24)25,(26,27)28)29)30,(((31,32)33,(34,35)36)37,((38,39)40,(41,42)43)44)45)46)47)48	164.87887992314333
25	58	(((0,1)2,(((3,4)5,6)7,(8,(((9,(10,11)12)13,14)15,(16,(17,(18,19)20)21)22)23)24)25)26,((27,28)29,(30,(((31,32)33,(34,(35,36)37)38)39,(40,(41,42)43)44)45)46)47)48	152.84035586636088
25	59	(((0,(1,2)3)4,((5,6)7,(((8,9)10,(11,12)13)14,(15,16)17)18)19)20,(21,((22,23)24,((25,(26,(27,28)29)30)31,(32,((33,34)35,((36,37)38,(39,40)41)42)43)44)45)46)47)48	154.41125978607528
25	60	(0,(((1,2)3,(4,5)6)7,((8,((9,10)11,((12,13)14,(15,(16,((17,18)19,(20,21)22)23)24)25)26)27)28,(29,(30,((31,32)33,(34,(35,(36,(37,38)39)40)41)42)43)44)45)46)47)48	193.6247430293844
25	61	((0,(((1,(2,3)4)5,((6,(7,(8,9)10)11)12,(((13,14)15,(16,17)18)19,((20,(21,(22,23)24)25)26,(27,28)29)30)31)32)33,((34,(35,(36,37)38)39)40,(41,42)43)44)45)46,47)48	207.39098021619444
25	62	(((0,((1,(2,(3,4)5)6)7,(8,9)10)11)12,(13,(14,((15,16)17,((18,19)20,(21,22)23)24)25)26)27)28,((29,(((30,(31,(32,33)34)35)36,37)38,(39,40)41)42)43,(44,45)46)47)48	147.94529817456646
25	63	(((0,(1,2)3)4,(((5,6)7,(8,(9,10)11)12)13,((14,(15,16)17)18,((19,20)21,((22,(23,24)25)26,((27,28)29,30)31)32)33)34)35)36,(37,(38,(39,(40,(41,42)43)44)45)46)47)48	163.48542850673113
25	64	((0,1)2,((3,4)5,(6,((7,8)9,(10,((11,12)13,(14,(15,((16,17)18,(19,((20,21)22,((23,24)25,((26,27)28,((29,30)31,(32,33)34)35)36)37)38)39)40)41)42)43)44)45)46)47)48	269.50906108060593
25	65	(((0,1)2,(3,(4,5)6)7)8,((9,(10,((11,(12,13)14)15,((16,17)18,(19,20)21)22)23)24)25,(26,((27,28)29,((30,31)32,(33,(34,((35,36)37,(38,39)40)41)42)43)44)45)46)47)48	164.017704013665
25	66	((0,1)2,(((3,(4,(((5,6)7,(8,9)10)11,((12,13)14,(15,16)17)18)19)20)21,(22,((23,((24,25)26,27)28)29,(30,31)32)33)34)35,(36,(((37,(38,39)40)41,42)43,44)45)46)47)48	178.32389958170546
25	67	(0,(1,((2,3)4,((5,(6,7)8)9,(10,((11,12)13,((((14,15)16,(17,18)19)20,((21,22)23,(24,25)26)27)28,(29,(30,(31,(32,(33,(34,35)36)37)38)39)40)41)42)43)44)45)46)47)48	246.95058648404193
25	68	((0,(1,((2,3)4,(5,((6,7)8,(9,(10,11)12)13)14)15)16)17)18,(19,((20,(((21,22)23,((24,25)26,(27,28)29)30)31,(32,33)34)35)36,(37,((38,39)40,(41,42)43)44)45)46)47)48	158.62808243450175
25	69	((0,(((1,2)3,4)5,(6,7)8)9)10,(11,(12,(13,((14,15)16,((17,18)19,((20,21)22,(23,(24,(25,(26,((27,(28,29)30)31,((32,33)34,35)36)37)38)39)40)41)42)43)44)45)46)47)48	223.36854221385164
25	70	((0,1)2,(((3,4)5,(6,(7,(8,9)10)11)12)13,(14,((15,((16,17)18,19)20)21,(((22,23)24,25)26,(27,((28,(29,(30,31)32)33)34,((35,36)37,(38,39)40)41)42)43)44)45)46)47)48	191.02872974072915
25	71	(0,(((1,2)3,4)5,(6,(7,((8,9)10,(((11,((12,13)14,(15,16)17)18)19,(20,21)22)23,((24,(25,(26,27)28)29)30,((31,32)33,((34,(35,36)37)38,39)40)41)42)43)44)45)46)47)48	233.85677298251147
25	72	((0,((1,2)3,((4,((5,(6,(7,8)9)10)11,(12,(13,14)15)16)17)18,(19,(20,(21,(22,(23,24)25)26)27)28)29)30)31)32,(((33,34)35,(36,37)38)39,(40,((41,42)43,44)45)46)47)48	168.46927928582332
25	73	(((0,1)2,((3,4)5,(6,7)8)9)10,(11,(12,(13,(14,((15,((16,17)18,(19,20)21)22)23,(24,(25,((26,(27,(28,(((29,30)31,32)33,34)35)36)37)38,39)40)41)42)43)44)45)46)47)48	219.20485561702415
25	74	(0,((1,2)3,((4,((5,6)7,((8,9)10,((11,(12,13)14)15,(16,(17,18)19)20)21)22)23)24,((25,26)27,(((28,(29,30)31)32,(33,(34,35)36)37)38,((39,40)41,42)43)44)45)46)47)48	196.6071382417291
25	75	((0,1)2,(((3,4)5,6)7,((((8,9)10,(11,12)13)14,15)16,((((17,18)19,(20,21)22)23,(24,(25,(26,((27,28)29,(30,31)32)33)34)35)36)37,(38,(39,(40,41)42)43)44)45)46)47)48	190.46110617655282
25	76	((0,1)2,((3,4)5,(6,(7,(8,(9,(10,(11,(12,(13,(14,(15,(16,(17,(((18,19)20,((21,22)23,24)25)26,((27,(28,29)30)31,32)33)34)35)36)37)38)39)40)41)42)43)44)45)46)47)48	313.0129671910504
25	77	(((0,((1,2)3,(4,5)6)7)8,(9,(10,((11,12)13,(14,15)16)17)18)19)20,((21,22)23,(24,(25,(26,(27,((28,(((29,30)31,32)33,(34,35)36)37)38,(39,40)41)42)43)44)45)46)47)48	164.7341626421932
25	78	((0,1)2,(3,((4,(5,6)7)8,((9,10)11,((12,13)14,(15,(16,(17,(18,((19,20)21,(((22,(23,(24,(25,26)27)28)29)30,(31,32)33)34,(35,36)37)38)39)40)41)42)43)44)45)46)47)48	258.40043890622445
25	79	(0,((1,2)3,(4,((5,6)7,(8,((9,(10,11)12)13,((14,15)16,(((17,(18,19)20)21,(22,((23,24)25,((26,27)28,(29,30)31)32)33)34)35,(36,(37,38)39)40)41)42)43)44)45)46)47)48	258.1103493535651
25	80	(0,(((1,(2,(3,(4,5)6)7)8)9,((10,11)12,(13,((14,((15,16)17,(18,19)20)21)22,(23,(24,25)26)27)28)29)30)31,((32,(33,(34,(35,36)37)38)39)40,(41,(42,43)44)45)46)47)48	179.37432023479937
25	81	((0,1)2,(3,(4,(((5,((6,7)8,((9,(10,(11,(12,13)14)15)16)17,(18,(19,(20,(21,22)23)24)25)26)27)28)29,(30,31)32)33,(34,(35,(36,((37,38)39,40)41)42)43)44)45)46)47)48	230.05488856716477
25	82	(((0,(1,(2,3)4)5)6,(7,(8,(9,10)11)12)13)14,(15,((16,(((17,18)19,(20,(21,22)23)24)25,26)27)28,((29,30)31,(((32,(33,34)35)36,(37,(38,39)40)41)42,43)44)45)46)47)48	161.0076124611562
25	83	((0,1)2,(((3,4)5,6)7,((8,(9,(10,11)12)13)14,((15,(16,(17,((18,19)20,((21,(22,(23,(24,(25,(26,27)28)29)30)31)32)33,(34,35)36)37)38)39)40)41,(42,43)44)45)46)47)48	224.8142046602131
25	84	(0,(1,(2,((3,4)5,(6,(((7,8)9,(10,(((11,12)13,(14,15)16)17,18)19)20)21,(22,(((23,24)25,(26,27)28)29,(((30,31)32,33)34,((35,36)37,38)39)40)41)42)43)44)45)46)47)48	253.10331538288267
25	85	(((0,1)2,3)4,(((5,6)7,((8,(9,(10,11)12)13)14,15)16)17,((18,19)20,(((21,(22,((23,24)25,(26,27)28)29)30)31,(32,(33,34)35)36)37,(38,((39,40)41,42)43)44)45)46)47)48	173.45870023019887
25	86	(0,(1,(2,((3,4)5,((6,(7,8)9)10,(11,(12,((13,(14,15)16)17,((18,19)20,((21,(22,23)24)25,((26,27)28,(29,((30,31)32,(33,34)35)36)37)38)39)40)41)42)43)44)45)46)47)48	272.8054439808848
25	87	((0,(1,(((2,((3,4)5,(6,((7,8)9,(10,11)12)13)14)15)16,((17,18)19,((20,21)22,(23,24)25)26)27)28,((29,(30,31)32)33,34)35)36)37)38,((39,40)41,((42,43)44,45)46)47)48	194.99704193873296
25	88	(0,((1,2)3,((4,5)6,((7,(8,(9,10)11)12)13,((14,((15,16)17,18)19)20,((21,22)23,(((24,25)26,27)28,((29,30)31,(32,(33,(34,(35,36)37)38)39)40)41)42)43)44)45)46)47)48	221.73166996200828
25	89	(0,((((1,2)3,4)5,((6,7)8,9)10)11,((12,13)14,((15,(16,(((17,18)19,((20,21)22,23)24)25,(26,((27,28)29,(30,((31,32)33,(34,35)36)37)38)39)40)41)42)43,44)45)46)47)48	218.27225703035404
25	90	(((0,(((1,2)3,(4,5)6)7,((8,9)10,((11,((12,13)14,(15,(16,17)18)19)20)21,22)23)24)25)26,(27,((28,29)30,(31,32)33)34)35)36,((37,38)39,((40,(41,42)43)44,45)46)47)48	167.62956478079596
25	91	(((0,1)2,(3,(4,(5,6)7)8)9)10,(11,((12,((13,(14,(15,16)17)18)19,((20,21)22,((23,24)25,(26,27)28)29)30)31)32,(33,(34,((35,(36,37)38)39,(40,41)42)43)44)45)46)47)48	172.61852421048377
25	92	(0,(1,((2,3)4,((5,6)7,(8,(9,(10,(11,(((12,13)14,(15,(16,((17,18)19,(20,21)22)23)24)25)26,((27,28)29,((30,31)32,(33,(34,35)36)37)38)39)40)41)42)43)44)45)46)47)48	279.1192228628328
25	93	((0,((1,2)3,(4,(5,((6,7)8,((9,(10,((11,(12,(13,14)15)16)17,(18,19)20)21)22)23,(24,(((25,26)27,((28,29)30,31)32)33,(34,(35,36)37)38)39)40)41)42)43)44)45)46,47)48	262.95411185868846
25	94	((0,1)2,(3,(4,((5,6)7,((8,9)10,((11,(12,((((13,14)15,(16,17)18)19,(20,21)22)23,((24,25)26,(27,(28,29)30)31)32)33)34)35,(36,(37,(38,39)40)41)42)43)44)45)46)47)48	250.91618380399262
25	95	(((0,(((1,2)3,4)5,6)7)8,(9,10)11)12,((13,14)15,(16,(((17,18)19,(20,(21,22)23)24)25,((26,27)28,((29,30)31,((32,33)34,((35,36)37,(38,39)40)41)42)43)44)45)46)47)48	173.51657802100632
25	96	(0,(1,(2,((((3,((4,5)6,(7,8)9)10)11,(12,13)14)15,((16,(17,18)19)20,(((21,22)23,(24,25)26)27,(28,(29,(30,31)32)33)34)35)36)37,(38,((39,40)41,42)43)44)45)46)47)48	226.9604985606874
25	97	((((0,1)2,3)4,(5,((6,7)8,(9,((10,11)12,13)14)15)16)17)18,(19,(20,(21,((22,23)24,(((25,(26,(27,28)29)30)31,(32,(33,(34,35)36)37)38)39,(40,41)42)43)44)45)46)47)48	172.6211031316593
25	98	(0,((1,((2,3)4,((5,6)7,(8,9)10)11)12)13,(((14,15)16,(17,(18,19)20)21)22,(23,((24,25)26,(((27,28)29,((30,31)32,(33,34)35)36)37,(38,(39,40)41)42)43)44)45)46)47)48	184.819727916281
25	99	(0,((1,(2,((3,4)5,(6,7)8)9)10)11,(12,((13,(14,15)16)17,((18,19)20,(21,(22,(23,(24,((25,(26,(27,(28,29)30)31)32)33,(34,(35,36)37)38)39)40)41)42)43)44)45)46)47)48	220.83137684123867
