#size_tree	tree_index	tree	growth factor
19	0	(0,(1,(2,(3,(4,(5,(6,(7,(8,(9,(10,(11,(12,(13,(14,(15,(16,(17,18)19)20)21)22)23)24)25)26)27)28)29)30)31)32)33)34)35)36	231.21377484175477
19	1	((((0,1)2,(3,4)5)6,((7,8)9,(10,(11,12)13)14)15)16,(((17,18)19,(20,(21,22)23)24)25,((26,27)28,(29,(30,31)32)33)34)35)36	104.75764742359262
19	2	(0,(1,((2,((3,4)5,(6,7)8)9)10,(11,(12,(((((((13,14)15,16)17,18)19,(20,21)22)23,24)25,(26,27)28)29,30)31)32)33)34)35)36	168.88385192333766
19	3	(((((((0,1)2,3)4,5)6,((7,((8,9)10,11)12)13,((14,((15,16)17,((18,19)20,21)22)23)24,25)26)27)28,(29,30)31)32,33)34,35)36	162.06054883033175
19	4	((0,1)2,(3,((4,5)6,(7,(((((8,(9,(10,11)12)13)14,15)16,17)18,((19,20)21,22)23)24,((25,(26,27)28)29,30)31)32)33)34)35)36	162.77655594185703
19	5	(((0,(1,((2,(3,(4,5)6)7)8,9)10)11)12,(13,14)15)16,((17,(18,(19,20)21)22)23,((24,(25,26)27)28,(29,(30,31)32)33)34)35)36	110.18170595012357
19	6	(((((0,((1,(2,3)4)5,(6,7)8)9)10,11)12,(13,14)15)16,17)18,(19,(((((20,21)22,23)24,(25,26)27)28,(29,30)31)32,33)34)35)36	118.54123588218924
19	7	(((0,1)2,(((3,4)5,((6,(7,(8,(((9,10)11,12)13,(14,(15,16)17)18)19)20)21)22,((23,24)25,26)27)28)29,30)31)32,(33,34)35)36	164.51891746357526
19	8	(0,((1,(2,(((3,((4,(5,6)7)8,((9,10)11,12)13)14)15,((16,17)18,(19,((20,21)22,23)24)25)26)27,28)29)30)31,(32,33)34)35)36	176.94330188196236
19	9	((((0,((1,2)3,4)5)6,((7,(8,(((9,10)11,(12,((13,14)15,16)17)18)19,20)21)22)23,(24,(25,26)27)28)29)30,31)32,(33,34)35)36	153.8292514919818
19	10	(((((0,1)2,(((3,4)5,6)7,(8,((9,10)11,((12,13)14,15)16)17)18)19)20,((21,(22,((23,24)25,26)27)28)29,30)31)32,33)34,35)36	151.30282726898557
19	11	(((0,1)2,3)4,((((((5,6)7,8)9,(((10,11)12,((13,14)15,16)17)18,19)20)21,((22,23)24,25)26)27,28)29,(30,(31,32)33)34)35)36	139.14667411745995
19	12	((0,((1,(2,(((3,4)5,((((6,(7,8)9)10,11)12,13)14,(15,16)17)18)19,20)21)22)23,((24,25)26,27)28)29)30,((31,32)33,34)35)36	160.75741786667217
19	13	(0,((1,(((2,((3,(4,((((5,((6,7)8,9)10)11,(12,13)14)15,16)17,18)19)20)21,((22,23)24,25)26)27)28,29)30,31)32)33,34)35)36	210.29004939635095
19	14	(((((0,1)2,((3,4)5,(6,7)8)9)10,((11,(12,(13,(((14,15)16,17)18,(19,(20,21)22)23)24)25)26)27,(28,29)30)31)32,33)34,35)36	156.26101029537972
19	15	(((((((0,(1,(2,(3,4)5)6)7)8,(9,((10,11)12,13)14)15)16,17)18,19)20,((((21,22)23,(24,25)26)27,28)29,30)31)32,33)34,35)36	157.13050869109193
19	16	(0,(((((((1,2)3,4)5,(6,(7,(8,((9,10)11,(12,((13,(14,15)16)17,18)19)20)21)22)23)24)25,26)27,28)29,(30,31)32)33,34)35)36	192.9043138621141
19	17	(0,((1,(2,((3,((4,5)6,(((7,(8,9)10)11,12)13,14)15)16)17,(18,19)20)21)22)23,((24,25)26,(27,((28,29)30,31)32)33)34)35)36	148.7334298459564
19	18	(((0,((1,(((2,3)4,5)6,(7,8)9)10)11,12)13)14,(15,(((((16,17)18,19)20,21)22,23)24,(25,((26,27)28,29)30)31)32)33)34,35)36	135.275353398738
19	19	((((((0,(1,2)3)4,(5,6)7)8,9)10,11)12,(((13,14)15,(16,17)18)19,(20,((21,(22,23)24)25,(26,(27,28)29)30)31)32)33)34,35)36	131.03724899084514
19	20	((0,((1,2)3,4)5)6,((7,((8,((9,10)11,((12,(((13,((14,15)16,17)18)19,(20,21)22)23,24)25)26,27)28)29)30,31)32)33,34)35)36	168.59096111006227
19	21	((0,((((1,2)3,4)5,(6,7)8)9,10)11)12,(13,((14,((15,(16,17)18)19,(20,(21,((22,(23,24)25)26,27)28)29)30)31)32,33)34)35)36	129.88388908523913
19	22	(0,(((1,(2,((3,(((4,5)6,(7,(8,((9,(10,11)12)13,14)15)16)17)18,19)20)21,((22,(23,24)25)26,27)28)29)30)31,32)33,34)35)36	197.2792794641295
19	23	((0,(1,((((2,3)4,(5,(6,((((((7,8)9,10)11,(12,13)14)15,16)17,((18,19)20,21)22)23,24)25)26)27)28,29)30,31)32)33)34,35)36	210.00445316170774
19	24	((0,(((1,(2,3)4)5,6)7,8)9)10,(((11,12)13,(14,(15,(((16,17)18,(((19,20)21,22)23,24)25)26,(27,28)29)30)31)32)33,34)35)36	134.69721334571457
19	25	(0,((1,(((2,3)4,(5,(6,(7,(((8,9)10,((11,12)13,14)15)16,17)18)19)20)21)22,(((23,24)25,(26,27)28)29,30)31)32)33,34)35)36	173.77303347334762
19	26	(0,((((((1,2)3,(4,((5,6)7,8)9)10)11,(12,((((13,14)15,16)17,((18,19)20,21)22)23,24)25)26)27,28)29,30)31,(32,33)34)35)36	169.44305801504987
19	27	((0,1)2,(3,(((((4,((((5,6)7,8)9,10)11,12)13)14,((15,((16,17)18,19)20)21,(22,23)24)25)26,27)28,(29,30)31)32,33)34)35)36	170.9195205401096
19	28	((0,((1,(2,(((((3,4)5,(6,(7,(((8,9)10,11)12,13)14)15)16)17,18)19,20)21,22)23)24)25,26)27)28,(29,(30,(31,32)33)34)35)36	174.63490241749994
19	29	((((((0,1)2,3)4,5)6,((7,8)9,10)11)12,13)14,(((15,(16,17)18)19,((20,(21,22)23)24,25)26)27,((28,29)30,(31,32)33)34)35)36	108.48841733774556
19	30	(0,(1,(((2,((3,4)5,(((6,((7,8)9,((10,11)12,(13,(14,15)16)17)18)19)20,(21,22)23)24,25)26)27)28,(29,30)31)32,33)34)35)36	195.95418587335942
19	31	(((0,(1,((2,3)4,((5,((6,7)8,(9,10)11)12)13,(14,(15,16)17)18)19)20)21)22,23)24,(((25,26)27,28)29,((30,31)32,33)34)35)36	135.94051491685596
19	32	(0,((((1,(((((2,3)4,5)6,7)8,9)10,((11,12)13,((14,(15,(16,17)18)19)20,21)22)23)24)25,26)27,((28,29)30,31)32)33,34)35)36	172.72486227419512
19	33	((0,1)2,(3,(((4,5)6,((7,8)9,10)11)12,(((((13,14)15,((16,(17,(18,19)20)21)22,23)24)25,26)27,28)29,(30,31)32)33)34)35)36	151.62083944872165
19	34	(((0,(((1,((2,(3,4)5)6,((7,8)9,(10,11)12)13)14)15,((16,17)18,19)20)21,22)23)24,(25,(26,27)28)29)30,((31,32)33,34)35)36	146.92752913056438
19	35	(((((0,1)2,3)4,(((5,(6,(7,8)9)10)11,(12,((13,((14,15)16,17)18)19,20)21)22)23,(24,25)26)27)28,29)30,(31,(32,33)34)35)36	145.5218204393298
19	36	((((0,(((1,(2,3)4)5,6)7,8)9)10,11)12,13)14,(15,((((16,17)18,(19,20)21)22,23)24,(25,(26,(27,(28,29)30)31)32)33)34)35)36	116.84936799286189
19	37	((((((0,1)2,(3,(4,(((5,((6,(7,8)9)10,11)12)13,14)15,((16,(17,18)19)20,(21,22)23)24)25)26)27)28,29)30,31)32,33)34,35)36	197.6854526267612
19	38	(0,(1,((((2,(3,((((4,5)6,7)8,(9,10)11)12,13)14)15)16,17)18,(19,20)21)22,(23,(24,(((25,26)27,28)29,30)31)32)33)34)35)36	158.7190878545734
19	39	(0,((((1,((((2,3)4,(5,6)7)8,((9,(10,11)12)13,(14,((15,16)17,18)19)20)21)22,23)24)25,26)27,(28,29)30)31,(32,33)34)35)36	176.68997864707305
19	40	((0,((1,(2,(((3,(4,((5,6)7,(8,9)10)11)12)13,14)15,((16,17)18,19)20)21)22)23,24)25)26,(((27,28)29,30)31,(32,33)34)35)36	151.24496846807773
19	41	(((0,(1,((2,(((3,(4,5)6)7,((((8,9)10,(11,12)13)14,15)16,17)18)19,20)21)22,23)24)25)26,(27,(28,29)30)31)32,(33,34)35)36	171.83829566969774
19	42	(((((0,((1,((2,(3,4)5)6,7)8)9,((((10,11)12,(13,14)15)16,((17,18)19,20)21)22,23)24)25)26,27)28,(29,30)31)32,33)34,35)36	180.256855791875
19	43	((0,1)2,(((3,(((4,5)6,7)8,(9,10)11)12)13,(((14,15)16,(17,(18,(19,(20,21)22)23)24)25)26,(27,28)29)30)31,(32,33)34)35)36	138.48475612192144
19	44	(0,((1,((((2,3)4,((5,6)7,((8,(9,(10,(11,12)13)14)15)16,17)18)19)20,21)22,((23,24)25,(26,27)28)29)30)31,(32,33)34)35)36	168.12193621167205
19	45	(0,(((1,(2,3)4)5,(((((6,(7,8)9)10,(11,12)13)14,(15,16)17)18,((19,20)21,(22,23)24)25)26,((27,28)29,30)31)32)33,34)35)36	157.23492482654245
19	46	(((0,(1,(((2,(3,4)5)6,7)8,9)10)11)12,13)14,(((15,16)17,(18,19)20)21,((22,((23,24)25,26)27)28,((29,30)31,32)33)34)35)36	111.49642283252605
19	47	((0,(1,(((((((((2,3)4,(5,6)7)8,(9,10)11)12,13)14,((15,16)17,(18,(19,20)21)22)23)24,25)26,27)28,29)30,31)32)33)34,35)36	203.87227678379807
19	48	((0,(1,((2,(3,(4,5)6)7)8,(9,(((10,11)12,13)14,(((15,((16,17)18,((19,20)21,22)23)24)25,26)27,28)29)30)31)32)33)34,35)36	177.42092286938822
19	49	(0,(1,((2,(3,(((4,(((5,6)7,((8,9)10,((11,12)13,14)15)16)17,18)19)20,(21,22)23)24,25)26)27)28,(29,(30,31)32)33)34)35)36	188.64319950053292
19	50	(0,(((((((1,(((2,(3,(4,(5,6)7)8)9)10,11)12,13)14)15,16)17,18)19,(20,21)22)23,24)25,(26,27)28)29,(30,(31,32)33)34)35)36	174.50918821218403
19	51	((0,(((((1,2)3,4)5,(6,((7,8)9,(10,(((11,12)13,((14,15)16,17)18)19,20)21)22)23)24)25,(26,27)28)29,(30,31)32)33)34,35)36	176.33467546375513
19	52	((0,((((1,2)3,(4,((5,6)7,(8,((9,((10,11)12,(13,14)15)16)17,((18,(19,20)21)22,23)24)25)26)27)28)29,30)31,32)33)34,35)36	198.6065700336281
19	53	(((0,(1,(2,((3,4)5,6)7)8)9)10,(11,(((12,13)14,15)16,(17,((18,19)20,((21,22)23,24)25)26)27)28)29)30,((31,32)33,34)35)36	126.90680524322178
19	54	((0,((1,2)3,((((4,5)6,((7,8)9,10)11)12,(13,14)15)16,((17,18)19,((20,((21,22)23,24)25)26,27)28)29)30)31)32,(33,34)35)36	149.4797221829072
19	55	(((0,(((1,2)3,((4,5)6,7)8)9,(((((((10,11)12,13)14,15)16,((17,(18,19)20)21,22)23)24,25)26,27)28,29)30)31)32,33)34,35)36	175.10218204012975
19	56	((0,(1,2)3)4,(5,(6,(((7,(8,(9,(10,(((11,12)13,(14,15)16)17,18)19)20)21)22)23,24)25,(26,((27,28)29,30)31)32)33)34)35)36	162.72675527441797
19	57	((((0,1)2,3)4,((5,(((6,(((7,(8,(9,10)11)12)13,(14,(15,16)17)18)19,(20,21)22)23)24,25)26,27)28)29,(30,31)32)33)34,35)36	174.43510594351443
19	58	((0,(((1,2)3,(4,5)6)7,8)9)10,((((11,12)13,14)15,((16,17)18,(((19,20)21,22)23,24)25)26)27,(((28,29)30,31)32,33)34)35)36	113.06323141418154
19	59	(((((0,1)2,3)4,((5,(((((6,(7,8)9)10,(11,12)13)14,15)16,((17,18)19,20)21)22,(23,24)25)26)27,(28,29)30)31)32,33)34,35)36	171.2844904765782
19	60	(0,(1,((2,3)4,(((5,6)7,8)9,(10,((11,(12,((((13,14)15,16)17,(18,19)20)21,22)23)24)25,((26,27)28,29)30)31)32)33)34)35)36	175.22606953070823
19	61	(0,(((((1,2)3,(4,5)6)7,8)9,(((10,(11,((12,13)14,(15,(16,17)18)19)20)21)22,(23,(24,25)26)27)28,29)30)31,(32,33)34)35)36	152.1791785460125
19	62	(0,(1,((2,((3,(4,5)6)7,8)9)10,(11,((12,((13,((14,15)16,17)18)19,((20,(21,(22,23)24)25)26,27)28)29)30,31)32)33)34)35)36	165.85139617619126
19	63	((0,((((1,2)3,(4,((5,(6,7)8)9,10)11)12)13,((14,15)16,(17,(((18,19)20,(21,22)23)24,25)26)27)28)29,(30,31)32)33)34,35)36	158.47385852767516
19	64	((0,(1,2)3)4,(5,(((((((6,(7,8)9)10,11)12,13)14,(15,(16,17)18)19)20,(((21,22)23,24)25,26)27)28,29)30,(31,32)33)34)35)36	152.52554908329773
19	65	(0,((1,(2,3)4)5,((((6,7)8,((9,((10,11)12,((13,(14,15)16)17,(18,19)20)21)22)23,24)25)26,(27,(28,29)30)31)32,33)34)35)36	163.31391711399348
19	66	(((0,((1,2)3,4)5)6,((7,(8,9)10)11,(((12,13)14,((((15,16)17,18)19,20)21,(22,(23,(24,25)26)27)28)29)30,31)32)33)34,35)36	146.84574986750283
19	67	(0,(1,(((2,(3,4)5)6,(((7,8)9,(10,((11,((12,((13,14)15,16)17)18,(19,20)21)22)23,24)25)26)27,28)29)30,(31,32)33)34)35)36	180.21520649242865
19	68	(((((0,1)2,3)4,((5,(((6,((7,(8,(9,10)11)12)13,14)15)16,17)18,(((19,20)21,22)23,24)25)26)27,28)29)30,(31,32)33)34,35)36	167.41685973357713
19	69	(((0,(1,(((2,3)4,5)6,((((7,(8,9)10)11,((12,(13,14)15)16,17)18)19,20)21,(22,((23,24)25,26)27)28)29)30)31)32,33)34,35)36	181.33767865633678
19	70	((0,(((1,2)3,4)5,((6,(7,8)9)10,((((11,(12,((13,14)15,16)17)18)19,20)21,22)23,(((24,25)26,27)28,29)30)31)32)33)34,35)36	160.81098076983307
19	71	((0,(1,((2,(3,4)5)6,((7,((((8,(((((9,10)11,12)13,14)15,16)17,18)19)20,21)22,23)24,(25,26)27)28)29,30)31)32)33)34,35)36	195.40877221141545
19	72	((0,(((1,(((2,3)4,5)6,(7,(8,((9,(10,11)12)13,(14,15)16)17)18)19)20)21,22)23,(((24,(25,26)27)28,29)30,31)32)33)34,35)36	164.13973961689965
19	73	(((0,(1,(2,3)4)5)6,(((7,8)9,(10,((11,((12,13)14,(15,(16,17)18)19)20)21,22)23)24)25,26)27)28,(((29,30)31,32)33,34)35)36	133.92182852326823
19	74	((0,1)2,(((3,((4,(((5,6)7,8)9,10)11)12,(13,(14,15)16)17)18)19,(20,(((21,(22,23)24)25,26)27,28)29)30)31,(32,33)34)35)36	140.54571737732917
19	75	(((0,(1,((2,3)4,(((5,6)7,(8,(((9,((10,11)12,(13,14)15)16)17,18)19,20)21)22)23,24)25)26)27)28,(29,(30,31)32)33)34,35)36	179.82520101283723
19	76	((0,(((((1,2)3,(((4,5)6,(7,(((8,9)10,((11,12)13,14)15)16,(17,18)19)20)21)22,23)24)25,26)27,28)29,30)31)32,(33,34)35)36	191.73962455892294
19	77	(0,((1,2)3,((4,(((5,6)7,(8,(9,10)11)12)13,(14,((15,(((16,17)18,(19,(20,21)22)23)24,25)26)27,28)29)30)31)32,33)34)35)36	175.00226620680206
19	78	(((((((0,(1,(2,3)4)5)6,((7,8)9,(10,11)12)13)14,15)16,(17,((18,19)20,21)22)23)24,25)26,((27,28)29,(30,31)32)33)34,35)36	148.81220556567075
19	79	((0,((1,((((2,3)4,5)6,(7,8)9)10,((11,12)13,(((14,15)16,((17,18)19,20)21)22,23)24)25)26)27,(28,(29,30)31)32)33)34,35)36	164.3876988524811
19	80	(((0,1)2,(((3,((4,5)6,(7,((8,9)10,11)12)13)14)15,(16,(17,(18,19)20)21)22)23,24)25)26,((((27,28)29,30)31,32)33,34)35)36	130.4107452633018
19	81	((0,(((1,2)3,4)5,(((6,(7,((8,9)10,(11,12)13)14)15)16,(17,18)19)20,((((21,22)23,(24,25)26)27,28)29,30)31)32)33)34,35)36	155.77587065472454
19	82	(((0,(((((1,2)3,4)5,6)7,8)9,10)11)12,13)14,(15,((16,((17,(18,((19,(20,(21,22)23)24)25,26)27)28)29,30)31)32,33)34)35)36	130.74008620267279
19	83	((((0,1)2,(3,((((4,5)6,(7,(8,9)10)11)12,(13,14)15)16,(17,18)19)20)21)22,((23,24)25,(((26,27)28,29)30,31)32)33)34,35)36	140.24899431775523
19	84	(0,((1,((2,(3,(4,5)6)7)8,(((9,(10,11)12)13,14)15,16)17)18)19,(20,(21,((22,((23,24)25,(26,27)28)29)30,31)32)33)34)35)36	135.70729913931615
19	85	((((0,1)2,(((3,((4,((5,6)7,8)9)10,11)12)13,14)15,16)17)18,(((19,20)21,22)23,24)25)26,((((27,28)29,30)31,32)33,34)35)36	124.80812385621512
19	86	(((((0,1)2,3)4,(5,6)7)8,9)10,(11,((12,13)14,(((15,16)17,((18,(((19,20)21,(22,23)24)25,26)27)28,29)30)31,32)33)34)35)36	134.61763165644325
19	87	(0,(((1,((2,3)4,((((5,(6,7)8)9,((10,11)12,13)14)15,16)17,18)19)20)21,((22,23)24,25)26)27,(28,(29,(30,31)32)33)34)35)36	151.1728746338499
19	88	(0,(((1,(2,(3,(((((4,5)6,7)8,(((9,10)11,12)13,((14,15)16,17)18)19)20,21)22,(23,(24,25)26)27)28)29)30)31,32)33,34)35)36	201.92392604016626
19	89	(0,(1,(((((((2,(((3,4)5,6)7,(8,9)10)11)12,13)14,15)16,(17,(18,19)20)21)22,23)24,(25,(26,(27,28)29)30)31)32,33)34)35)36	177.42092286938828
19	90	((((0,1)2,((3,4)5,(6,7)8)9)10,(11,12)13)14,((15,(16,17)18)19,(20,((21,(22,(23,((24,25)26,27)28)29)30)31,32)33)34)35)36	114.78832748651692
19	91	(0,((1,(((2,3)4,(5,((6,((7,8)9,10)11)12,(13,14)15)16)17)18,((19,20)21,((22,(23,24)25)26,27)28)29)30)31,(32,33)34)35)36	157.71367104204674
19	92	(0,(((((1,(2,3)4)5,(6,7)8)9,10)11,((((((12,13)14,((15,16)17,18)19)20,21)22,(23,24)25)26,27)28,29)30)31,(32,33)34)35)36	151.5285277206526
19	93	(((0,1)2,(3,4)5)6,((7,(8,9)10)11,(12,((13,((((14,15)16,(17,18)19)20,21)22,(23,(24,(25,26)27)28)29)30)31,32)33)34)35)36	140.81100184792425
19	94	(0,(((1,((2,((3,(4,5)6)7,8)9)10,((11,((12,13)14,15)16)17,18)19)20)21,22)23,(24,(((25,26)27,(28,29)30)31,32)33)34)35)36	143.76715003865468
19	95	((0,(((1,(2,3)4)5,(6,7)8)9,((10,11)12,(((13,(14,(15,(16,17)18)19)20)21,((22,(23,24)25)26,27)28)29,30)31)32)33)34,35)36	156.81593998607406
19	96	((0,((((1,2)3,4)5,(6,7)8)9,((10,(11,((12,(13,14)15)16,(17,(18,(19,20)21)22)23)24)25)26,27)28)29)30,(31,(32,33)34)35)36	145.51063750976178
19	97	(((0,1)2,(3,((4,5)6,(7,((((8,(9,(10,11)12)13)14,(15,16)17)18,19)20,21)22)23)24)25)26,(27,((28,(29,30)31)32,33)34)35)36	140.89713033854173
19	98	((0,(((((1,2)3,4)5,6)7,8)9,(10,(11,((12,13)14,(15,(((16,(17,18)19)20,21)22,(23,24)25)26)27)28)29)30)31)32,(33,34)35)36	155.5663646064601
19	99	(((0,((1,2)3,(4,(5,(6,((7,8)9,(10,11)12)13)14)15)16)17)18,(((((19,20)21,22)23,24)25,(26,27)28)29,30)31)32,(33,34)35)36	133.5972570687296
