#size_tree	tree_index	tree	growth factor
14	0	(0,(1,(2,(3,(4,(5,(6,(7,(8,(9,(10,(11,(12,13)14)15)16)17)18)19)20)21)22)23)24)25)26	140.27668099902743
14	1	(((0,(1,2)3)4,((5,6)7,(8,9)10)11)12,((13,(14,15)16)17,((18,19)20,(21,22)23)24)25)26	76.75001373952186
14	2	((0,1)2,((((3,(4,5)6)7,8)9,10)11,(12,(((13,((14,15)16,17)18)19,20)21,22)23)24)25)26	93.72911933234151
14	3	(0,(((((1,(2,(3,4)5)6)7,8)9,(10,11)12)13,((14,(15,(16,17)18)19)20,21)22)23,24)25)26	105.79671968100106
14	4	(((0,1)2,3)4,((((((5,6)7,8)9,(10,11)12)13,(14,(15,(16,17)18)19)20)21,22)23,24)25)26	98.92376056063618
14	5	((((0,1)2,3)4,(5,((6,(7,8)9)10,(11,(12,(13,14)15)16)17)18)19)20,(21,(22,23)24)25)26	90.61428153011555
14	6	((((0,(1,2)3)4,(5,6)7)8,((9,10)11,12)13)14,((15,(16,(17,(18,19)20)21)22)23,24)25)26	79.88413509607787
14	7	(((0,(1,(2,3)4)5)6,(7,(8,(9,((((10,11)12,(13,14)15)16,17)18,19)20)21)22)23)24,25)26	107.4124722653897
14	8	((((0,1)2,(3,((((4,5)6,(7,(8,(9,(10,11)12)13)14)15)16,17)18,19)20)21)22,23)24,25)26	125.73899753178625
14	9	((((0,1)2,3)4,(5,((6,(7,((8,(9,10)11)12,13)14)15)16,17)18)19)20,((21,22)23,24)25)26	96.0943607853807
14	10	(0,((1,((2,(3,4)5)6,((7,(8,9)10)11,12)13)14)15,(((16,17)18,19)20,(21,22)23)24)25)26	95.82862720427791
14	11	((((0,1)2,(3,4)5)6,((7,(8,9)10)11,12)13)14,(15,(16,(17,(18,(19,20)21)22)23)24)25)26	79.68334104647778
14	12	(((0,((1,2)3,(4,5)6)7)8,((9,(10,(11,12)13)14)15,((16,17)18,(19,20)21)22)23)24,25)26	92.7219603848627
14	13	(0,(((((1,(2,(3,(4,5)6)7)8)9,10)11,(12,13)14)15,((16,(17,18)19)20,21)22)23,24)25)26	108.66561156574622
14	14	(0,(1,((2,3)4,(5,(((((6,(7,((8,9)10,11)12)13)14,15)16,17)18,19)20,21)22)23)24)25)26	129.2957608376941
14	15	((0,(1,((2,(((3,(4,5)6)7,((8,(9,10)11)12,(13,14)15)16)17,18)19)20,21)22)23)24,25)26	131.22686735306436
14	16	((0,(1,(2,3)4)5)6,(((7,8)9,(((10,((11,12)13,14)15)16,17)18,(19,20)21)22)23,24)25)26	92.4476634211843
14	17	((0,(1,(2,(3,(4,5)6)7)8)9)10,(11,(((12,((13,14)15,16)17)18,19)20,(21,22)23)24)25)26	84.64674015188457
14	18	(0,(1,(((2,((3,(4,((5,(6,7)8)9,(10,(11,12)13)14)15)16)17,18)19)20,21)22,23)24)25)26	137.1284988288233
14	19	((0,(((1,((2,(3,(4,5)6)7)8,(((9,(10,11)12)13,14)15,16)17)18)19,20)21,22)23)24,25)26	127.51354151996628
14	20	(((((0,(1,((2,3)4,5)6)7)8,(9,10)11)12,13)14,15)16,(17,(18,(19,(20,21)22)23)24)25)26	90.22386761325541
14	21	((0,(1,((((2,(3,4)5)6,((7,((8,9)10,11)12)13,14)15)16,17)18,19)20)21)22,(23,24)25)26	118.25361170512171
14	22	((0,1)2,((3,(4,(((5,6)7,((8,9)10,11)12)13,((14,15)16,17)18)19)20)21,(22,23)24)25)26	105.64047005268489
14	23	((0,((1,(2,(((3,((4,5)6,7)8)9,10)11,(12,13)14)15)16)17,18)19)20,(21,(22,23)24)25)26	109.98141938243806
14	24	((((0,1)2,((3,4)5,6)7)8,(((9,10)11,(12,((13,14)15,(16,17)18)19)20)21,22)23)24,25)26	96.97503876207308
14	25	((((((0,(((1,(2,(3,(4,(5,6)7)8)9)10)11,12)13,14)15)16,17)18,19)20,21)22,23)24,25)26	140.27668099902746
14	26	((0,(((1,((2,3)4,((5,(((6,(7,8)9)10,11)12,13)14)15,16)17)18)19,20)21,22)23)24,25)26	133.9759849134646
14	27	(((0,1)2,(3,4)5)6,((((7,((8,9)10,(11,12)13)14)15,(16,17)18)19,20)21,(22,23)24)25)26	90.09176751636005
14	28	((0,(1,(2,(3,(4,(5,(((6,(7,8)9)10,11)12,(13,(14,15)16)17)18)19)20)21)22)23)24,25)26	134.973883647767
14	29	(0,(1,((((2,3)4,5)6,((7,8)9,((((10,11)12,13)14,15)16,17)18)19)20,(21,22)23)24)25)26	112.36552151221048
14	30	(0,((1,(2,3)4)5,(((6,((7,8)9,(10,(11,(12,(13,14)15)16)17)18)19)20,21)22,23)24)25)26	113.26780004784587
14	31	(((0,1)2,(3,((((((4,5)6,(7,8)9)10,(11,12)13)14,15)16,(17,18)19)20,21)22)23)24,25)26	118.46962577520654
14	32	((0,(((1,2)3,4)5,(6,((7,8)9,10)11)12)13)14,(15,(16,((17,(18,19)20)21,22)23)24)25)26	83.04812610133033
14	33	((0,(1,2)3)4,(5,(6,(7,(((8,9)10,(((11,(12,13)14)15,16)17,18)19)20,21)22)23)24)25)26	109.9814193824379
14	34	(0,((1,(2,(3,4)5)6)7,((8,((9,(10,11)12)13,(14,(15,16)17)18)19)20,(21,22)23)24)25)26	98.76299592198512
14	35	(0,(1,(((((2,(3,4)5)6,((7,8)9,10)11)12,((13,14)15,16)17)18,19)20,(21,22)23)24)25)26	115.77507544550156
14	36	((0,1)2,(((3,(4,(5,((6,7)8,9)10)11)12)13,(14,(15,16)17)18)19,(20,(21,22)23)24)25)26	94.81319254501466
14	37	(0,((((1,2)3,4)5,6)7,((8,((9,((10,(11,12)13)14,(15,16)17)18)19,20)21)22,23)24)25)26	106.61013605806806
14	38	(((0,(1,2)3)4,(5,6)7)8,(((((9,(10,11)12)13,14)15,16)17,((18,19)20,21)22)23,24)25)26	85.26768875268591
14	39	((0,((1,((2,((3,(((4,5)6,7)8,9)10)11,12)13)14,15)16)17,18)19)20,((21,22)23,24)25)26	113.76565206716
14	40	((((((0,1)2,3)4,5)6,((7,((8,((9,10)11,12)13)14,15)16)17,18)19)20,21)22,(23,24)25)26	103.59706841783401
14	41	((0,((1,(2,3)4)5,6)7)8,(9,(((10,11)12,((13,14)15,16)17)18,((19,20)21,22)23)24)25)26	84.6606214989246
14	42	((((((((0,1)2,(3,4)5)6,7)8,((9,10)11,12)13)14,15)16,((17,18)19,20)21)22,23)24,25)26	111.95210267953767
14	43	((0,((1,(2,((((3,4)5,(6,7)8)9,((10,11)12,13)14)15,16)17)18)19,(20,21)22)23)24,25)26	123.42946478936028
14	44	(0,(1,(2,(3,(4,(((((5,6)7,((8,9)10,(11,12)13)14)15,16)17,18)19,20)21)22)23)24)25)26	137.36113389175188
14	45	((0,((1,(2,3)4)5,((((((6,7)8,(9,10)11)12,13)14,(15,16)17)18,19)20,21)22)23)24,25)26	116.11293304563513
14	46	(0,((1,2)3,(((4,(5,(6,7)8)9)10,(11,12)13)14,(15,((16,17)18,(19,20)21)22)23)24)25)26	100.327043966246
14	47	(((((0,(1,(2,3)4)5)6,(7,8)9)10,((11,((12,13)14,15)16)17,18)19)20,21)22,(23,24)25)26	98.79735059453598
14	48	(0,((((((((1,(2,3)4)5,6)7,(8,9)10)11,12)13,(14,15)16)17,(18,19)20)21,22)23,24)25)26	122.37643283605281
14	49	((((0,(1,2)3)4,((5,((6,((7,8)9,10)11)12,(13,14)15)16)17,18)19)20,21)22,(23,24)25)26	106.61534929246417
14	50	(0,(1,(2,(((((3,4)5,(((6,7)8,9)10,(11,(12,13)14)15)16)17,18)19,20)21,22)23)24)25)26	132.39189540461606
14	51	((((0,(1,((((2,((3,4)5,6)7)8,9)10,11)12,(13,14)15)16)17)18,(19,20)21)22,23)24,25)26	124.41673377486639
14	52	(((0,1)2,(3,4)5)6,(7,((((8,(9,10)11)12,(((13,14)15,16)17,18)19)20,21)22,23)24)25)26	96.88826839345629
14	53	((((0,((((1,2)3,4)5,(6,7)8)9,10)11)12,((13,(14,15)16)17,(18,19)20)21)22,23)24,25)26	106.74709999235904
14	54	(0,(1,(2,((3,(((4,5)6,7)8,(9,((10,11)12,13)14)15)16)17,((18,19)20,21)22)23)24)25)26	118.35979358108881
14	55	(0,((1,(((2,(3,(4,5)6)7)8,((9,10)11,((12,(13,14)15)16,17)18)19)20,21)22)23,24)25)26	121.01875623820443
14	56	(((((0,(1,(2,3)4)5)6,((((7,8)9,((10,11)12,13)14)15,16)17,18)19)20,21)22,23)24,25)26	117.04722772403483
14	57	(((((0,1)2,3)4,5)6,7)8,(((9,(10,(11,12)13)14)15,((16,(17,18)19)20,21)22)23,24)25)26	84.8912662893348
14	58	((0,(1,2)3)4,((((5,6)7,8)9,10)11,(((12,13)14,(15,(16,17)18)19)20,(21,22)23)24)25)26	85.9038060173278
14	59	((((0,1)2,((3,((4,5)6,7)8)9,10)11)12,13)14,((15,(16,17)18)19,((20,21)22,23)24)25)26	82.82750600224897
14	60	((((0,(1,((2,3)4,5)6)7)8,(9,(((10,11)12,13)14,(15,16)17)18)19)20,21)22,(23,24)25)26	99.62522700753426
14	61	((0,((((1,2)3,(((4,5)6,(7,8)9)10,(((11,12)13,14)15,16)17)18)19,20)21,22)23)24,25)26	123.38560835560837
14	62	(0,(((1,((2,3)4,5)6)7,(8,(((9,(10,11)12)13,(14,(15,16)17)18)19,20)21)22)23,24)25)26	110.2324497850501
14	63	(((0,(((1,2)3,4)5,(6,7)8)9)10,(11,12)13)14,(((15,16)17,(18,(19,20)21)22)23,24)25)26	81.44444713014997
14	64	((((0,((1,2)3,(4,(5,((6,(7,(8,(9,10)11)12)13)14,15)16)17)18)19)20,21)22,23)24,25)26	132.444012800995
14	65	((0,(((1,2)3,(((4,(5,((6,7)8,9)10)11)12,(13,14)15)16,17)18)19,20)21)22,(23,24)25)26	114.67576847008701
14	66	(((0,(1,2)3)4,(((((5,6)7,8)9,10)11,12)13,(((14,15)16,17)18,19)20)21)22,(23,24)25)26	92.56402812576047
14	67	((0,1)2,(3,((((((4,5)6,7)8,(9,(((10,11)12,13)14,15)16)17)18,19)20,21)22,23)24)25)26	118.25361170512153
14	68	(((0,1)2,(((3,((4,(5,6)7)8,(9,((10,11)12,(13,14)15)16)17)18)19,20)21,22)23)24,25)26	119.27114630356787
14	69	(((0,1)2,3)4,((5,((6,(7,(8,9)10)11)12,((13,14)15,16)17)18)19,((20,21)22,23)24)25)26	90.61428153011556
14	70	((0,(1,(((2,3)4,5)6,((7,((((8,9)10,11)12,(13,14)15)16,17)18)19,20)21)22)23)24,25)26	122.12629163533818
14	71	((0,((1,((((2,(3,4)5)6,7)8,9)10,11)12)13,14)15)16,(((17,18)19,20)21,(22,23)24)25)26	93.42125842639953
14	72	(0,(((((((1,((2,3)4,5)6)7,8)9,10)11,12)13,(14,(15,16)17)18)19,(20,21)22)23,24)25)26	115.67081346319326
14	73	(0,((1,2)3,(4,((5,(6,7)8)9,((10,11)12,(((13,14)15,16)17,(18,19)20)21)22)23)24)25)26	109.30774936621998
14	74	(((0,1)2,(3,((4,(5,((((6,7)8,9)10,11)12,13)14)15)16,17)18)19)20,(21,(22,23)24)25)26	103.96920661193668
14	75	(0,(((1,2)3,4)5,(6,(7,(8,(9,(10,(11,((12,(13,14)15)16,17)18)19)20)21)22)23)24)25)26	116.90216055798425
14	76	((0,((1,(2,3)4)5,6)7)8,((9,(10,((11,(12,(13,14)15)16)17,18)19)20)21,(22,23)24)25)26	87.52784289311974
14	77	(((0,1)2,((3,4)5,((6,7)8,((9,(10,(((11,12)13,14)15,16)17)18)19,20)21)22)23)24,25)26	111.930463248085
14	78	(((0,((1,2)3,((((4,5)6,((7,8)9,10)11)12,13)14,(15,(16,17)18)19)20)21)22,23)24,25)26	119.16010265270346
14	79	(0,(((1,((2,3)4,((5,(6,(7,8)9)10)11,12)13)14)15,(16,17)18)19,(20,(21,22)23)24)25)26	105.44574414124368
14	80	(0,((((((1,2)3,(4,5)6)7,8)9,10)11,12)13,((14,15)16,((17,(18,19)20)21,22)23)24)25)26	96.07228134860186
14	81	((((((0,(1,((2,(3,4)5)6,7)8)9)10,11)12,13)14,15)16,(((17,18)19,20)21,22)23)24,25)26	108.00175625745537
14	82	(((0,(1,(2,(3,((4,((5,6)7,8)9)10,((11,12)13,14)15)16)17)18)19)20,21)22,(23,24)25)26	120.83818213489407
14	83	((((((0,1)2,(3,((4,((5,6)7,8)9)10,11)12)13)14,15)16,17)18,((19,20)21,22)23)24,25)26	111.93016315396612
14	84	((((0,((((1,(2,3)4)5,6)7,(((8,9)10,11)12,13)14)15,16)17)18,(19,20)21)22,23)24,25)26	120.46593387503668
14	85	((0,(((1,2)3,((4,(5,6)7)8,9)10)11,12)13)14,(15,(16,((17,18)19,(20,21)22)23)24)25)26	85.35462348186762
14	86	(((((0,(1,((2,3)4,5)6)7)8,(9,10)11)12,13)14,15)16,((17,(18,19)20)21,(22,23)24)25)26	89.68127518790305
14	87	((0,1)2,(3,(((((4,5)6,7)8,(9,(10,(11,12)13)14)15)16,17)18,((19,20)21,22)23)24)25)26	103.67818553003491
14	88	((0,((1,2)3,((4,(((5,((6,(7,8)9)10,11)12)13,(14,15)16)17,18)19)20,21)22)23)24,25)26	125.73899753178625
14	89	((((0,1)2,((3,((4,(5,(6,7)8)9)10,(11,12)13)14)15,(16,(17,18)19)20)21)22,23)24,25)26	113.4488520329729
14	90	(0,(((1,(2,3)4)5,6)7,((8,9)10,(((((11,12)13,14)15,16)17,18)19,(20,21)22)23)24)25)26	98.41955186154787
14	91	((0,((1,2)3,(4,(((5,6)7,8)9,(10,(11,12)13)14)15)16)17)18,(((19,20)21,22)23,24)25)26	92.81652947308389
14	92	(0,(1,(2,(((((3,((4,5)6,((7,8)9,10)11)12)13,14)15,16)17,18)19,(20,21)22)23)24)25)26	129.50430482476318
14	93	((((0,1)2,3)4,(((5,(6,7)8)9,10)11,(12,13)14)15)16,((17,((18,19)20,21)22)23,24)25)26	81.07732963465997
14	94	(((0,1)2,3)4,(5,(6,((((7,(8,9)10)11,(12,(13,(14,15)16)17)18)19,20)21,22)23)24)25)26	108.07820026347464
14	95	((((0,(1,(2,3)4)5)6,7)8,(9,(10,((11,(12,13)14)15,(16,(17,18)19)20)21)22)23)24,25)26	98.60685868514099
14	96	((((0,((1,2)3,4)5)6,7)8,((9,10)11,(((12,(13,14)15)16,(17,18)19)20,21)22)23)24,25)26	95.88229191962944
14	97	(((0,(1,(2,((3,((4,5)6,7)8)9,(10,(11,12)13)14)15)16)17)18,19)20,((21,22)23,24)25)26	108.07820026347466
14	98	(0,((1,((2,((3,4)5,6)7)8,9)10)11,((12,13)14,(((15,16)17,(18,19)20)21,22)23)24)25)26	94.84583026303653
14	99	((((0,(1,2)3)4,(((((5,6)7,(((8,9)10,11)12,13)14)15,16)17,18)19,20)21)22,23)24,25)26	117.81419861549955
