#size tree	index tree	tree
25	0	(0,(1,(2,(3,(4,(5,(6,(7,(8,(9,(10,(11,(12,(13,(14,(15,(16,(17,(18,(19,(20,(21,(22,(23,24)25)26)27)28)29)30)31)32)33)34)35)36)37)38)39)40)41)42)43)44)45)46)47)48
25	1	((((0,(1,2)3)4,(5,(6,7)8)9)10,((11,(12,13)14)15,(16,(17,18)19)20)21)22,(((23,(24,25)26)27,(28,(29,30)31)32)33,((34,(35,36)37)38,((39,40)41,(42,43)44)45)46)47)48
25	2	((0,1)2,(3,(4,(5,(6,((7,(8,9)10)11,(12,(13,(14,((15,(16,((17,(18,((19,20)21,22)23)24)25,26)27)28)29,((30,31)32,(33,(34,35)36)37)38)39)40)41)42)43)44)45)46)47)48
25	3	((0,1)2,(((3,4)5,(((6,7)8,(9,(10,11)12)13)14,(15,16)17)18)19,((20,21)22,(23,((24,((25,26)27,((28,29)30,(31,32)33)34)35)36,((37,38)39,(40,41)42)43)44)45)46)47)48
25	4	(((0,1)2,((3,4)5,(6,(7,(8,((9,10)11,(((12,(13,(((14,15)16,(17,18)19)20,21)22)23)24,(25,26)27)28,((29,30)31,((32,33)34,35)36)37)38)39)40)41)42)43)44,(45,46)47)48
25	5	((0,1)2,(3,((4,(5,((6,7)8,9)10)11)12,(13,(14,(15,(16,(((17,18)19,20)21,((22,23)24,(25,(26,(27,(28,(29,(30,(31,32)33)34)35)36)37)38)39)40)41)42)43)44)45)46)47)48
25	6	((0,((1,(2,3)4)5,(6,((7,8)9,((10,11)12,((13,14)15,16)17)18)19)20)21)22,(23,(((24,((25,26)27,(28,(29,(30,(31,(32,33)34)35)36)37)38)39)40,(41,42)43)44,45)46)47)48
25	7	((((0,(1,2)3)4,(5,(6,(7,(8,9)10)11)12)13)14,(15,((16,(17,18)19)20,(21,(22,23)24)25)26)27)28,((29,(30,(31,((32,33)34,(35,(36,37)38)39)40)41)42)43,(44,45)46)47)48
25	8	(0,((1,2)3,(4,(5,(6,((7,(8,((9,10)11,12)13)14)15,((16,(17,((18,19)20,(21,(22,(23,(24,25)26)27)28)29)30)31)32,(33,((34,(35,36)37)38,39)40)41)42)43)44)45)46)47)48
25	9	((0,1)2,(3,((4,(5,((6,(7,8)9)10,(11,12)13)14)15)16,((17,18)19,(((20,21)22,((23,(24,25)26)27,(28,(29,30)31)32)33)34,(35,(36,(37,(38,39)40)41)42)43)44)45)46)47)48
25	10	((0,(1,2)3)4,(5,(6,((7,(8,9)10)11,(12,((((13,14)15,((16,17)18,(19,((20,(21,22)23)24,(25,26)27)28)29)30)31,((32,33)34,(35,36)37)38)39,(40,41)42)43)44)45)46)47)48
25	11	(((0,1)2,(((3,((4,5)6,((7,(8,9)10)11,((12,(13,14)15)16,((17,18)19,20)21)22)23)24)25,(26,27)28)29,(30,(31,(((32,33)34,35)36,((37,38)39,40)41)42)43)44)45)46,47)48
25	12	(((0,(1,2)3)4,((5,(6,7)8)9,(10,((11,12)13,(((14,15)16,(17,18)19)20,((21,22)23,((24,25)26,(27,(28,(29,30)31)32)33)34)35)36)37)38)39)40,(41,((42,43)44,45)46)47)48
25	13	(0,(1,((2,((3,(4,5)6)7,8)9)10,((11,(12,13)14)15,((16,17)18,(19,((20,21)22,(23,(24,(25,(((26,(27,28)29)30,(31,32)33)34,(35,36)37)38)39)40)41)42)43)44)45)46)47)48
25	14	((0,(1,2)3)4,(5,((6,((7,8)9,(10,((11,(12,(13,14)15)16)17,(18,(((19,20)21,22)23,24)25)26)27)28)29)30,((31,32)33,((34,35)36,((37,38)39,(40,41)42)43)44)45)46)47)48
25	15	((0,1)2,((3,((4,5)6,(7,8)9)10)11,(12,(13,((14,(15,(16,17)18)19)20,((21,22)23,((24,25)26,(27,(28,((29,(30,31)32)33,(34,(35,36)37)38)39)40)41)42)43)44)45)46)47)48
25	16	(0,(1,(2,((3,4)5,((6,7)8,(9,((10,11)12,((13,14)15,((16,(17,(18,(19,20)21)22)23)24,(((25,(26,27)28)29,30)31,(32,(33,(34,35)36)37)38)39)40)41)42)43)44)45)46)47)48
25	17	((0,((1,2)3,((4,5)6,((7,8)9,((10,11)12,(13,(14,(((15,16)17,18)19,((20,21)22,23)24)25)26)27)28)29)30)31)32,((33,34)35,(36,((37,38)39,(40,(41,42)43)44)45)46)47)48
25	18	(0,((1,(2,(((3,4)5,(6,((7,8)9,((10,11)12,13)14)15)16)17,(18,19)20)21)22)23,(24,(25,((26,((27,28)29,(30,31)32)33)34,(35,((36,37)38,(39,40)41)42)43)44)45)46)47)48
25	19	((0,(1,2)3)4,((5,(6,7)8)9,(10,(11,(12,(13,((14,15)16,((17,(18,(19,20)21)22)23,(24,((25,(26,(27,28)29)30)31,(32,(33,(34,35)36)37)38)39)40)41)42)43)44)45)46)47)48
25	20	(((0,(1,(2,((3,4)5,(6,((7,8)9,(10,11)12)13)14)15)16)17)18,((19,20)21,(22,(23,((24,25)26,((27,28)29,(30,31)32)33)34)35)36)37)38,(((39,40)41,(42,43)44)45,46)47)48
25	21	((0,(1,2)3)4,(((5,(6,((7,8)9,((10,(11,12)13)14,(15,(16,17)18)19)20)21)22)23,((24,(25,26)27)28,(29,(30,31)32)33)34)35,(36,(37,(38,(39,(40,41)42)43)44)45)46)47)48
25	22	(0,((((1,2)3,(4,5)6)7,(8,(9,((10,(11,12)13)14,(15,(((16,17)18,(19,((20,(21,22)23)24,(25,(26,27)28)29)30)31)32,((33,34)35,36)37)38)39)40)41)42)43,(44,45)46)47)48
25	23	(0,((1,(2,3)4)5,(6,(7,(8,((9,10)11,(((12,(13,14)15)16,(17,(18,(19,20)21)22)23)24,(25,((26,(27,28)29)30,((31,(32,33)34)35,(36,37)38)39)40)41)42)43)44)45)46)47)48
25	24	((0,(1,(2,3)4)5)6,(7,(8,(9,(((10,11)12,(((13,14)15,(16,17)18)19,(20,(21,(22,23)24)25)26)27)28,(((29,30)31,(32,33)34)35,((36,37)38,(39,40)41)42)43)44)45)46)47)48
25	25	((0,1)2,(3,(((4,(5,6)7)8,((9,10)11,(12,13)14)15)16,(((17,18)19,20)21,(22,(23,(((24,25)26,27)28,((29,(30,(31,32)33)34)35,((36,37)38,39)40)41)42)43)44)45)46)47)48
25	26	(0,(((1,2)3,(4,5)6)7,(8,(9,(10,((11,12)13,((14,(15,16)17)18,((19,(20,((21,22)23,24)25)26)27,((28,29)30,(31,(32,(33,(34,35)36)37)38)39)40)41)42)43)44)45)46)47)48
25	27	((0,(1,2)3)4,(((5,(6,7)8)9,((10,(((11,(12,(13,(14,15)16)17)18)19,20)21,22)23)24,25)26)27,(28,(29,(((30,31)32,(33,34)35)36,((37,38)39,(40,41)42)43)44)45)46)47)48
25	28	(0,((1,(2,3)4)5,(6,(((7,8)9,10)11,((12,13)14,((15,(16,17)18)19,(20,((21,((22,23)24,(((25,26)27,28)29,30)31)32)33,((34,35)36,(37,38)39)40)41)42)43)44)45)46)47)48
25	29	(0,((1,(((2,3)4,5)6,((7,(8,(9,10)11)12)13,((14,15)16,(17,18)19)20)21)22)23,(24,(25,(26,(27,(28,((29,30)31,(((32,33)34,(35,36)37)38,39)40)41)42)43)44)45)46)47)48
25	30	(0,((1,2)3,((4,((5,6)7,(8,9)10)11)12,(((13,14)15,(16,(17,(18,(19,(20,((21,22)23,((24,25)26,((27,28)29,(30,(31,32)33)34)35)36)37)38)39)40)41)42)43,44)45)46)47)48
25	31	((0,(1,((2,(3,((4,5)6,(7,8)9)10)11)12,(((13,14)15,((16,(17,18)19)20,(21,(((22,23)24,25)26,27)28)29)30)31,((32,33)34,((35,36)37,(38,39)40)41)42)43)44)45)46,47)48
25	32	(0,((1,(2,3)4)5,(6,((7,8)9,((10,(11,12)13)14,(((15,16)17,(18,(19,20)21)22)23,(24,((25,26)27,(28,(((29,30)31,(32,33)34)35,(36,37)38)39)40)41)42)43)44)45)46)47)48
25	33	(0,(1,((2,3)4,(5,(((6,(7,(8,9)10)11)12,(13,(14,(15,((16,(17,18)19)20,(21,22)23)24)25)26)27)28,(29,(((30,(31,32)33)34,(35,36)37)38,(39,40)41)42)43)44)45)46)47)48
25	34	((0,1)2,((3,4)5,(6,((((7,8)9,(10,11)12)13,14)15,((16,17)18,((19,(20,21)22)23,(24,((25,26)27,(28,((29,(30,(31,32)33)34)35,(36,37)38)39)40)41)42)43)44)45)46)47)48
25	35	(0,(1,(((2,3)4,(5,(6,(((7,8)9,((10,11)12,13)14)15,(16,17)18)19)20)21)22,(23,((24,25)26,(((27,28)29,30)31,(32,(33,(34,((35,36)37,38)39)40)41)42)43)44)45)46)47)48
25	36	((0,(1,(2,(3,(4,(5,((6,7)8,(9,(10,11)12)13)14)15)16)17)18)19)20,((21,22)23,((24,25)26,((27,28)29,(30,((31,((32,33)34,(35,36)37)38)39,(40,41)42)43)44)45)46)47)48
25	37	(0,(((1,((2,(3,(4,(5,6)7)8)9)10,11)12)13,((14,(15,((16,(17,18)19)20,(21,22)23)24)25)26,(27,(28,(29,(30,(31,(32,(33,34)35)36)37)38)39)40)41)42)43,(44,45)46)47)48
25	38	((0,1)2,(3,(4,(5,((6,(7,8)9)10,((11,(12,(13,(14,(15,(16,17)18)19)20)21)22)23,((24,25)26,((27,28)29,(30,(31,(32,(33,(34,35)36)37)38)39)40)41)42)43)44)45)46)47)48
25	39	(0,((1,((2,3)4,((5,((6,(7,8)9)10,((11,12)13,14)15)16)17,(18,(19,((20,21)22,(23,(24,((25,26)27,(28,29)30)31)32)33)34)35)36)37)38)39,((40,41)42,(43,44)45)46)47)48
25	40	(0,(1,(((2,3)4,(5,6)7)8,(9,(10,(11,((12,(13,((14,((15,16)17,18)19)20,((21,22)23,(24,25)26)27)28)29)30,((31,32)33,((34,35)36,(37,38)39)40)41)42)43)44)45)46)47)48
25	41	((0,(1,2)3)4,(((5,(6,7)8)9,10)11,(12,(13,(14,((15,16)17,(((18,19)20,(21,22)23)24,(25,((26,27)28,(29,(30,((31,(32,33)34)35,36)37)38)39)40)41)42)43)44)45)46)47)48
25	42	(0,(1,(((2,((3,4)5,6)7)8,((9,((10,(11,12)13)14,(15,(16,(17,(18,(19,20)21)22)23)24)25)26)27,28)29)30,(31,(((32,(33,34)35)36,(37,(38,39)40)41)42,43)44)45)46)47)48
25	43	(0,((1,(2,(3,(4,(5,(6,((7,8)9,((10,(11,12)13)14,((15,16)17,(18,(19,((20,(21,22)23)24,((25,26)27,(28,29)30)31)32)33)34)35)36)37)38)39)40)41)42)43,(44,45)46)47)48
25	44	(((0,(1,2)3)4,(5,(6,7)8)9)10,(((11,12)13,14)15,(((16,17)18,(19,(20,(21,22)23)24)25)26,((27,((28,29)30,(31,(32,(33,34)35)36)37)38)39,((40,41)42,43)44)45)46)47)48
25	45	((0,(1,(2,((3,4)5,(6,(7,8)9)10)11)12)13)14,(((15,16)17,(18,19)20)21,((22,(23,24)25)26,(27,((28,(29,(30,31)32)33)34,((35,36)37,(38,(39,40)41)42)43)44)45)46)47)48
25	46	((0,1)2,(3,((4,(5,(6,7)8)9)10,((11,(12,13)14)15,(((16,(17,(18,19)20)21)22,23)24,(25,(26,((27,(28,29)30)31,((32,33)34,(35,(36,37)38)39)40)41)42)43)44)45)46)47)48
25	47	((0,1)2,((3,4)5,((6,(7,(8,(9,(10,11)12)13)14)15)16,((17,(18,(19,(20,(21,((22,((23,(24,(25,(26,27)28)29)30)31,(32,33)34)35)36,37)38)39)40)41)42)43,44)45)46)47)48
25	48	((0,1)2,((3,(4,5)6)7,(8,((9,(10,(((11,(12,13)14)15,(16,(17,18)19)20)21,22)23)24)25,(26,(((27,28)29,((30,31)32,(33,34)35)36)37,((38,39)40,41)42)43)44)45)46)47)48
25	49	(((0,((1,2)3,4)5)6,(7,(8,((9,(10,11)12)13,((14,((15,16)17,18)19)20,(21,((22,23)24,25)26)27)28)29)30)31)32,((33,((34,35)36,37)38)39,(40,((41,42)43,44)45)46)47)48
25	50	(0,(1,(2,((3,4)5,(6,((7,8)9,((((10,11)12,13)14,15)16,(17,(18,((19,20)21,((22,23)24,(25,((26,(27,28)29)30,(31,(32,33)34)35)36)37)38)39)40)41)42)43)44)45)46)47)48
25	51	((0,1)2,((3,4)5,(6,((7,8)9,(((10,11)12,(13,14)15)16,(17,(18,((19,(20,((21,22)23,24)25)26)27,((28,29)30,(31,(32,(33,(34,35)36)37)38)39)40)41)42)43)44)45)46)47)48
25	52	(0,((1,(2,(3,4)5)6)7,(((8,(9,(10,11)12)13)14,15)16,(((17,(18,19)20)21,22)23,((24,(25,(26,27)28)29)30,((31,32)33,((34,35)36,(37,(38,39)40)41)42)43)44)45)46)47)48
25	53	(0,((1,(2,(3,(4,((5,(((6,7)8,(9,10)11)12,(13,((14,(15,16)17)18,(19,(20,21)22)23)24)25)26)27,(28,(29,(((30,31)32,(33,34)35)36,37)38)39)40)41)42)43)44)45,46)47)48
25	54	(0,(((1,2)3,4)5,((6,((7,8)9,(10,(((11,12)13,(14,15)16)17,((18,19)20,(21,22)23)24)25)26)27)28,((29,30)31,(32,((33,34)35,(36,(37,(38,39)40)41)42)43)44)45)46)47)48
25	55	((0,(1,(2,3)4)5)6,((7,(8,9)10)11,((12,(13,(14,(15,16)17)18)19)20,((21,22)23,(24,(((25,26)27,(28,29)30)31,((32,33)34,(35,((36,37)38,39)40)41)42)43)44)45)46)47)48
25	56	(((0,(1,2)3)4,(5,(6,7)8)9)10,(11,(12,((13,((14,15)16,(17,(18,19)20)21)22)23,((24,((25,(26,27)28)29,((30,31)32,33)34)35)36,(37,(38,(39,40)41)42)43)44)45)46)47)48
25	57	((0,1)2,(((3,(4,5)6)7,((8,9)10,((11,12)13,(14,(15,16)17)18)19)20)21,((22,((23,24)25,(26,27)28)29)30,(((31,32)33,(34,35)36)37,((38,39)40,(41,42)43)44)45)46)47)48
25	58	(((0,1)2,(((3,4)5,6)7,(8,(((9,(10,11)12)13,14)15,(16,(17,(18,19)20)21)22)23)24)25)26,((27,28)29,(30,(((31,32)33,(34,(35,36)37)38)39,(40,(41,42)43)44)45)46)47)48
25	59	(((0,(1,2)3)4,((5,6)7,(((8,9)10,(11,12)13)14,(15,16)17)18)19)20,(21,((22,23)24,((25,(26,(27,28)29)30)31,(32,((33,34)35,((36,37)38,(39,40)41)42)43)44)45)46)47)48
25	60	(0,(((1,2)3,(4,5)6)7,((8,((9,10)11,((12,13)14,(15,(16,((17,18)19,(20,21)22)23)24)25)26)27)28,(29,(30,((31,32)33,(34,(35,(36,(37,38)39)40)41)42)43)44)45)46)47)48
25	61	((0,(((1,(2,3)4)5,((6,(7,(8,9)10)11)12,(((13,14)15,(16,17)18)19,((20,(21,(22,23)24)25)26,(27,28)29)30)31)32)33,((34,(35,(36,37)38)39)40,(41,42)43)44)45)46,47)48
25	62	(((0,((1,(2,(3,4)5)6)7,(8,9)10)11)12,(13,(14,((15,16)17,((18,19)20,(21,22)23)24)25)26)27)28,((29,(((30,(31,(32,33)34)35)36,37)38,(39,40)41)42)43,(44,45)46)47)48
25	63	(((0,(1,2)3)4,(((5,6)7,(8,(9,10)11)12)13,((14,(15,16)17)18,((19,20)21,((22,(23,24)25)26,((27,28)29,30)31)32)33)34)35)36,(37,(38,(39,(40,(41,42)43)44)45)46)47)48
25	64	((0,1)2,((3,4)5,(6,((7,8)9,(10,((11,12)13,(14,(15,((16,17)18,(19,((20,21)22,((23,24)25,((26,27)28,((29,30)31,(32,33)34)35)36)37)38)39)40)41)42)43)44)45)46)47)48
25	65	(((0,1)2,(3,(4,5)6)7)8,((9,(10,((11,(12,13)14)15,((16,17)18,(19,20)21)22)23)24)25,(26,((27,28)29,((30,31)32,(33,(34,((35,36)37,(38,39)40)41)42)43)44)45)46)47)48
25	66	((0,1)2,(((3,(4,(((5,6)7,(8,9)10)11,((12,13)14,(15,16)17)18)19)20)21,(22,((23,((24,25)26,27)28)29,(30,31)32)33)34)35,(36,(((37,(38,39)40)41,42)43,44)45)46)47)48
25	67	(0,(1,((2,3)4,((5,(6,7)8)9,(10,((11,12)13,((((14,15)16,(17,18)19)20,((21,22)23,(24,25)26)27)28,(29,(30,(31,(32,(33,(34,35)36)37)38)39)40)41)42)43)44)45)46)47)48
25	68	((0,(1,((2,3)4,(5,((6,7)8,(9,(10,11)12)13)14)15)16)17)18,(19,((20,(((21,22)23,((24,25)26,(27,28)29)30)31,(32,33)34)35)36,(37,((38,39)40,(41,42)43)44)45)46)47)48
25	69	((0,(((1,2)3,4)5,(6,7)8)9)10,(11,(12,(13,((14,15)16,((17,18)19,((20,21)22,(23,(24,(25,(26,((27,(28,29)30)31,((32,33)34,35)36)37)38)39)40)41)42)43)44)45)46)47)48
25	70	((0,1)2,(((3,4)5,(6,(7,(8,9)10)11)12)13,(14,((15,((16,17)18,19)20)21,(((22,23)24,25)26,(27,((28,(29,(30,31)32)33)34,((35,36)37,(38,39)40)41)42)43)44)45)46)47)48
25	71	(0,(((1,2)3,4)5,(6,(7,((8,9)10,(((11,((12,13)14,(15,16)17)18)19,(20,21)22)23,((24,(25,(26,27)28)29)30,((31,32)33,((34,(35,36)37)38,39)40)41)42)43)44)45)46)47)48
25	72	((0,((1,2)3,((4,((5,(6,(7,8)9)10)11,(12,(13,14)15)16)17)18,(19,(20,(21,(22,(23,24)25)26)27)28)29)30)31)32,(((33,34)35,(36,37)38)39,(40,((41,42)43,44)45)46)47)48
25	73	(((0,1)2,((3,4)5,(6,7)8)9)10,(11,(12,(13,(14,((15,((16,17)18,(19,20)21)22)23,(24,(25,((26,(27,(28,(((29,30)31,32)33,34)35)36)37)38,39)40)41)42)43)44)45)46)47)48
25	74	(0,((1,2)3,((4,((5,6)7,((8,9)10,((11,(12,13)14)15,(16,(17,18)19)20)21)22)23)24,((25,26)27,(((28,(29,30)31)32,(33,(34,35)36)37)38,((39,40)41,42)43)44)45)46)47)48
25	75	((0,1)2,(((3,4)5,6)7,((((8,9)10,(11,12)13)14,15)16,((((17,18)19,(20,21)22)23,(24,(25,(26,((27,28)29,(30,31)32)33)34)35)36)37,(38,(39,(40,41)42)43)44)45)46)47)48
25	76	((0,1)2,((3,4)5,(6,(7,(8,(9,(10,(11,(12,(13,(14,(15,(16,(17,(((18,19)20,((21,22)23,24)25)26,((27,(28,29)30)31,32)33)34)35)36)37)38)39)40)41)42)43)44)45)46)47)48
25	77	(((0,((1,2)3,(4,5)6)7)8,(9,(10,((11,12)13,(14,15)16)17)18)19)20,((21,22)23,(24,(25,(26,(27,((28,(((29,30)31,32)33,(34,35)36)37)38,(39,40)41)42)43)44)45)46)47)48
25	78	((0,1)2,(3,((4,(5,6)7)8,((9,10)11,((12,13)14,(15,(16,(17,(18,((19,20)21,(((22,(23,(24,(25,26)27)28)29)30,(31,32)33)34,(35,36)37)38)39)40)41)42)43)44)45)46)47)48
25	79	(0,((1,2)3,(4,((5,6)7,(8,((9,(10,11)12)13,((14,15)16,(((17,(18,19)20)21,(22,((23,24)25,((26,27)28,(29,30)31)32)33)34)35,(36,(37,38)39)40)41)42)43)44)45)46)47)48
25	80	(0,(((1,(2,(3,(4,5)6)7)8)9,((10,11)12,(13,((14,((15,16)17,(18,19)20)21)22,(23,(24,25)26)27)28)29)30)31,((32,(33,(34,(35,36)37)38)39)40,(41,(42,43)44)45)46)47)48
25	81	((0,1)2,(3,(4,(((5,((6,7)8,((9,(10,(11,(12,13)14)15)16)17,(18,(19,(20,(21,22)23)24)25)26)27)28)29,(30,31)32)33,(34,(35,(36,((37,38)39,40)41)42)43)44)45)46)47)48
25	82	(((0,(1,(2,3)4)5)6,(7,(8,(9,10)11)12)13)14,(15,((16,(((17,18)19,(20,(21,22)23)24)25,26)27)28,((29,30)31,(((32,(33,34)35)36,(37,(38,39)40)41)42,43)44)45)46)47)48
25	83	((0,1)2,(((3,4)5,6)7,((8,(9,(10,11)12)13)14,((15,(16,(17,((18,19)20,((21,(22,(23,(24,(25,(26,27)28)29)30)31)32)33,(34,35)36)37)38)39)40)41,(42,43)44)45)46)47)48
25	84	(0,(1,(2,((3,4)5,(6,(((7,8)9,(10,(((11,12)13,(14,15)16)17,18)19)20)21,(22,(((23,24)25,(26,27)28)29,(((30,31)32,33)34,((35,36)37,38)39)40)41)42)43)44)45)46)47)48
25	85	(((0,1)2,3)4,(((5,6)7,((8,(9,(10,11)12)13)14,15)16)17,((18,19)20,(((21,(22,((23,24)25,(26,27)28)29)30)31,(32,(33,34)35)36)37,(38,((39,40)41,42)43)44)45)46)47)48
25	86	(0,(1,(2,((3,4)5,((6,(7,8)9)10,(11,(12,((13,(14,15)16)17,((18,19)20,((21,(22,23)24)25,((26,27)28,(29,((30,31)32,(33,34)35)36)37)38)39)40)41)42)43)44)45)46)47)48
25	87	((0,(1,(((2,((3,4)5,(6,((7,8)9,(10,11)12)13)14)15)16,((17,18)19,((20,21)22,(23,24)25)26)27)28,((29,(30,31)32)33,34)35)36)37)38,((39,40)41,((42,43)44,45)46)47)48
25	88	(0,((1,2)3,((4,5)6,((7,(8,(9,10)11)12)13,((14,((15,16)17,18)19)20,((21,22)23,(((24,25)26,27)28,((29,30)31,(32,(33,(34,(35,36)37)38)39)40)41)42)43)44)45)46)47)48
25	89	(0,((((1,2)3,4)5,((6,7)8,9)10)11,((12,13)14,((15,(16,(((17,18)19,((20,21)22,23)24)25,(26,((27,28)29,(30,((31,32)33,(34,35)36)37)38)39)40)41)42)43,44)45)46)47)48
25	90	(((0,(((1,2)3,(4,5)6)7,((8,9)10,((11,((12,13)14,(15,(16,17)18)19)20)21,22)23)24)25)26,(27,((28,29)30,(31,32)33)34)35)36,((37,38)39,((40,(41,42)43)44,45)46)47)48
25	91	(((0,1)2,(3,(4,(5,6)7)8)9)10,(11,((12,((13,(14,(15,16)17)18)19,((20,21)22,((23,24)25,(26,27)28)29)30)31)32,(33,(34,((35,(36,37)38)39,(40,41)42)43)44)45)46)47)48
25	92	(0,(1,((2,3)4,((5,6)7,(8,(9,(10,(11,(((12,13)14,(15,(16,((17,18)19,(20,21)22)23)24)25)26,((27,28)29,((30,31)32,(33,(34,35)36)37)38)39)40)41)42)43)44)45)46)47)48
25	93	((0,((1,2)3,(4,(5,((6,7)8,((9,(10,((11,(12,(13,14)15)16)17,(18,19)20)21)22)23,(24,(((25,26)27,((28,29)30,31)32)33,(34,(35,36)37)38)39)40)41)42)43)44)45)46,47)48
25	94	((0,1)2,(3,(4,((5,6)7,((8,9)10,((11,(12,((((13,14)15,(16,17)18)19,(20,21)22)23,((24,25)26,(27,(28,29)30)31)32)33)34)35,(36,(37,(38,39)40)41)42)43)44)45)46)47)48
25	95	(((0,(((1,2)3,4)5,6)7)8,(9,10)11)12,((13,14)15,(16,(((17,18)19,(20,(21,22)23)24)25,((26,27)28,((29,30)31,((32,33)34,((35,36)37,(38,39)40)41)42)43)44)45)46)47)48
25	96	(0,(1,(2,((((3,((4,5)6,(7,8)9)10)11,(12,13)14)15,((16,(17,18)19)20,(((21,22)23,(24,25)26)27,(28,(29,(30,31)32)33)34)35)36)37,(38,((39,40)41,42)43)44)45)46)47)48
25	97	((((0,1)2,3)4,(5,((6,7)8,(9,((10,11)12,13)14)15)16)17)18,(19,(20,(21,((22,23)24,(((25,(26,(27,28)29)30)31,(32,(33,(34,35)36)37)38)39,(40,41)42)43)44)45)46)47)48
25	98	(0,((1,((2,3)4,((5,6)7,(8,9)10)11)12)13,(((14,15)16,(17,(18,19)20)21)22,(23,((24,25)26,(((27,28)29,((30,31)32,(33,34)35)36)37,(38,(39,40)41)42)43)44)45)46)47)48
25	99	(0,((1,(2,((3,4)5,(6,7)8)9)10)11,(12,((13,(14,15)16)17,((18,19)20,(21,(22,(23,(24,((25,(26,(27,(28,29)30)31)32)33,(34,(35,36)37)38)39)40)41)42)43)44)45)46)47)48
