#size tree	index tree	tree
10	0	(0,(1,(2,(3,(4,(5,(6,(7,(8,9)10)11)12)13)14)15)16)17)18
10	1	(((0,1)2,(3,(4,5)6)7)8,((9,10)11,(12,(13,14)15)16)17)18
10	2	(((((0,1)2,(3,4)5)6,(7,8)9)10,11)12,(13,(14,15)16)17)18
10	3	((0,1)2,(((((3,(4,(5,6)7)8)9,10)11,12)13,14)15,16)17)18
10	4	(((0,(((1,2)3,4)5,((6,7)8,(9,10)11)12)13)14,15)16,17)18
10	5	(((((0,1)2,3)4,5)6,(7,(8,9)10)11)12,(13,(14,15)16)17)18
10	6	(0,(((1,((2,3)4,((5,6)7,8)9)10)11,(12,13)14)15,16)17)18
10	7	(0,(1,((((2,(3,4)5)6,7)8,9)10,((11,12)13,14)15)16)17)18
10	8	(((((0,1)2,3)4,(5,6)7)8,9)10,(((11,12)13,14)15,16)17)18
10	9	(0,(1,((2,(3,4)5)6,((7,(8,9)10)11,(12,13)14)15)16)17)18
10	10	((0,1)2,(3,((4,((5,(6,7)8)9,(10,11)12)13)14,15)16)17)18
10	11	(((0,((1,2)3,4)5)6,(((7,8)9,10)11,12)13)14,(15,16)17)18
10	12	(((0,(((1,2)3,4)5,6)7)8,9)10,((11,(12,13)14)15,16)17)18
10	13	((0,1)2,(((3,(4,(((5,6)7,8)9,10)11)12)13,14)15,16)17)18
10	14	(0,((1,2)3,((4,5)6,((7,((8,9)10,11)12)13,14)15)16)17)18
10	15	((0,1)2,(3,(4,(5,(6,(((7,8)9,10)11,12)13)14)15)16)17)18
10	16	((0,1)2,((3,((4,5)6,(7,((8,9)10,11)12)13)14)15,16)17)18
10	17	((0,((1,(2,(3,(4,5)6)7)8)9,((10,11)12,13)14)15)16,17)18
10	18	(((0,(1,2)3)4,5)6,(7,(8,((9,(10,11)12)13,14)15)16)17)18
10	19	((0,((1,(2,(3,((4,(5,6)7)8,9)10)11)12)13,14)15)16,17)18
10	20	((0,(((1,(2,3)4)5,6)7,((8,9)10,11)12)13)14,(15,16)17)18
10	21	((0,(1,2)3)4,((5,(6,((7,(8,9)10)11,12)13)14)15,16)17)18
10	22	(((0,1)2,3)4,((5,6)7,(8,((9,10)11,(12,13)14)15)16)17)18
10	23	(((((0,(1,(2,3)4)5)6,7)8,9)10,(11,(12,13)14)15)16,17)18
10	24	((0,(((((1,2)3,4)5,(6,(7,8)9)10)11,12)13,14)15)16,17)18
10	25	(((0,1)2,(3,4)5)6,((7,(((8,9)10,11)12,13)14)15,16)17)18
10	26	(((0,1)2,(((3,4)5,6)7,8)9)10,(11,(12,(13,14)15)16)17)18
10	27	(((0,1)2,(((3,4)5,((6,7)8,(9,10)11)12)13,14)15)16,17)18
10	28	(((0,(((1,2)3,4)5,(6,(7,8)9)10)11)12,(13,14)15)16,17)18
10	29	(0,(((1,((2,(3,(4,(5,6)7)8)9)10,11)12)13,14)15,16)17)18
10	30	(((((0,1)2,3)4,(5,((6,(7,8)9)10,11)12)13)14,15)16,17)18
10	31	((0,1)2,((3,4)5,(6,((7,((8,9)10,11)12)13,14)15)16)17)18
10	32	(0,(1,(2,(3,((((4,5)6,(7,8)9)10,11)12,13)14)15)16)17)18
10	33	(0,(1,(((((2,3)4,(5,(6,7)8)9)10,11)12,13)14,15)16)17)18
10	34	((0,1)2,(3,(4,(((5,((6,7)8,9)10)11,12)13,14)15)16)17)18
10	35	(((((0,(1,2)3)4,5)6,7)8,(9,10)11)12,((13,14)15,16)17)18
10	36	((0,(1,(2,((3,4)5,((6,7)8,(9,10)11)12)13)14)15)16,17)18
10	37	((0,1)2,((3,((4,5)6,(7,8)9)10)11,((12,13)14,15)16)17)18
10	38	(0,((1,2)3,(4,((5,6)7,(((8,9)10,11)12,13)14)15)16)17)18
10	39	(((((0,1)2,(((3,4)5,6)7,(8,9)10)11)12,13)14,15)16,17)18
10	40	((((0,1)2,(3,(((4,5)6,7)8,9)10)11)12,13)14,(15,16)17)18
10	41	((((0,1)2,(3,4)5)6,7)8,(9,(10,(11,(12,13)14)15)16)17)18
10	42	(0,((((1,(2,((3,4)5,6)7)8)9,(10,11)12)13,14)15,16)17)18
10	43	((0,1)2,(3,(((4,(((5,6)7,8)9,10)11)12,13)14,15)16)17)18
10	44	((((((0,1)2,(3,(4,5)6)7)8,(9,10)11)12,13)14,15)16,17)18
10	45	((0,(((1,2)3,(4,5)6)7,(8,((9,10)11,12)13)14)15)16,17)18
10	46	((0,(1,((((2,(3,4)5)6,7)8,9)10,11)12)13)14,(15,16)17)18
10	47	((0,1)2,((((3,(4,5)6)7,8)9,(10,11)12)13,(14,15)16)17)18
10	48	(((((0,1)2,(3,4)5)6,7)8,9)10,(11,(12,(13,14)15)16)17)18
10	49	(0,((((1,2)3,4)5,(6,7)8)9,(((10,11)12,13)14,15)16)17)18
10	50	(((((0,(1,2)3)4,5)6,(7,8)9)10,((11,12)13,14)15)16,17)18
10	51	((((((0,1)2,(3,(4,5)6)7)8,9)10,(11,12)13)14,15)16,17)18
10	52	(0,(((1,2)3,(((4,5)6,(7,8)9)10,11)12)13,(14,15)16)17)18
10	53	(((((0,(1,(2,(3,(4,5)6)7)8)9)10,11)12,13)14,15)16,17)18
10	54	(0,((((1,(2,(3,4)5)6)7,8)9,10)11,((12,13)14,15)16)17)18
10	55	((((0,1)2,(3,4)5)6,7)8,(9,((10,11)12,(13,14)15)16)17)18
10	56	(0,(1,(2,(((3,4)5,6)7,(((8,9)10,11)12,13)14)15)16)17)18
10	57	(((0,(1,(2,3)4)5)6,(7,8)9)10,((11,12)13,(14,15)16)17)18
10	58	((0,(1,(((2,3)4,(5,6)7)8,(9,10)11)12)13)14,(15,16)17)18
10	59	((0,(((1,2)3,((4,5)6,(7,(8,9)10)11)12)13,14)15)16,17)18
10	60	((((((((0,1)2,3)4,5)6,7)8,(9,10)11)12,13)14,15)16,17)18
10	61	(0,(1,(2,(((((3,4)5,(6,7)8)9,10)11,12)13,14)15)16)17)18
10	62	((0,(1,(2,3)4)5)6,((((7,8)9,10)11,(12,13)14)15,16)17)18
10	63	((0,((1,2)3,((4,5)6,(7,(8,(9,10)11)12)13)14)15)16,17)18
10	64	(0,((((1,(2,3)4)5,(6,(7,8)9)10)11,12)13,(14,15)16)17)18
10	65	((((((0,1)2,3)4,(5,(6,7)8)9)10,11)12,(13,14)15)16,17)18
10	66	((0,(((1,2)3,4)5,((6,(7,8)9)10,11)12)13)14,(15,16)17)18
10	67	(((0,1)2,((((3,4)5,6)7,(8,9)10)11,(12,13)14)15)16,17)18
10	68	(0,(1,(2,(3,((4,5)6,((7,(8,9)10)11,12)13)14)15)16)17)18
10	69	(0,((((1,(2,(3,(4,5)6)7)8)9,(10,11)12)13,14)15,16)17)18
10	70	(0,(1,((2,(3,(((4,(5,6)7)8,9)10,11)12)13)14,15)16)17)18
10	71	(0,((1,(2,((3,4)5,(6,(7,(8,9)10)11)12)13)14)15,16)17)18
10	72	(((0,(1,2)3)4,5)6,((7,((8,9)10,11)12)13,(14,15)16)17)18
10	73	(0,((1,(((2,(3,(4,5)6)7)8,(9,10)11)12,13)14)15,16)17)18
10	74	(((0,((1,2)3,((4,5)6,7)8)9)10,((11,12)13,14)15)16,17)18
10	75	((0,(1,(2,(((((3,4)5,6)7,8)9,10)11,12)13)14)15)16,17)18
10	76	(((((0,1)2,(3,(4,5)6)7)8,(9,(10,11)12)13)14,15)16,17)18
10	77	(0,((((((1,(2,3)4)5,6)7,8)9,10)11,(12,13)14)15,16)17)18
10	78	(((((0,1)2,(3,((4,5)6,(7,8)9)10)11)12,13)14,15)16,17)18
10	79	((0,(1,(2,3)4)5)6,(7,((8,(9,(10,11)12)13)14,15)16)17)18
10	80	(0,(1,((2,(3,(4,5)6)7)8,((9,10)11,(12,13)14)15)16)17)18
10	81	(((0,((1,(2,(3,((4,5)6,7)8)9)10)11,12)13)14,15)16,17)18
10	82	((0,((1,(2,3)4)5,(6,7)8)9)10,(11,((12,13)14,15)16)17)18
10	83	(0,((1,(2,(((3,4)5,6)7,(8,9)10)11)12)13,(14,15)16)17)18
10	84	(((0,(1,(2,3)4)5)6,((7,((8,9)10,11)12)13,14)15)16,17)18
10	85	((0,1)2,(((((3,4)5,(6,7)8)9,10)11,12)13,(14,15)16)17)18
10	86	((0,(1,2)3)4,((5,6)7,(((8,(9,10)11)12,13)14,15)16)17)18
10	87	((((((0,1)2,3)4,(5,6)7)8,(9,10)11)12,13)14,(15,16)17)18
10	88	(((0,1)2,(3,4)5)6,((7,(8,(9,10)11)12)13,(14,15)16)17)18
10	89	(((0,1)2,(3,(4,(5,((6,7)8,(9,10)11)12)13)14)15)16,17)18
10	90	((0,((((1,(2,3)4)5,6)7,8)9,((10,11)12,13)14)15)16,17)18
10	91	((0,((1,2)3,(4,(((5,6)7,8)9,10)11)12)13)14,(15,16)17)18
10	92	(0,(((((1,(2,3)4)5,((6,7)8,9)10)11,12)13,14)15,16)17)18
10	93	((0,1)2,((3,((4,((5,(6,7)8)9,10)11)12,13)14)15,16)17)18
10	94	((0,((1,((2,((3,4)5,(6,7)8)9)10,11)12)13,14)15)16,17)18
10	95	(((((0,(1,2)3)4,5)6,(((7,8)9,10)11,12)13)14,15)16,17)18
10	96	((0,(1,(((((2,3)4,5)6,(7,8)9)10,11)12,13)14)15)16,17)18
10	97	(0,((1,(2,(((3,4)5,6)7,(8,9)10)11)12)13,(14,15)16)17)18
10	98	((((((0,1)2,3)4,5)6,((7,8)9,(10,11)12)13)14,15)16,17)18
10	99	(((0,(((1,(2,(3,4)5)6)7,8)9,(10,11)12)13)14,15)16,17)18
