#size tree	index tree	tree
23	0	(0,(1,(2,(3,(4,(5,(6,(7,(8,(9,(10,(11,(12,(13,(14,(15,(16,(17,(18,(19,(20,(21,22)23)24)25)26)27)28)29)30)31)32)33)34)35)36)37)38)39)40)41)42)43)44
23	1	((((0,1)2,(3,(4,5)6)7)8,((9,(10,11)12)13,(14,(15,16)17)18)19)20,(((21,(22,23)24)25,(26,(27,28)29)30)31,((32,(33,34)35)36,(37,(38,39)40)41)42)43)44
23	2	(0,((1,2)3,(((((4,5)6,7)8,9)10,(((11,12)13,((14,15)16,((17,(18,(19,20)21)22)23,(24,25)26)27)28)29,(30,(((31,32)33,34)35,36)37)38)39)40,41)42)43)44
23	3	((((0,(1,(2,3)4)5)6,7)8,(((((9,(10,11)12)13,14)15,(16,17)18)19,(20,((((21,(22,23)24)25,26)27,28)29,30)31)32)33,((34,(35,36)37)38,39)40)41)42,43)44
23	4	(0,((1,2)3,(((4,5)6,((7,((8,((9,(10,11)12)13,14)15)16,17)18)19,(20,(21,(22,(((23,((24,25)26,(27,28)29)30)31,32)33,34)35)36)37)38)39)40,41)42)43)44
23	5	((0,(1,(2,(((3,(((4,(5,((6,7)8,((9,10)11,((12,13)14,15)16)17)18)19)20,21)22,(23,24)25)26)27,(28,(29,(30,31)32)33)34)35,36)37)38)39)40,(41,42)43)44
23	6	(0,((((((1,2)3,(((4,(5,6)7)8,9)10,(11,((12,(13,(14,15)16)17)18,(19,20)21)22)23)24)25,26)27,(28,((29,30)31,((32,33)34,35)36)37)38)39,40)41,42)43)44
23	7	((0,((1,(((2,(3,4)5)6,(((((((7,8)9,(10,(11,((12,13)14,(15,16)17)18)19)20)21,22)23,24)25,26)27,(28,(29,30)31)32)33,34)35)36,37)38)39,40)41)42,43)44
23	8	((0,1)2,((3,((4,5)6,7)8)9,((10,((((11,12)13,((14,(15,(16,17)18)19)20,21)22)23,(((24,(25,(26,27)28)29)30,31)32,(33,34)35)36)37,38)39)40,41)42)43)44
23	9	(((0,(1,2)3)4,(((5,((6,(7,(8,(9,10)11)12)13)14,((15,(16,(17,(18,19)20)21)22)23,24)25)26)27,28)29,(30,(31,(((32,33)34,35)36,37)38)39)40)41)42,43)44
23	10	((0,((((((1,(2,(3,4)5)6)7,8)9,10)11,12)13,14)15,((16,17)18,19)20)21)22,(23,(((24,(25,26)27)28,(((29,30)31,((32,33)34,35)36)37,38)39)40,41)42)43)44
23	11	(((((0,1)2,(3,(4,5)6)7)8,(9,(((10,(11,(12,13)14)15)16,(17,18)19)20,((21,22)23,(24,(25,(26,(27,((28,29)30,31)32)33)34)35)36)37)38)39)40,41)42,43)44
23	12	((0,((1,(2,(((((3,((((((4,5)6,(7,(8,9)10)11)12,(13,14)15)16,(17,18)19)20,21)22,(23,24)25)26)27,28)29,30)31,32)33,34)35)36)37,38)39)40,(41,42)43)44
23	13	((0,((1,(((((((2,(3,(4,(5,(6,7)8)9)10)11)12,13)14,((15,16)17,18)19)20,21)22,(23,(24,25)26)27)28,29)30,31)32)33,(34,35)36)37)38,((39,40)41,42)43)44
23	14	(((0,(((((1,(2,(3,4)5)6)7,8)9,(((10,(11,((12,(13,(14,15)16)17)18,19)20)21)22,23)24,25)26)27,(28,(29,30)31)32)33,34)35)36,(37,38)39)40,(41,42)43)44
23	15	(((0,(1,((2,((3,(4,5)6)7,(((8,(9,(10,11)12)13)14,15)16,(17,18)19)20)21)22,(23,((24,25)26,(27,(28,29)30)31)32)33)34)35)36,((37,38)39,40)41)42,43)44
23	16	((((0,((1,((((2,((3,(((4,5)6,(7,8)9)10,11)12)13,14)15)16,(17,(18,19)20)21)22,23)24,25)26)27,28)29)30,(31,(32,33)34)35)36,37)38,(39,(40,41)42)43)44
23	17	((((0,(((1,2)3,(4,(((5,6)7,8)9,(10,(((11,(12,(13,((14,(15,16)17)18,19)20)21)22)23,24)25,(26,27)28)29)30)31)32)33,(34,35)36)37)38,39)40,41)42,43)44
23	18	((0,(1,((((2,(3,4)5)6,7)8,9)10,(11,12)13)14)15)16,(17,(18,((19,(20,(21,(22,(23,((24,25)26,(27,(28,29)30)31)32)33)34)35)36)37,(38,39)40)41)42)43)44
23	19	(((0,((((((1,2)3,(4,((5,6)7,((8,(9,10)11)12,13)14)15)16)17,18)19,20)21,(22,23)24)25,((26,27)28,(29,(30,(31,32)33)34)35)36)37)38,39)40,(41,42)43)44
23	20	(((0,(((((1,2)3,(4,((((5,6)7,8)9,10)11,(12,13)14)15)16)17,(18,19)20)21,(22,23)24)25,26)27)28,((29,30)31,32)33)34,((35,((36,37)38,39)40)41,42)43)44
23	21	((0,1)2,((3,4)5,((6,7)8,((9,((((10,11)12,(13,((14,15)16,17)18)19)20,(21,(22,(23,24)25)26)27)28,((29,(30,31)32)33,34)35)36)37,(38,39)40)41)42)43)44
23	22	(((0,((1,((2,((3,4)5,(6,((7,8)9,10)11)12)13)14,15)16)17,18)19)20,21)22,(23,((24,((25,(26,(27,28)29)30)31,(32,(33,(34,35)36)37)38)39)40,41)42)43)44
23	23	((0,(1,(2,((3,4)5,((6,(7,(8,(((9,10)11,(12,13)14)15,(16,((17,(18,19)20)21,22)23)24)25)26)27)28,(((29,30)31,(32,33)34)35,36)37)38)39)40)41)42,43)44
23	24	(((0,(1,(2,3)4)5)6,((((7,((8,((9,(10,(11,((12,(13,14)15)16,17)18)19)20)21,22)23)24,25)26)27,28)29,((30,31)32,((33,34)35,36)37)38)39,40)41)42,43)44
23	25	(((0,1)2,(3,4)5)6,((((7,((8,(((9,(((10,(11,12)13)14,15)16,(17,(18,19)20)21)22)23,24)25,26)27)28,29)30)31,((32,33)34,35)36)37,38)39,(40,41)42)43)44
23	26	(0,(((1,(((2,3)4,5)6,((7,8)9,(10,((11,((((12,13)14,(15,16)17)18,(19,20)21)22,((23,24)25,(26,27)28)29)30)31,(32,33)34)35)36)37)38)39,40)41,42)43)44
23	27	((0,((((1,2)3,(4,5)6)7,8)9,(10,(((11,12)13,(14,((15,(((((16,17)18,(19,(20,21)22)23)24,25)26,27)28,29)30)31,(32,33)34)35)36)37,38)39)40)41)42,43)44
23	28	((((0,(((1,2)3,4)5,(6,((7,((8,((9,10)11,((12,13)14,(15,(16,(17,18)19)20)21)22)23)24,25)26)27,(28,(29,(30,31)32)33)34)35)36)37)38,39)40,41)42,43)44
23	29	(0,(1,(((((2,3)4,(5,(6,(7,8)9)10)11)12,13)14,(15,(16,(17,((18,19)20,21)22)23)24)25)26,(27,(28,(((29,(30,31)32)33,(34,35)36)37,38)39)40)41)42)43)44
23	30	(((((0,1)2,(((3,(4,5)6)7,(8,(9,10)11)12)13,(14,((15,(16,(17,18)19)20)21,(22,((23,24)25,((26,27)28,29)30)31)32)33)34)35)36,(37,38)39)40,41)42,43)44
23	31	((((0,1)2,((3,4)5,(((((6,7)8,(9,10)11)12,(((13,14)15,16)17,18)19)20,21)22,23)24)25)26,27)28,((29,(30,(31,((32,(33,34)35)36,37)38)39)40)41,42)43)44
23	32	(0,(((1,(((((2,3)4,5)6,(7,8)9)10,11)12,(13,((14,(((15,16)17,18)19,((20,21)22,((23,24)25,(26,(27,28)29)30)31)32)33)34,35)36)37)38)39,40)41,42)43)44
23	33	(((0,(((1,(2,(((3,4)5,(6,((7,8)9,10)11)12)13,(14,(15,16)17)18)19)20)21,(22,(23,((24,25)26,27)28)29)30)31,32)33)34,35)36,(37,(38,(39,40)41)42)43)44
23	34	(((0,1)2,(((3,4)5,(((6,7)8,9)10,((11,(12,13)14)15,((16,(17,((18,19)20,((21,22)23,24)25)26)27)28,29)30)31)32)33,34)35)36,((37,38)39,(40,41)42)43)44
23	35	((0,(1,2)3)4,(5,(((6,(7,8)9)10,((11,((12,(13,14)15)16,(((((17,(18,19)20)21,22)23,24)25,26)27,28)29)30)31,((32,33)34,(35,36)37)38)39)40,41)42)43)44
23	36	(((((0,(((1,(((2,((3,4)5,((6,7)8,((((9,10)11,12)13,14)15,16)17)18)19)20,21)22,23)24)25,26)27,28)29)30,31)32,33)34,35)36,(37,(38,(39,40)41)42)43)44
23	37	(((((0,(1,2)3)4,((5,6)7,((((8,9)10,(11,12)13)14,15)16,17)18)19)20,((21,(22,(23,((24,25)26,27)28)29)30)31,((32,(33,34)35)36,37)38)39)40,41)42,43)44
23	38	((((0,(1,2)3)4,(((((5,6)7,8)9,10)11,(12,(13,14)15)16)17,(18,19)20)21)22,(((23,24)25,(26,((27,(28,29)30)31,(32,33)34)35)36)37,(38,39)40)41)42,43)44
23	39	(0,(1,((2,3)4,((5,6)7,(((8,((9,((10,(11,((12,((13,((14,15)16,17)18)19,20)21)22,(23,24)25)26)27)28,29)30)31,(32,33)34)35)36,37)38,39)40)41)42)43)44
23	40	((0,(1,(2,((3,(4,5)6)7,8)9)10)11)12,((((13,((((14,15)16,(17,(18,(19,20)21)22)23)24,(25,26)27)28,(29,30)31)32)33,((34,35)36,37)38)39,40)41,42)43)44
23	41	((0,(1,(2,3)4)5)6,((7,((8,9)10,11)12)13,(((14,15)16,(((17,18)19,(20,((21,(22,23)24)25,26)27)28)29,(((30,31)32,(33,34)35)36,37)38)39)40,41)42)43)44
23	42	((0,((1,2)3,((4,5)6,7)8)9)10,((11,(12,13)14)15,(16,((17,18)19,(20,((21,22)23,((24,(25,(((26,27)28,29)30,(31,32)33)34)35)36,37)38)39)40)41)42)43)44
23	43	(((0,(((1,2)3,((4,(5,6)7)8,9)10)11,((12,(13,14)15)16,(((17,18)19,(((((20,(21,22)23)24,25)26,27)28,29)30,31)32)33,34)35)36)37)38,39)40,(41,42)43)44
23	44	(0,((1,((2,3)4,5)6)7,(8,(((((9,(10,(11,((12,(13,((14,15)16,17)18)19)20,((21,22)23,24)25)26)27)28)29,30)31,((32,33)34,35)36)37,38)39,40)41)42)43)44
23	45	(0,(1,(((2,(3,(4,((5,6)7,8)9)10)11)12,(13,((((14,15)16,((17,18)19,((((20,21)22,23)24,25)26,27)28)29)30,((31,32)33,34)35)36,37)38)39)40,41)42)43)44
23	46	(((0,(1,2)3)4,(((5,(6,((((7,8)9,10)11,(12,(13,14)15)16)17,(18,((19,20)21,22)23)24)25)26)27,28)29,(30,31)32)33)34,(35,((36,37)38,(39,40)41)42)43)44
23	47	(((((0,1)2,(3,4)5)6,(7,8)9)10,(11,(12,(13,(((14,15)16,17)18,(19,20)21)22)23)24)25)26,((27,28)29,(30,(((31,32)33,((34,35)36,37)38)39,40)41)42)43)44
23	48	(0,(((1,((2,3)4,(((5,6)7,8)9,10)11)12)13,14)15,(16,(((17,(18,19)20)21,(((((22,(23,24)25)26,(27,28)29)30,31)32,33)34,(35,36)37)38)39,40)41)42)43)44
23	49	((((0,(1,2)3)4,((5,(6,7)8)9,(10,(11,((12,(13,14)15)16,(17,((18,((19,20)21,(((22,23)24,25)26,27)28)29)30,31)32)33)34)35)36)37)38,39)40,(41,42)43)44
23	50	((0,1)2,((3,4)5,(6,(7,(((8,(9,10)11)12,((((13,(14,((15,16)17,18)19)20)21,22)23,24)25,((26,27)28,(29,30)31)32)33)34,((35,36)37,38)39)40)41)42)43)44
23	51	((((0,1)2,3)4,(5,(((6,(7,((8,9)10,((11,12)13,((((14,15)16,17)18,(((((19,20)21,22)23,24)25,26)27,28)29)30,31)32)33)34)35)36,37)38,39)40)41)42,43)44
23	52	((((0,1)2,(3,(4,5)6)7)8,(9,((((10,(11,(12,13)14)15)16,17)18,((((19,20)21,(22,23)24)25,(((26,27)28,29)30,31)32)33,(34,35)36)37)38,39)40)41)42,43)44
23	53	((((0,(1,2)3)4,5)6,7)8,((9,((10,11)12,((((13,(14,((15,16)17,(((18,19)20,21)22,(23,(24,25)26)27)28)29)30)31,32)33,34)35,(36,37)38)39)40)41,42)43)44
23	54	(((((0,(((1,((((2,(3,(4,5)6)7)8,9)10,(11,((12,13)14,(15,16)17)18)19)20,21)22)23,24)25,26)27)28,29)30,31)32,((33,34)35,((36,37)38,39)40)41)42,43)44
23	55	((0,((1,2)3,4)5)6,(((((7,(8,9)10)11,(12,13)14)15,16)17,18)19,((((20,(21,((22,23)24,25)26)27)28,(((29,30)31,32)33,34)35)36,37)38,(39,40)41)42)43)44
23	56	(0,(((1,((2,(((((3,4)5,6)7,8)9,(10,11)12)13,(14,15)16)17)18,((((19,20)21,22)23,24)25,(26,((27,(28,29)30)31,32)33)34)35)36)37,38)39,(40,41)42)43)44
23	57	(0,(1,((2,((((3,4)5,6)7,(8,(((((9,((10,(11,12)13)14,15)16)17,(18,19)20)21,22)23,(24,(25,26)27)28)29,(30,31)32)33)34)35,(36,37)38)39)40,41)42)43)44
23	58	(0,(((1,((((((2,((3,(4,5)6)7,(((8,9)10,11)12,(13,14)15)16)17)18,19)20,(21,22)23)24,25)26,(27,(28,29)30)31)32,(33,34)35)36)37,38)39,(40,41)42)43)44
23	59	(0,(((1,(2,((3,4)5,6)7)8)9,(10,(((((((((11,12)13,14)15,16)17,((18,(19,20)21)22,(23,24)25)26)27,(28,29)30)31,32)33,34)35,36)37,38)39)40)41,42)43)44
23	60	(((((((0,(1,2)3)4,(5,(6,(((7,(8,9)10)11,((12,((13,(14,(15,16)17)18)19,20)21)22,23)24)25,26)27)28)29)30,(31,32)33)34,35)36,(37,38)39)40,41)42,43)44
23	61	(0,(1,((2,3)4,((5,6)7,((((((8,9)10,(11,(12,13)14)15)16,(17,(((18,19)20,21)22,(23,(24,25)26)27)28)29)30,(31,32)33)34,(35,36)37)38,39)40)41)42)43)44
23	62	((0,((1,2)3,((((4,(5,6)7)8,(9,((10,((11,12)13,14)15)16,17)18)19)20,((21,(((22,(23,24)25)26,27)28,(29,30)31)32)33,34)35)36,37)38)39)40,(41,42)43)44
23	63	(((((((0,1)2,3)4,(5,(6,7)8)9)10,11)12,(13,14)15)16,(17,(18,(19,(((20,21)22,23)24,(((25,(26,(27,28)29)30)31,32)33,(34,35)36)37)38)39)40)41)42,43)44
23	64	(((0,(1,((2,(3,((4,5)6,7)8)9)10,((11,(12,(((13,14)15,(16,17)18)19,20)21)22)23,24)25)26)27)28,((29,30)31,32)33)34,((((35,36)37,38)39,40)41,42)43)44
23	65	(0,(((1,2)3,((((((4,(5,((6,((7,8)9,10)11)12,((13,(14,15)16)17,18)19)20)21)22,23)24,25)26,27)28,(((29,(30,31)32)33,34)35,36)37)38,39)40)41,42)43)44
23	66	(((0,1)2,3)4,((((5,(6,7)8)9,10)11,((((((((12,(13,14)15)16,17)18,19)20,21)22,23)24,25)26,(27,(28,29)30)31)32,33)34)35,((36,37)38,(39,40)41)42)43)44
23	67	(((((0,(1,(2,(3,(4,5)6)7)8)9)10,(11,(12,13)14)15)16,((17,18)19,((20,((21,22)23,(24,(25,26)27)28)29)30,(31,32)33)34)35)36,(37,(38,39)40)41)42,43)44
23	68	(0,(((1,2)3,4)5,(6,(((7,(8,(9,((10,(11,(12,(((13,14)15,16)17,18)19)20)21)22,(23,(24,25)26)27)28)29)30)31,(32,(33,(34,35)36)37)38)39,40)41)42)43)44
23	69	(0,(((1,(2,((3,(((4,5)6,7)8,((((9,(10,11)12)13,14)15,((16,(17,(18,19)20)21)22,23)24)25,26)27)28)29,((30,31)32,33)34)35)36)37,38)39,(40,41)42)43)44
23	70	(((((0,(1,2)3)4,(5,6)7)8,9)10,11)12,((13,(((14,15)16,17)18,((((19,((20,21)22,23)24)25,(26,27)28)29,(30,31)32)33,34)35)36)37,(38,(39,40)41)42)43)44
23	71	(0,((1,((((((2,(((((3,4)5,6)7,8)9,10)11,12)13)14,15)16,17)18,((19,((20,21)22,23)24)25,((26,27)28,29)30)31)32,33)34,35)36)37,(38,(39,40)41)42)43)44
23	72	(((0,(((1,(2,3)4)5,6)7,((8,9)10,((11,12)13,14)15)16)17)18,(((19,(((20,((21,22)23,(24,25)26)27)28,(29,30)31)32,33)34)35,(36,37)38)39,40)41)42,43)44
23	73	((0,(1,(2,3)4)5)6,(((7,8)9,(((10,11)12,(13,14)15)16,(17,((18,(19,(((20,21)22,23)24,(25,26)27)28)29)30,31)32)33)34)35,((36,(37,38)39)40,41)42)43)44
23	74	(((0,((1,((2,3)4,(5,6)7)8)9,(((((10,11)12,13)14,(15,16)17)18,(19,(20,((((21,22)23,(24,25)26)27,(28,29)30)31,32)33)34)35)36,37)38)39)40,41)42,43)44
23	75	(0,(((1,(((((2,(3,4)5)6,((7,8)9,10)11)12,(13,14)15)16,17)18,((19,(((((20,21)22,23)24,(25,26)27)28,29)30,31)32)33,34)35)36)37,(38,39)40)41,42)43)44
23	76	(((((0,(((1,2)3,4)5,(6,7)8)9)10,11)12,13)14,(15,((16,(17,(18,(19,(20,(((21,(22,23)24)25,((26,27)28,29)30)31,32)33)34)35)36)37)38,39)40)41)42,43)44
23	77	(0,((1,(2,3)4)5,(((6,7)8,9)10,(11,((12,((((13,14)15,16)17,18)19,20)21)22,((23,24)25,((26,((27,28)29,30)31)32,(33,(34,35)36)37)38)39)40)41)42)43)44
23	78	(0,(((((1,2)3,4)5,6)7,(((8,9)10,11)12,(((13,14)15,(((16,((17,18)19,((20,21)22,23)24)25)26,27)28,((29,30)31,32)33)34)35,(36,37)38)39)40)41,42)43)44
23	79	(0,(1,(((2,((3,4)5,6)7)8,9)10,(11,((((12,(13,(14,(15,16)17)18)19)20,(((21,(22,23)24)25,(26,(27,28)29)30)31,(32,33)34)35)36,37)38,39)40)41)42)43)44
23	80	((0,1)2,((3,(((4,5)6,((7,8)9,10)11)12,(13,((14,15)16,17)18)19)20)21,((22,23)24,((((25,(26,27)28)29,(30,(31,(32,33)34)35)36)37,38)39,40)41)42)43)44
23	81	(((0,(1,(2,(((3,((4,5)6,(7,(8,(9,10)11)12)13)14)15,(16,17)18)19,20)21)22)23)24,25)26,(27,(28,(29,(30,(((31,32)33,(34,35)36)37,38)39)40)41)42)43)44
23	82	((((0,1)2,(3,(((4,(5,6)7)8,9)10,11)12)13)14,15)16,(((17,((18,(19,20)21)22,23)24)25,(26,(((27,28)29,30)31,(32,((33,34)35,36)37)38)39)40)41,42)43)44
23	83	((((0,(1,2)3)4,(((5,6)7,8)9,(10,(((11,12)13,14)15,(16,17)18)19)20)21)22,23)24,(((25,(26,(((27,28)29,(30,(31,32)33)34)35,36)37)38)39,40)41,42)43)44
23	84	((((0,(1,(2,3)4)5)6,(((7,(8,9)10)11,(12,13)14)15,((16,((17,((18,19)20,(21,22)23)24)25,26)27)28,(29,30)31)32)33)34,35)36,(37,((38,39)40,41)42)43)44
23	85	((0,1)2,((3,4)5,(6,((((((7,(8,9)10)11,(12,(((13,14)15,(16,17)18)19,20)21)22)23,(24,25)26)27,28)29,(30,(31,(32,(33,34)35)36)37)38)39,40)41)42)43)44
23	86	((0,(1,2)3)4,((((5,6)7,((8,(((9,((10,(11,12)13)14,15)16)17,(((18,19)20,21)22,23)24)25,26)27)28,((29,(30,(31,32)33)34)35,36)37)38)39,40)41,42)43)44
23	87	((0,((1,((2,3)4,(5,(6,((((((7,8)9,(10,(11,12)13)14)15,16)17,18)19,20)21,(((22,23)24,25)26,27)28)29)30)31)32)33,(34,((35,36)37,38)39)40)41)42,43)44
23	88	(0,(1,(((((((2,3)4,((5,((((6,7)8,9)10,(11,12)13)14,15)16)17,18)19)20,21)22,(23,24)25)26,27)28,(((((29,30)31,32)33,34)35,36)37,38)39)40,41)42)43)44
23	89	((0,(((1,2)3,(4,(5,6)7)8)9,10)11)12,(((13,14)15,(16,((17,((18,(19,(20,21)22)23)24,25)26)27,(28,(29,(30,((31,32)33,34)35)36)37)38)39)40)41,42)43)44
23	90	((0,((1,(2,(((3,4)5,(6,(7,(8,9)10)11)12)13,(14,15)16)17)18)19,20)21)22,((23,24)25,(26,(27,((28,((29,30)31,((32,33)34,35)36)37)38,39)40)41)42)43)44
23	91	((0,(1,(2,((3,4)5,6)7)8)9)10,(11,((12,((13,(14,((15,16)17,(18,((19,(((((20,21)22,23)24,25)26,27)28,29)30)31,32)33)34)35)36)37,38)39)40,41)42)43)44
23	92	((0,1)2,(((((((((3,((4,5)6,(7,8)9)10)11,(12,(13,14)15)16)17,18)19,(20,21)22)23,24)25,((26,27)28,29)30)31,(32,33)34)35,(36,(37,38)39)40)41,42)43)44
23	93	((((0,(1,2)3)4,5)6,(((((7,((8,9)10,11)12)13,((((14,15)16,(17,(((18,19)20,21)22,23)24)25)26,27)28,29)30)31,32)33,(34,(35,36)37)38)39,40)41)42,43)44
23	94	(((0,((((1,2)3,4)5,6)7,8)9)10,(11,(12,13)14)15)16,(17,(((((18,(19,((20,(21,22)23)24,(25,(26,27)28)29)30)31)32,33)34,(35,36)37)38,39)40,41)42)43)44
23	95	(((0,(((1,2)3,4)5,((6,7)8,9)10)11)12,((((13,((14,((15,16)17,((18,19)20,21)22)23)24,25)26)27,28)29,(30,(31,(32,33)34)35)36)37,(38,39)40)41)42,43)44
23	96	(0,(1,(((((2,3)4,((5,(((6,7)8,9)10,((11,((12,13)14,(((15,(16,17)18)19,20)21,22)23)24)25,26)27)28)29,(30,31)32)33)34,35)36,(37,38)39)40,41)42)43)44
23	97	(((((0,1)2,3)4,(5,((6,((7,8)9,10)11)12,13)14)15)16,(((17,(((18,(19,(20,21)22)23)24,(25,((26,27)28,29)30)31)32,(33,34)35)36)37,38)39,40)41)42,43)44
23	98	((0,1)2,((((3,4)5,(6,7)8)9,(((((10,11)12,13)14,(((15,(16,17)18)19,((20,(21,(22,23)24)25)26,27)28)29,(30,31)32)33)34,35)36,37)38)39,(40,41)42)43)44
23	99	((0,(((((1,2)3,((4,5)6,(7,(8,9)10)11)12)13,14)15,16)17,(((((((((18,(19,20)21)22,23)24,25)26,(27,28)29)30,31)32,33)34,35)36,37)38,39)40)41)42,43)44
