#size tree	index tree	tree
4	0	(0,(1,(2,3)4)5)6
4	1	((0,1)2,(3,4)5)6
4	2	((0,(1,2)3)4,5)6
4	3	(0,(1,(2,3)4)5)6
4	4	(0,(1,(2,3)4)5)6
4	5	(0,(1,(2,3)4)5)6
4	6	((0,1)2,(3,4)5)6
4	7	(0,((1,2)3,4)5)6
4	8	((0,1)2,(3,4)5)6
4	9	((0,1)2,(3,4)5)6
4	10	((0,1)2,(3,4)5)6
4	11	((0,(1,2)3)4,5)6
4	12	((0,1)2,(3,4)5)6
4	13	(0,(1,(2,3)4)5)6
4	14	((0,1)2,(3,4)5)6
4	15	((0,(1,2)3)4,5)6
4	16	((0,(1,2)3)4,5)6
4	17	((0,(1,2)3)4,5)6
4	18	((0,(1,2)3)4,5)6
4	19	((0,(1,2)3)4,5)6
4	20	(0,((1,2)3,4)5)6
4	21	(((0,1)2,3)4,5)6
4	22	((0,(1,2)3)4,5)6
4	23	(0,((1,2)3,4)5)6
4	24	(0,(1,(2,3)4)5)6
4	25	(((0,1)2,3)4,5)6
4	26	(((0,1)2,3)4,5)6
4	27	((0,1)2,(3,4)5)6
4	28	(0,((1,2)3,4)5)6
4	29	(0,((1,2)3,4)5)6
4	30	(((0,1)2,3)4,5)6
4	31	((0,1)2,(3,4)5)6
4	32	((0,1)2,(3,4)5)6
4	33	(0,(1,(2,3)4)5)6
4	34	(0,((1,2)3,4)5)6
4	35	(((0,1)2,3)4,5)6
4	36	(0,((1,2)3,4)5)6
4	37	(0,(1,(2,3)4)5)6
4	38	((0,(1,2)3)4,5)6
4	39	((0,1)2,(3,4)5)6
4	40	(((0,1)2,3)4,5)6
4	41	(((0,1)2,3)4,5)6
4	42	(0,((1,2)3,4)5)6
4	43	(0,((1,2)3,4)5)6
4	44	((0,(1,2)3)4,5)6
4	45	(0,((1,2)3,4)5)6
4	46	(((0,1)2,3)4,5)6
4	47	(0,(1,(2,3)4)5)6
4	48	((0,1)2,(3,4)5)6
4	49	((0,1)2,(3,4)5)6
4	50	(0,(1,(2,3)4)5)6
4	51	((0,1)2,(3,4)5)6
4	52	((0,(1,2)3)4,5)6
4	53	(0,(1,(2,3)4)5)6
4	54	((0,(1,2)3)4,5)6
4	55	(0,(1,(2,3)4)5)6
4	56	(((0,1)2,3)4,5)6
4	57	((0,(1,2)3)4,5)6
4	58	(0,(1,(2,3)4)5)6
4	59	(0,((1,2)3,4)5)6
4	60	((0,1)2,(3,4)5)6
4	61	((0,1)2,(3,4)5)6
4	62	(0,(1,(2,3)4)5)6
4	63	(0,(1,(2,3)4)5)6
4	64	(((0,1)2,3)4,5)6
4	65	((0,1)2,(3,4)5)6
4	66	(0,((1,2)3,4)5)6
4	67	(0,((1,2)3,4)5)6
4	68	((0,(1,2)3)4,5)6
4	69	(0,((1,2)3,4)5)6
4	70	((0,(1,2)3)4,5)6
4	71	((0,(1,2)3)4,5)6
4	72	(0,((1,2)3,4)5)6
4	73	((0,(1,2)3)4,5)6
4	74	(((0,1)2,3)4,5)6
4	75	((0,1)2,(3,4)5)6
4	76	(0,((1,2)3,4)5)6
4	77	(((0,1)2,3)4,5)6
4	78	((0,1)2,(3,4)5)6
4	79	((0,1)2,(3,4)5)6
4	80	(((0,1)2,3)4,5)6
4	81	(0,(1,(2,3)4)5)6
4	82	(0,((1,2)3,4)5)6
4	83	(((0,1)2,3)4,5)6
4	84	(0,(1,(2,3)4)5)6
4	85	((0,1)2,(3,4)5)6
4	86	((0,(1,2)3)4,5)6
4	87	((0,(1,2)3)4,5)6
4	88	((0,(1,2)3)4,5)6
4	89	(((0,1)2,3)4,5)6
4	90	(0,((1,2)3,4)5)6
4	91	((0,(1,2)3)4,5)6
4	92	(0,(1,(2,3)4)5)6
4	93	((0,1)2,(3,4)5)6
4	94	(0,((1,2)3,4)5)6
4	95	((0,1)2,(3,4)5)6
4	96	(0,(1,(2,3)4)5)6
4	97	(0,(1,(2,3)4)5)6
4	98	(((0,1)2,3)4,5)6
4	99	((0,(1,2)3)4,5)6
