#size tree	index tree	tree
11	0	(0,(1,(2,(3,(4,(5,(6,(7,(8,(9,10)11)12)13)14)15)16)17)18)19)20
11	1	(((0,1)2,(3,(4,5)6)7)8,((9,(10,11)12)13,(14,(15,16)17)18)19)20
11	2	(0,(1,((((2,3)4,5)6,(7,((8,9)10,(11,12)13)14)15)16,17)18)19)20
11	3	(0,(1,((2,(((3,(4,5)6)7,8)9,(10,11)12)13)14,(15,16)17)18)19)20
11	4	(0,((1,2)3,(4,(5,(((6,7)8,(9,(10,11)12)13)14,15)16)17)18)19)20
11	5	(((0,1)2,(3,((4,(5,6)7)8,((9,(10,11)12)13,14)15)16)17)18,19)20
11	6	(0,((1,(((2,3)4,(5,(6,7)8)9)10,((11,12)13,14)15)16)17,18)19)20
11	7	(0,((1,((2,3)4,5)6)7,((((8,9)10,11)12,13)14,(15,16)17)18)19)20
11	8	(0,((1,((2,3)4,((5,((6,(7,8)9)10,11)12)13,14)15)16)17,18)19)20
11	9	(0,(((1,((2,(3,4)5)6,(((7,8)9,10)11,12)13)14)15,16)17,18)19)20
11	10	((0,((1,(2,((3,4)5,(6,(7,(8,9)10)11)12)13)14)15,16)17)18,19)20
11	11	(((0,1)2,3)4,(5,(6,(7,((8,(9,(10,11)12)13)14,15)16)17)18)19)20
11	12	(0,(1,((((2,(3,4)5)6,7)8,(9,(10,(11,12)13)14)15)16,17)18)19)20
11	13	((0,(((1,2)3,(4,(5,(6,7)8)9)10)11,((12,13)14,15)16)17)18,19)20
11	14	(((0,(1,(2,((3,(4,5)6)7,8)9)10)11)12,((13,14)15,16)17)18,19)20
11	15	((0,1)2,(((3,4)5,(6,(7,(8,((9,10)11,12)13)14)15)16)17,18)19)20
11	16	(0,(1,(2,((3,4)5,((6,7)8,((9,(10,11)12)13,14)15)16)17)18)19)20
11	17	(((0,1)2,((3,4)5,(6,(7,8)9)10)11)12,(13,(14,(15,16)17)18)19)20
11	18	((0,(1,2)3)4,(((5,6)7,(8,(9,10)11)12)13,((14,15)16,17)18)19)20
11	19	(0,(1,((((2,3)4,5)6,(7,(8,(9,(10,11)12)13)14)15)16,17)18)19)20
11	20	(((0,(((1,(2,3)4)5,(6,7)8)9,10)11)12,((13,14)15,16)17)18,19)20
11	21	((((0,1)2,(3,4)5)6,(7,8)9)10,((11,12)13,(14,(15,16)17)18)19)20
11	22	(((((0,(1,2)3)4,5)6,(7,8)9)10,((11,12)13,14)15)16,(17,18)19)20
11	23	(0,((1,(((((2,3)4,5)6,7)8,9)10,11)12)13,((14,15)16,17)18)19)20
11	24	((0,((((1,2)3,(4,5)6)7,(((8,9)10,11)12,13)14)15,16)17)18,19)20
11	25	((((0,(((((1,(2,3)4)5,6)7,8)9,10)11,12)13)14,15)16,17)18,19)20
11	26	((((0,1)2,((3,4)5,6)7)8,(((9,10)11,12)13,(14,15)16)17)18,19)20
11	27	(0,((1,(((2,3)4,(5,((6,7)8,9)10)11)12,13)14)15,(16,17)18)19)20
11	28	((0,1)2,(((3,((4,5)6,7)8)9,((10,11)12,13)14)15,(16,17)18)19)20
11	29	((0,((((1,2)3,4)5,6)7,((8,((9,10)11,12)13)14,15)16)17)18,19)20
11	30	(0,((((1,2)3,4)5,6)7,((8,(9,10)11)12,((13,14)15,16)17)18)19)20
11	31	((((0,1)2,(3,4)5)6,7)8,(9,((10,((11,12)13,14)15)16,17)18)19)20
11	32	((0,(1,2)3)4,((5,6)7,((8,(9,10)11)12,((13,14)15,16)17)18)19)20
11	33	((0,(1,(2,3)4)5)6,(((7,8)9,(10,(11,(12,13)14)15)16)17,18)19)20
11	34	((0,(1,2)3)4,(((((5,6)7,(8,9)10)11,12)13,(14,15)16)17,18)19)20
11	35	(0,(1,(2,(3,(((4,5)6,7)8,(((9,10)11,12)13,14)15)16)17)18)19)20
11	36	(((0,((1,2)3,(4,5)6)7)8,((9,(10,11)12)13,(14,15)16)17)18,19)20
11	37	(((0,((1,(2,(3,((4,(5,6)7)8,9)10)11)12)13,14)15)16,17)18,19)20
11	38	(0,(1,(((2,3)4,5)6,(((((7,8)9,10)11,12)13,14)15,16)17)18)19)20
11	39	(0,((1,2)3,((4,(5,6)7)8,(9,((10,(11,12)13)14,15)16)17)18)19)20
11	40	(((0,(((1,(2,3)4)5,(6,7)8)9,10)11)12,13)14,((15,16)17,18)19)20
11	41	(0,(1,(((2,(((3,4)5,6)7,8)9)10,11)12,(13,(14,15)16)17)18)19)20
11	42	((0,1)2,(3,(4,(((5,(6,7)8)9,10)11,((12,13)14,15)16)17)18)19)20
11	43	(0,(1,(((2,3)4,(5,(6,(7,8)9)10)11)12,(13,(14,15)16)17)18)19)20
11	44	((0,(1,(2,((3,4)5,6)7)8)9)10,((11,(12,(13,14)15)16)17,18)19)20
11	45	(0,(((1,((((2,3)4,(5,(6,7)8)9)10,11)12,13)14)15,16)17,18)19)20
11	46	(((0,(1,(2,3)4)5)6,(((7,(8,(9,10)11)12)13,14)15,16)17)18,19)20
11	47	(((0,(((1,2)3,(4,5)6)7,((8,(9,10)11)12,13)14)15)16,17)18,19)20
11	48	(0,(1,((((2,3)4,5)6,(7,(8,((9,10)11,12)13)14)15)16,17)18)19)20
11	49	((((0,1)2,(3,(((4,(5,(6,7)8)9)10,11)12,13)14)15)16,17)18,19)20
11	50	(0,(((1,2)3,(4,(((5,6)7,8)9,(10,(11,12)13)14)15)16)17,18)19)20
11	51	(((((0,1)2,((3,(((4,5)6,7)8,9)10)11,12)13)14,15)16,17)18,19)20
11	52	(0,((((((1,2)3,4)5,((6,(7,8)9)10,11)12)13,14)15,16)17,18)19)20
11	53	(((0,(((1,(2,3)4)5,(6,7)8)9,10)11)12,((13,14)15,16)17)18,19)20
11	54	(0,((((1,2)3,(4,((5,((6,7)8,9)10)11,12)13)14)15,16)17,18)19)20
11	55	((((0,(((((1,2)3,4)5,6)7,8)9,10)11)12,(13,14)15)16,17)18,19)20
11	56	(((0,(1,(2,(3,4)5)6)7)8,(9,(10,11)12)13)14,(15,(16,17)18)19)20
11	57	((0,(1,(2,(((3,4)5,((6,7)8,9)10)11,(12,13)14)15)16)17)18,19)20
11	58	(0,(((1,(2,(3,4)5)6)7,8)9,(10,(11,(12,(13,14)15)16)17)18)19)20
11	59	(0,((1,2)3,((((4,5)6,7)8,((9,10)11,12)13)14,(15,16)17)18)19)20
11	60	(0,((1,(2,(3,(4,5)6)7)8)9,(((10,11)12,13)14,(15,16)17)18)19)20
11	61	(0,(((1,(2,((3,(4,5)6)7,8)9)10)11,(12,13)14)15,(16,17)18)19)20
11	62	(((0,1)2,((3,4)5,6)7)8,((9,10)11,(((12,13)14,15)16,17)18)19)20
11	63	(0,(1,((2,(3,((4,5)6,(7,(8,9)10)11)12)13)14,(15,16)17)18)19)20
11	64	((0,(1,(2,(((((3,4)5,6)7,8)9,(10,11)12)13,14)15)16)17)18,19)20
11	65	((0,1)2,(3,((((4,(5,(6,7)8)9)10,11)12,13)14,(15,16)17)18)19)20
11	66	((((0,1)2,(3,(((4,5)6,7)8,((9,10)11,12)13)14)15)16,17)18,19)20
11	67	(((0,(1,(((2,(3,(4,(5,6)7)8)9)10,11)12,13)14)15)16,17)18,19)20
11	68	((((0,(1,(2,(3,(4,(5,6)7)8)9)10)11)12,13)14,(15,16)17)18,19)20
11	69	(((0,1)2,(3,4)5)6,(((7,8)9,10)11,(12,(13,(14,15)16)17)18)19)20
11	70	(0,((((1,((2,3)4,(5,6)7)8)9,(10,11)12)13,14)15,(16,17)18)19)20
11	71	((0,1)2,(3,((4,(5,6)7)8,((9,((10,11)12,13)14)15,16)17)18)19)20
11	72	((((0,(1,(2,(3,4)5)6)7)8,9)10,(11,(12,(13,14)15)16)17)18,19)20
11	73	(((((0,1)2,3)4,5)6,((7,8)9,10)11)12,(13,(14,(15,16)17)18)19)20
11	74	(0,(1,(((2,(3,(((4,5)6,7)8,(9,10)11)12)13)14,15)16,17)18)19)20
11	75	(0,(1,(2,(3,((4,(5,((6,7)8,9)10)11)12,(13,14)15)16)17)18)19)20
11	76	(0,((((((1,2)3,4)5,6)7,8)9,10)11,((12,(13,14)15)16,17)18)19)20
11	77	((((0,1)2,3)4,5)6,((7,(8,(9,10)11)12)13,((14,15)16,17)18)19)20
11	78	((((0,1)2,(3,4)5)6,(7,((8,(9,10)11)12,13)14)15)16,(17,18)19)20
11	79	(0,(1,(2,(3,((((4,5)6,7)8,(9,(10,11)12)13)14,15)16)17)18)19)20
11	80	(((((0,((1,((2,3)4,(5,6)7)8)9,10)11)12,13)14,15)16,17)18,19)20
11	81	((0,1)2,((3,((((4,5)6,(7,8)9)10,11)12,(13,14)15)16)17,18)19)20
11	82	((0,(((1,(((2,3)4,5)6,7)8)9,10)11,12)13)14,(15,(16,17)18)19)20
11	83	(0,(1,(((2,3)4,5)6,(7,(((8,9)10,11)12,(13,14)15)16)17)18)19)20
11	84	(0,((1,2)3,((4,5)6,(((7,8)9,10)11,((12,13)14,15)16)17)18)19)20
11	85	(((0,((1,((2,3)4,(5,6)7)8)9,(10,11)12)13)14,15)16,(17,18)19)20
11	86	((0,(1,(2,(3,4)5)6)7)8,(((9,10)11,12)13,(14,(15,16)17)18)19)20
11	87	(0,(1,(((2,3)4,((5,(6,7)8)9,(10,(11,12)13)14)15)16,17)18)19)20
11	88	(((0,1)2,3)4,((5,6)7,(((8,(9,10)11)12,13)14,(15,16)17)18)19)20
11	89	(((((0,((1,(2,(3,4)5)6)7,8)9)10,11)12,(13,14)15)16,17)18,19)20
11	90	((0,(((((1,2)3,4)5,6)7,8)9,((10,11)12,(13,14)15)16)17)18,19)20
11	91	(((0,(1,((2,3)4,5)6)7)8,9)10,((11,(12,13)14)15,(16,17)18)19)20
11	92	(((0,((1,(2,3)4)5,(6,(7,8)9)10)11)12,(13,(14,15)16)17)18,19)20
11	93	(((0,1)2,(3,(((4,5)6,7)8,(9,((10,11)12,13)14)15)16)17)18,19)20
11	94	(0,(((1,(2,((3,4)5,(6,(7,(8,9)10)11)12)13)14)15,16)17,18)19)20
11	95	(0,(1,((2,(((3,(4,5)6)7,(8,9)10)11,(12,13)14)15)16,17)18)19)20
11	96	((((0,(((1,2)3,4)5,(((6,7)8,9)10,11)12)13)14,15)16,17)18,19)20
11	97	(0,((1,(2,(3,(4,5)6)7)8)9,((((10,11)12,13)14,15)16,17)18)19)20
11	98	((0,1)2,((3,(((4,5)6,(7,8)9)10,((11,12)13,14)15)16)17,18)19)20
11	99	((((0,(1,2)3)4,(5,6)7)8,9)10,((11,12)13,((14,15)16,17)18)19)20
