#size tree	index tree	tree
20	0	(0,(1,(2,(3,(4,(5,(6,(7,(8,(9,(10,(11,(12,(13,(14,(15,(16,(17,(18,19)20)21)22)23)24)25)26)27)28)29)30)31)32)33)34)35)36)37)38
20	1	((((0,1)2,(3,(4,5)6)7)8,((9,10)11,(12,(13,14)15)16)17)18,(((19,20)21,(22,(23,24)25)26)27,((28,29)30,(31,(32,33)34)35)36)37)38
20	2	(0,((((((((1,((2,3)4,((5,6)7,8)9)10)11,12)13,14)15,(16,17)18)19,(20,21)22)23,24)25,26)27,(28,(29,(30,(31,32)33)34)35)36)37)38
20	3	((0,(((1,(2,(((3,4)5,6)7,((((8,9)10,11)12,(13,14)15)16,17)18)19)20)21,((22,23)24,(((25,26)27,28)29,30)31)32)33,34)35)36,37)38
20	4	((0,(1,(2,(3,((4,((5,((((6,((7,8)9,(10,(11,12)13)14)15)16,17)18,19)20,21)22)23,(24,25)26)27)28,29)30)31)32)33)34,(35,36)37)38
20	5	((0,(1,(((((2,3)4,(5,((6,(7,(8,9)10)11)12,13)14)15)16,17)18,((19,20)21,22)23)24,25)26)27)28,(29,(30,((31,32)33,34)35)36)37)38
20	6	(((((0,1)2,3)4,((5,(6,7)8)9,(10,(11,12)13)14)15)16,((((17,18)19,(((20,21)22,23)24,(25,26)27)28)29,30)31,32)33)34,(35,36)37)38
20	7	(((0,((((1,(2,3)4)5,(6,(7,(8,9)10)11)12)13,((14,15)16,17)18)19,20)21)22,(((23,24)25,(((26,27)28,29)30,31)32)33,34)35)36,37)38
20	8	(((0,(((1,2)3,4)5,6)7)8,((9,(10,(11,12)13)14)15,16)17)18,((((19,(20,21)22)23,(24,25)26)27,(28,(29,(30,31)32)33)34)35,36)37)38
20	9	((0,1)2,(3,(((4,5)6,(7,(8,((((9,10)11,(((((12,13)14,15)16,17)18,(19,20)21)22,23)24)25,26)27,28)29)30)31)32,(33,34)35)36)37)38
20	10	((((((((0,1)2,3)4,((5,((6,(7,8)9)10,(11,(12,13)14)15)16)17,(18,19)20)21)22,23)24,25)26,(27,28)29)30,(31,32)33)34,(35,36)37)38
20	11	(((0,1)2,(3,4)5)6,(7,(8,((9,((10,(11,((12,13)14,15)16)17)18,(((19,20)21,22)23,(24,(25,26)27)28)29)30)31,(32,33)34)35)36)37)38
20	12	((((0,(1,(2,((3,(4,(5,6)7)8)9,10)11)12)13)14,((15,16)17,(18,(19,20)21)22)23)24,25)26,((((27,28)29,30)31,(32,33)34)35,36)37)38
20	13	(0,(1,(((2,(3,4)5)6,7)8,(9,(((10,(11,12)13)14,((((15,16)17,(18,19)20)21,22)23,(24,((25,26)27,28)29)30)31)32,33)34)35)36)37)38
20	14	(((0,1)2,((((3,4)5,(6,7)8)9,((10,(11,12)13)14,(15,(16,((17,(18,(19,(20,21)22)23)24)25,26)27)28)29)30)31,(32,33)34)35)36,37)38
20	15	(((0,1)2,(((((3,((((((4,5)6,7)8,9)10,11)12,13)14,(15,(16,17)18)19)20)21,(22,(23,24)25)26)27,28)29,30)31,32)33)34,(35,36)37)38
20	16	(0,((((((((1,2)3,4)5,((6,(7,((8,(9,10)11)12,13)14)15)16,17)18)19,20)21,(22,(23,24)25)26)27,28)29,(30,31)32)33,(34,35)36)37)38
20	17	(((0,1)2,((3,(4,(5,(6,7)8)9)10)11,(12,((13,(14,15)16)17,(18,(((19,20)21,22)23,(24,25)26)27)28)29)30)31)32,((33,34)35,36)37)38
20	18	(((0,1)2,((((3,(4,5)6)7,(((8,9)10,11)12,13)14)15,16)17,(((18,19)20,21)22,(23,(((24,25)26,27)28,(29,30)31)32)33)34)35)36,37)38
20	19	((((0,((1,2)3,4)5)6,((7,(8,((9,10)11,12)13)14)15,16)17)18,((((19,(20,21)22)23,24)25,(26,27)28)29,((30,31)32,33)34)35)36,37)38
20	20	(((0,(1,(((((2,3)4,5)6,7)8,(9,10)11)12,(((13,14)15,(16,17)18)19,(20,21)22)23)24)25)26,27)28,(29,(((30,31)32,33)34,35)36)37)38
20	21	((0,1)2,((3,4)5,((6,(((7,(8,(9,(10,(11,12)13)14)15)16)17,18)19,20)21)22,(((23,(24,25)26)27,(28,(29,30)31)32)33,34)35)36)37)38
20	22	(0,((((1,(((2,3)4,5)6,7)8)9,(10,(11,(12,((13,(14,((15,16)17,18)19)20)21,22)23)24)25)26)27,(((28,29)30,31)32,33)34)35,36)37)38
20	23	(((0,1)2,(3,((4,((5,(6,7)8)9,(10,(((11,12)13,(((14,(15,16)17)18,19)20,(21,22)23)24)25,(26,27)28)29)30)31)32,33)34)35)36,37)38
20	24	(((((0,((1,2)3,(4,((5,(6,(7,8)9)10)11,(12,13)14)15)16)17)18,19)20,21)22,((23,24)25,26)27)28,((29,30)31,(32,(33,34)35)36)37)38
20	25	((((0,(((1,2)3,4)5,6)7)8,((((9,10)11,((12,13)14,(15,16)17)18)19,(((20,21)22,23)24,(25,26)27)28)29,(30,31)32)33)34,35)36,37)38
20	26	((0,(((1,(((((2,(((3,((4,5)6,7)8)9,10)11,12)13)14,15)16,17)18,(19,((20,21)22,23)24)25)26,27)28)29,(30,31)32)33,34)35)36,37)38
20	27	(((0,((((((((1,2)3,(4,(5,6)7)8)9,(10,11)12)13,14)15,(16,17)18)19,20)21,22)23,24)25)26,(27,((28,29)30,31)32)33)34,(35,36)37)38
20	28	(0,((((((1,2)3,4)5,((6,7)8,(9,(10,(((11,12)13,((((14,15)16,17)18,19)20,21)22)23,24)25)26)27)28)29,30)31,32)33,(34,35)36)37)38
20	29	(((0,1)2,((3,(4,5)6)7,(((8,(9,(10,(11,((12,13)14,15)16)17)18)19)20,(21,22)23)24,((25,26)27,28)29)30)31)32,(33,(34,35)36)37)38
20	30	((0,(1,(2,3)4)5)6,((7,(8,(9,((((10,(11,12)13)14,15)16,17)18,(19,(20,(21,((22,23)24,(25,26)27)28)29)30)31)32)33)34)35,36)37)38
20	31	((((((0,1)2,3)4,((5,6)7,8)9)10,((((11,12)13,(14,15)16)17,(18,((19,20)21,22)23)24)25,((26,27)28,29)30)31)32,(33,34)35)36,37)38
20	32	(((0,1)2,(((3,4)5,6)7,8)9)10,((11,(12,(((13,(14,(15,16)17)18)19,((20,(21,(22,23)24)25)26,(27,28)29)30)31,32)33)34)35,36)37)38
20	33	((((0,(1,2)3)4,(5,(((6,((7,8)9,10)11)12,(13,(14,15)16)17)18,19)20)21)22,(23,((24,(25,26)27)28,((29,30)31,32)33)34)35)36,37)38
20	34	(((0,(1,(((2,3)4,5)6,7)8)9)10,((11,(((((12,13)14,((15,16)17,(18,(19,20)21)22)23)24,25)26,(27,28)29)30,31)32)33,34)35)36,37)38
20	35	((0,((1,(2,((3,4)5,6)7)8)9,(10,(11,(12,((13,((14,(15,16)17)18,19)20)21,((22,23)24,25)26)27)28)29)30)31)32,(33,(34,35)36)37)38
20	36	(0,(((1,2)3,((4,(((5,6)7,8)9,(10,(11,(12,13)14)15)16)17)18,((19,(20,21)22)23,((24,(25,(26,27)28)29)30,31)32)33)34)35,36)37)38
20	37	(((0,1)2,(((((3,4)5,6)7,8)9,10)11,12)13)14,(15,((16,((((17,18)19,((20,21)22,(23,24)25)26)27,28)29,30)31)32,(33,34)35)36)37)38
20	38	(0,(((1,2)3,4)5,((((6,7)8,9)10,11)12,(((13,14)15,16)17,(((18,(19,20)21)22,23)24,((25,26)27,((28,29)30,31)32)33)34)35)36)37)38
20	39	((0,1)2,(((3,(4,5)6)7,8)9,(10,((((11,(12,13)14)15,16)17,18)19,((20,21)22,(((23,24)25,(26,27)28)29,(30,31)32)33)34)35)36)37)38
20	40	(0,((((1,(2,((3,4)5,((((6,((7,8)9,10)11)12,13)14,15)16,17)18)19)20)21,(22,23)24)25,((26,(27,(28,29)30)31)32,33)34)35,36)37)38
20	41	(((0,((((1,(2,3)4)5,(6,7)8)9,10)11,((12,13)14,(((15,(16,(17,18)19)20)21,(22,((23,24)25,26)27)28)29,30)31)32)33)34,35)36,37)38
20	42	((((0,(1,2)3)4,(5,6)7)8,9)10,(((11,(12,13)14)15,(16,((((17,18)19,(20,21)22)23,(24,25)26)27,(28,29)30)31)32)33,(34,35)36)37)38
20	43	(0,(((1,2)3,(((4,5)6,((7,8)9,10)11)12,(13,14)15)16)17,(((18,((19,20)21,22)23)24,(25,((26,(27,28)29)30,31)32)33)34,35)36)37)38
20	44	(((((0,(1,(2,3)4)5)6,(((7,(8,(9,10)11)12)13,14)15,16)17)18,(19,20)21)22,(23,24)25)26,(((((27,28)29,30)31,32)33,34)35,36)37)38
20	45	(0,((1,(2,(3,(4,(((((5,((((6,7)8,9)10,11)12,13)14)15,(((16,17)18,19)20,21)22)23,(24,25)26)27,28)29,30)31)32)33)34)35,36)37)38
20	46	(((0,1)2,3)4,((((((5,6)7,8)9,10)11,12)13,(((14,15)16,(17,((18,19)20,(((21,(22,23)24)25,26)27,28)29)30)31)32,33)34)35,36)37)38
20	47	(((((((0,(1,2)3)4,((5,(((6,(7,(8,9)10)11)12,(13,(14,15)16)17)18,19)20)21,(22,(23,24)25)26)27)28,29)30,31)32,33)34,35)36,37)38
20	48	(0,((((1,(((2,3)4,5)6,(((7,((8,9)10,(11,12)13)14)15,16)17,(18,(19,20)21)22)23)24)25,(26,(27,28)29)30)31,(32,33)34)35,36)37)38
20	49	(0,(((1,(2,(((((3,(4,(5,(6,(7,8)9)10)11)12)13,14)15,16)17,18)19,((20,21)22,(23,24)25)26)27)28)29,(30,(31,32)33)34)35,36)37)38
20	50	(0,(((1,(((((2,(3,4)5)6,7)8,9)10,11)12,(13,14)15)16)17,(((18,19)20,21)22,((23,24)25,(((26,27)28,29)30,31)32)33)34)35,36)37)38
20	51	(0,((((1,2)3,(4,5)6)7,(((((8,9)10,((11,12)13,14)15)16,17)18,19)20,21)22)23,(((24,25)26,(27,((28,29)30,31)32)33)34,35)36)37)38
20	52	(((((((0,1)2,3)4,(5,6)7)8,9)10,((11,(12,13)14)15,(16,17)18)19)20,((21,(22,(((23,24)25,(26,27)28)29,30)31)32)33,34)35)36,37)38
20	53	(0,(((1,2)3,4)5,(((6,(((7,8)9,10)11,(12,((((13,((14,15)16,17)18)19,(20,21)22)23,(24,25)26)27,28)29)30)31)32,33)34,35)36)37)38
20	54	(((0,1)2,(((3,(4,(((5,6)7,(8,(9,10)11)12)13,(14,(15,(16,17)18)19)20)21)22)23,24)25,(26,((27,(28,29)30)31,32)33)34)35)36,37)38
20	55	(((0,(1,((2,3)4,((5,((6,(7,8)9)10,(11,12)13)14)15,(16,(17,(18,(19,(20,(21,22)23)24)25)26)27)28)29)30)31)32,(33,34)35)36,37)38
20	56	((0,((1,(2,((3,4)5,((6,7)8,(9,(10,11)12)13)14)15)16)17,(((18,19)20,(((21,22)23,(24,25)26)27,(28,29)30)31)32,33)34)35)36,37)38
20	57	(((0,((((1,(((2,3)4,5)6,7)8)9,10)11,((((12,13)14,15)16,(17,18)19)20,21)22)23,(24,(25,(26,27)28)29)30)31)32,33)34,(35,36)37)38
20	58	((0,((((((1,2)3,(4,(5,6)7)8)9,10)11,12)13,(14,15)16)17,(((18,19)20,(21,(22,23)24)25)26,(27,28)29)30)31)32,(33,(34,35)36)37)38
20	59	((0,(1,(2,3)4)5)6,((7,8)9,(((10,((11,((12,13)14,15)16)17,(18,((19,20)21,22)23)24)25)26,((27,28)29,30)31)32,(33,34)35)36)37)38
20	60	(0,(1,(((2,(3,(4,(5,(((6,(7,((8,9)10,((11,12)13,14)15)16)17)18,19)20,(((21,22)23,24)25,26)27)28)29)30)31)32,33)34,35)36)37)38
20	61	(((0,1)2,(3,((4,(5,6)7)8,9)10)11)12,(13,(((14,(((15,16)17,(18,((19,((20,21)22,23)24)25,26)27)28)29,30)31)32,33)34,35)36)37)38
20	62	(((0,(1,(((2,3)4,5)6,7)8)9)10,11)12,(((13,14)15,16)17,(18,(19,(((20,((21,(22,23)24)25,(26,27)28)29)30,31)32,33)34)35)36)37)38
20	63	(0,(1,(2,(((((3,4)5,6)7,(((8,(((9,10)11,12)13,((14,15)16,17)18)19)20,21)22,23)24)25,(26,(27,(28,29)30)31)32)33,34)35)36)37)38
20	64	(((0,((1,(2,((3,((4,((5,6)7,8)9)10,11)12)13,((14,(15,16)17)18,(19,20)21)22)23)24)25,26)27)28,(29,30)31)32,((33,34)35,36)37)38
20	65	(((0,((1,(2,((3,4)5,((((6,7)8,9)10,11)12,(((13,14)15,16)17,18)19)20)21)22)23,24)25)26,((27,28)29,(30,31)32)33)34,(35,36)37)38
20	66	((((((0,(1,(((((2,(((3,4)5,6)7,8)9)10,11)12,(13,14)15)16,17)18,19)20)21)22,23)24,25)26,27)28,(29,(30,(31,32)33)34)35)36,37)38
20	67	(((0,1)2,((((3,((4,(5,6)7)8,9)10)11,(12,(13,14)15)16)17,18)19,((20,(21,(((22,(23,24)25)26,27)28,29)30)31)32,33)34)35)36,37)38
20	68	((0,((((1,(2,3)4)5,6)7,8)9,(((10,11)12,13)14,((15,(16,(17,((18,19)20,((21,22)23,(24,25)26)27)28)29)30)31,32)33)34)35)36,37)38
20	69	(((0,((1,2)3,4)5)6,7)8,(((9,(10,11)12)13,14)15,(16,((17,18)19,((20,((21,(22,(23,24)25)26)27,28)29)30,(31,32)33)34)35)36)37)38
20	70	(((0,1)2,((3,4)5,((6,7)8,((9,10)11,(((((12,13)14,15)16,((17,18)19,(20,21)22)23)24,(25,26)27)28,(29,30)31)32)33)34)35)36,37)38
20	71	((0,(1,((((2,3)4,5)6,(7,((8,(9,10)11)12,((13,14)15,(16,17)18)19)20)21)22,23)24)25)26,(27,(((28,29)30,31)32,(33,34)35)36)37)38
20	72	((((0,(1,((2,3)4,5)6)7)8,(9,10)11)12,(13,14)15)16,(((17,18)19,(((20,(21,22)23)24,(25,(26,(27,28)29)30)31)32,33)34)35,36)37)38
20	73	(0,(1,((((((2,3)4,(((5,6)7,(8,(9,10)11)12)13,14)15)16,(17,18)19)20,21)22,23)24,(25,((26,(27,(28,29)30)31)32,33)34)35)36)37)38
20	74	(0,((((1,(2,((3,(((4,5)6,7)8,9)10)11,12)13)14)15,(16,17)18)19,(20,((21,22)23,(24,25)26)27)28)29,(((30,31)32,33)34,35)36)37)38
20	75	(((0,1)2,(((3,(4,((((5,6)7,((((8,(9,10)11)12,13)14,15)16,(17,18)19)20)21,22)23,24)25)26)27,28)29,(30,31)32)33)34,(35,36)37)38
20	76	((0,(1,(((2,3)4,((5,((((6,7)8,9)10,11)12,13)14)15,16)17)18,(((19,20)21,22)23,(((24,(25,26)27)28,29)30,31)32)33)34)35)36,37)38
20	77	((0,1)2,(3,(((4,(5,6)7)8,((9,10)11,((12,((13,14)15,(16,17)18)19)20,(21,(22,23)24)25)26)27)28,((29,30)31,(32,33)34)35)36)37)38
20	78	(0,(1,(2,((((3,((4,((5,(6,7)8)9,10)11)12,(13,14)15)16)17,18)19,(20,21)22)23,((24,((25,(26,27)28)29,30)31)32,33)34)35)36)37)38
20	79	(((0,1)2,(3,((((4,(5,6)7)8,((9,(10,11)12)13,((14,(15,((16,17)18,19)20)21)22,23)24)25)26,(27,(28,29)30)31)32,33)34)35)36,37)38
20	80	((((0,1)2,(3,((((((4,5)6,(7,((((8,9)10,11)12,(13,14)15)16,(17,(18,19)20)21)22)23)24,25)26,27)28,29)30,31)32)33)34,35)36,37)38
20	81	(0,(((1,(2,(3,(4,(5,6)7)8)9)10)11,12)13,(14,(((15,16)17,((18,(19,(20,21)22)23)24,(25,((26,27)28,29)30)31)32)33,34)35)36)37)38
20	82	(0,((1,(2,(((3,((4,5)6,((7,((8,9)10,(11,12)13)14)15,(16,17)18)19)20)21,(22,23)24)25,((26,27)28,(29,30)31)32)33)34)35,36)37)38
20	83	((0,(1,(((2,3)4,((5,(6,7)8)9,10)11)12,(13,((((14,((15,16)17,18)19)20,(21,(22,(23,24)25)26)27)28,29)30,31)32)33)34)35)36,37)38
20	84	((((0,((1,(2,((((3,(4,5)6)7,(8,(9,10)11)12)13,(14,15)16)17,18)19)20)21,(22,(23,(24,25)26)27)28)29)30,31)32,33)34,(35,36)37)38
20	85	(((0,1)2,((3,(4,5)6)7,((8,9)10,(((11,12)13,((14,((15,16)17,((18,19)20,(21,22)23)24)25)26,27)28)29,(30,31)32)33)34)35)36,37)38
20	86	((0,((((1,2)3,4)5,6)7,8)9)10,((((((11,12)13,14)15,(16,17)18)19,((20,21)22,((23,(24,(25,26)27)28)29,30)31)32)33,34)35,36)37)38
20	87	((0,(((((1,2)3,((4,5)6,(7,8)9)10)11,(((12,((13,14)15,16)17)18,(19,(20,21)22)23)24,25)26)27,28)29,30)31)32,(33,(34,35)36)37)38
20	88	((0,(1,((2,((3,(4,5)6)7,(((8,9)10,11)12,13)14)15)16,17)18)19)20,(((21,22)23,24)25,((((26,(27,28)29)30,31)32,33)34,35)36)37)38
20	89	((0,((((1,2)3,((4,5)6,(7,((8,((9,(10,11)12)13,14)15)16,17)18)19)20)21,(22,23)24)25,(26,27)28)29)30,(((31,32)33,34)35,36)37)38
20	90	((((((0,1)2,3)4,5)6,((7,((8,9)10,11)12)13,(((14,15)16,17)18,(((19,(20,21)22)23,(24,25)26)27,(28,29)30)31)32)33)34,35)36,37)38
20	91	((0,(1,2)3)4,(5,(6,(((((7,((8,((9,10)11,(12,13)14)15)16,17)18)19,((20,21)22,23)24)25,((26,27)28,29)30)31,32)33,34)35)36)37)38
20	92	(0,(1,(((2,((3,4)5,(6,7)8)9)10,11)12,((((13,((14,(15,16)17)18,((19,((20,21)22,23)24)25,26)27)28)29,30)31,32)33,34)35)36)37)38
20	93	((0,(((1,((((2,3)4,5)6,(7,8)9)10,(((11,12)13,(14,15)16)17,18)19)20)21,((22,23)24,(25,26)27)28)29,(30,31)32)33)34,(35,36)37)38
20	94	((0,1)2,((3,4)5,(((((((6,(((7,8)9,(10,(11,12)13)14)15,16)17)18,19)20,21)22,((23,24)25,26)27)28,29)30,(31,32)33)34,35)36)37)38
20	95	(((((0,1)2,3)4,5)6,(((7,((8,9)10,11)12)13,(((14,15)16,17)18,19)20)21,22)23)24,(((25,(((26,27)28,29)30,31)32)33,34)35,36)37)38
20	96	(((0,((1,2)3,(((4,5)6,(7,(8,(9,10)11)12)13)14,15)16)17)18,(19,((((20,21)22,23)24,(25,26)27)28,(29,(30,31)32)33)34)35)36,37)38
20	97	((0,((1,((((((2,(((3,((4,5)6,7)8)9,(10,(11,12)13)14)15,16)17)18,19)20,21)22,23)24,25)26,((27,28)29,30)31)32)33,34)35)36,37)38
20	98	(0,(((1,(((2,3)4,(((5,(6,(7,8)9)10)11,(12,(13,(14,15)16)17)18)19,(20,21)22)23)24,(25,26)27)28)29,30)31,((32,33)34,35)36)37)38
20	99	(((0,((1,(2,((((3,4)5,6)7,8)9,(10,11)12)13)14)15,16)17)18,(19,20)21)22,((23,(((24,(25,26)27)28,29)30,31)32)33,(34,35)36)37)38
