#size tree	index tree	tree
6	0	(0,(1,(2,(3,(4,5)6)7)8)9)10
6	1	((0,(1,2)3)4,(5,(6,7)8)9)10
6	2	(0,(1,(((2,3)4,5)6,7)8)9)10
6	3	(0,(1,((2,(3,4)5)6,7)8)9)10
6	4	(0,(((1,(2,3)4)5,6)7,8)9)10
6	5	(0,((1,2)3,(4,(5,6)7)8)9)10
6	6	(((0,1)2,((3,4)5,6)7)8,9)10
6	7	(0,((1,2)3,(4,(5,6)7)8)9)10
6	8	((((0,1)2,(3,4)5)6,7)8,9)10
6	9	((0,((1,(2,3)4)5,6)7)8,9)10
6	10	(((0,(1,2)3)4,5)6,(7,8)9)10
6	11	(0,((((1,2)3,4)5,6)7,8)9)10
6	12	((0,1)2,((3,4)5,(6,7)8)9)10
6	13	(((0,1)2,3)4,((5,6)7,8)9)10
6	14	(((0,1)2,(3,4)5)6,(7,8)9)10
6	15	(0,(((1,2)3,4)5,(6,7)8)9)10
6	16	((((0,(1,2)3)4,5)6,7)8,9)10
6	17	(0,(1,(2,((3,4)5,6)7)8)9)10
6	18	(0,(((1,2)3,4)5,(6,7)8)9)10
6	19	((0,((1,2)3,(4,5)6)7)8,9)10
6	20	((0,(1,2)3)4,(5,(6,7)8)9)10
6	21	(0,(((1,(2,3)4)5,6)7,8)9)10
6	22	(((0,1)2,(3,4)5)6,(7,8)9)10
6	23	((0,(1,2)3)4,(5,(6,7)8)9)10
6	24	((0,1)2,((3,4)5,(6,7)8)9)10
6	25	(0,(1,(((2,3)4,5)6,7)8)9)10
6	26	(((0,((1,2)3,4)5)6,7)8,9)10
6	27	(0,(1,(2,((3,4)5,6)7)8)9)10
6	28	(0,(1,((2,(3,4)5)6,7)8)9)10
6	29	(((0,1)2,(3,4)5)6,(7,8)9)10
6	30	(0,(((1,2)3,4)5,(6,7)8)9)10
6	31	(0,(((1,2)3,(4,5)6)7,8)9)10
6	32	(0,((1,(2,3)4)5,(6,7)8)9)10
6	33	((((0,1)2,3)4,5)6,(7,8)9)10
6	34	(((((0,1)2,3)4,5)6,7)8,9)10
6	35	(0,(1,((2,(3,4)5)6,7)8)9)10
6	36	(0,(1,(2,((3,4)5,6)7)8)9)10
6	37	(0,((1,(2,(3,4)5)6)7,8)9)10
6	38	(0,((((1,2)3,4)5,6)7,8)9)10
6	39	((0,1)2,((3,(4,5)6)7,8)9)10
6	40	((0,(1,((2,3)4,5)6)7)8,9)10
6	41	(0,((1,2)3,(4,(5,6)7)8)9)10
6	42	((0,(1,(2,3)4)5)6,(7,8)9)10
6	43	((((0,(1,2)3)4,5)6,7)8,9)10
6	44	(0,(1,((2,3)4,(5,6)7)8)9)10
6	45	((0,1)2,(((3,4)5,6)7,8)9)10
6	46	((0,(1,(2,3)4)5)6,(7,8)9)10
6	47	((0,1)2,(3,(4,(5,6)7)8)9)10
6	48	((0,1)2,(3,((4,5)6,7)8)9)10
6	49	((0,1)2,(((3,4)5,6)7,8)9)10
6	50	((0,(1,(2,3)4)5)6,(7,8)9)10
6	51	(0,((1,2)3,(4,(5,6)7)8)9)10
6	52	(0,(1,(2,(3,(4,5)6)7)8)9)10
6	53	((((0,(1,2)3)4,5)6,7)8,9)10
6	54	(0,(((1,2)3,4)5,(6,7)8)9)10
6	55	(0,(((1,2)3,4)5,(6,7)8)9)10
6	56	((0,1)2,((3,(4,5)6)7,8)9)10
6	57	(0,(1,((2,(3,4)5)6,7)8)9)10
6	58	((((0,1)2,3)4,(5,6)7)8,9)10
6	59	(0,(((1,2)3,(4,5)6)7,8)9)10
6	60	((0,((1,2)3,4)5)6,(7,8)9)10
6	61	(0,((1,((2,3)4,5)6)7,8)9)10
6	62	(((0,(1,2)3)4,(5,6)7)8,9)10
6	63	(0,(1,(2,((3,4)5,6)7)8)9)10
6	64	((0,1)2,((3,4)5,(6,7)8)9)10
6	65	((0,((1,(2,3)4)5,6)7)8,9)10
6	66	(0,((1,2)3,((4,5)6,7)8)9)10
6	67	(((0,(1,2)3)4,5)6,(7,8)9)10
6	68	((0,1)2,(3,((4,5)6,7)8)9)10
6	69	(0,(((1,2)3,4)5,(6,7)8)9)10
6	70	(((0,1)2,(3,(4,5)6)7)8,9)10
6	71	((0,(1,(2,(3,4)5)6)7)8,9)10
6	72	(0,((1,(2,(3,4)5)6)7,8)9)10
6	73	(0,(1,(((2,3)4,5)6,7)8)9)10
6	74	(0,(((1,(2,3)4)5,6)7,8)9)10
6	75	((0,((1,2)3,4)5)6,(7,8)9)10
6	76	(0,((1,2)3,(4,(5,6)7)8)9)10
6	77	(((0,1)2,3)4,((5,6)7,8)9)10
6	78	((((0,1)2,3)4,(5,6)7)8,9)10
6	79	((0,(1,((2,3)4,5)6)7)8,9)10
6	80	(((0,1)2,(3,(4,5)6)7)8,9)10
6	81	((0,(1,2)3)4,(5,(6,7)8)9)10
6	82	(0,((1,(2,3)4)5,(6,7)8)9)10
6	83	((0,1)2,(((3,4)5,6)7,8)9)10
6	84	((0,1)2,((3,(4,5)6)7,8)9)10
6	85	((0,((1,2)3,(4,5)6)7)8,9)10
6	86	(((0,1)2,(3,(4,5)6)7)8,9)10
6	87	((((0,1)2,3)4,(5,6)7)8,9)10
6	88	(((0,1)2,((3,4)5,6)7)8,9)10
6	89	((((0,1)2,3)4,(5,6)7)8,9)10
6	90	(0,(1,((2,3)4,(5,6)7)8)9)10
6	91	(((0,(1,2)3)4,(5,6)7)8,9)10
6	92	((0,1)2,(3,((4,5)6,7)8)9)10
6	93	((0,((1,2)3,4)5)6,(7,8)9)10
6	94	(((0,((1,2)3,4)5)6,7)8,9)10
6	95	((0,(1,((2,3)4,5)6)7)8,9)10
6	96	((0,1)2,(3,(4,(5,6)7)8)9)10
6	97	((0,1)2,((3,(4,5)6)7,8)9)10
6	98	(0,((1,2)3,(4,(5,6)7)8)9)10
6	99	(0,((((1,2)3,4)5,6)7,8)9)10
