#size tree	index tree	tree
21	0	(0,(1,(2,(3,(4,(5,(6,(7,(8,(9,(10,(11,(12,(13,(14,(15,(16,(17,(18,(19,20)21)22)23)24)25)26)27)28)29)30)31)32)33)34)35)36)37)38)39)40
21	1	((((0,1)2,(3,(4,5)6)7)8,((9,10)11,(12,(13,14)15)16)17)18,(((19,20)21,(22,(23,24)25)26)27,((28,(29,30)31)32,(33,(34,35)36)37)38)39)40
21	2	((((0,((1,(2,(((3,(4,(((5,(6,7)8)9,10)11,(12,(13,(14,15)16)17)18)19)20)21,22)23,(24,25)26)27)28)29,30)31)32,(33,34)35)36,37)38,39)40
21	3	((0,1)2,(3,(4,((((5,(6,7)8)9,(10,11)12)13,(((((14,((15,16)17,18)19)20,21)22,(23,24)25)26,(27,28)29)30,(31,32)33)34)35,36)37)38)39)40
21	4	(0,(((1,(2,3)4)5,(((6,7)8,9)10,((((((11,((12,13)14,15)16)17,18)19,20)21,(22,23)24)25,(26,27)28)29,(30,(31,32)33)34)35)36)37,38)39)40
21	5	(0,(1,(((((2,3)4,((5,6)7,(8,(9,10)11)12)13)14,(((15,16)17,18)19,(20,((21,(22,23)24)25,26)27)28)29)30,((31,32)33,34)35)36,37)38)39)40
21	6	(((0,1)2,((3,((4,5)6,7)8)9,10)11)12,((((((13,((14,15)16,17)18)19,(20,21)22)23,(24,25)26)27,28)29,(30,(31,32)33)34)35,(36,37)38)39)40
21	7	(((0,((1,2)3,(4,(5,((6,(7,8)9)10,(11,(12,13)14)15)16)17)18)19)20,(21,22)23)24,(25,(((26,(27,((28,29)30,31)32)33)34,35)36,37)38)39)40
21	8	(((((0,(1,2)3)4,5)6,(7,(8,((9,10)11,12)13)14)15)16,(((17,((18,(19,(20,21)22)23)24,25)26)27,28)29,30)31)32,((33,(34,35)36)37,38)39)40
21	9	((((0,((((1,2)3,4)5,6)7,(((8,9)10,11)12,13)14)15)16,(17,18)19)20,(((21,(22,(23,(24,25)26)27)28)29,(30,31)32)33,34)35)36,(37,38)39)40
21	10	((((0,(((1,2)3,4)5,6)7)8,(9,10)11)12,(13,((((14,15)16,(17,18)19)20,(21,22)23)24,((25,26)27,(((28,29)30,31)32,33)34)35)36)37)38,39)40
21	11	((0,((1,2)3,((4,(5,(6,7)8)9)10,((11,12)13,14)15)16)17)18,((19,(20,(21,(((22,((23,(24,25)26)27,28)29)30,31)32,33)34)35)36)37,38)39)40
21	12	(((0,1)2,3)4,((5,6)7,((8,(9,10)11)12,(13,((((14,((15,16)17,((18,19)20,21)22)23)24,((25,26)27,28)29)30,(31,32)33)34,35)36)37)38)39)40
21	13	(0,((1,(2,(3,(((((4,5)6,(7,(((8,(9,10)11)12,(13,14)15)16,17)18)19)20,(21,22)23)24,((25,26)27,28)29)30,31)32)33)34)35,(36,37)38)39)40
21	14	((((((0,1)2,3)4,5)6,(7,8)9)10,((11,(12,(13,((14,(15,(16,17)18)19)20,(21,22)23)24)25)26)27,(28,((29,30)31,32)33)34)35)36,(37,38)39)40
21	15	((0,(((1,2)3,4)5,(((((6,(7,(((8,9)10,11)12,13)14)15)16,((17,18)19,20)21)22,23)24,(25,26)27)28,29)30)31)32,(33,(34,(35,36)37)38)39)40
21	16	((0,(1,2)3)4,((5,(6,7)8)9,((10,(11,(((12,13)14,15)16,17)18)19)20,((21,(((22,23)24,(25,26)27)28,(29,(30,31)32)33)34)35,36)37)38)39)40
21	17	(((0,(((((1,(2,(3,4)5)6)7,8)9,((10,(11,(12,13)14)15)16,17)18)19,(20,(21,22)23)24)25,(((26,27)28,29)30,31)32)33)34,(35,36)37)38,39)40
21	18	(((0,((((((((1,2)3,4)5,6)7,8)9,(10,((11,(12,(13,((14,15)16,17)18)19)20)21,22)23)24)25,26)27,28)29,30)31)32,33)34,(35,(36,37)38)39)40
21	19	((0,(((1,(((2,3)4,(5,(6,7)8)9)10,(11,((12,(13,14)15)16,17)18)19)20)21,(((22,((23,24)25,(26,27)28)29)30,31)32,33)34)35,36)37)38,39)40
21	20	((((0,1)2,3)4,(5,(6,(7,(((((8,9)10,11)12,(13,14)15)16,17)18,((19,(20,21)22)23,(24,((25,(26,27)28)29,30)31)32)33)34)35)36)37)38,39)40
21	21	((0,(1,(((2,3)4,(5,6)7)8,((9,(10,(((11,12)13,(14,(((15,(16,17)18)19,(20,21)22)23,24)25)26)27,(28,29)30)31)32)33,34)35)36)37)38,39)40
21	22	(0,(1,(2,(((3,((4,5)6,7)8)9,(((10,11)12,(13,((14,15)16,(17,((18,19)20,(21,22)23)24)25)26)27)28,((29,30)31,32)33)34)35,36)37)38)39)40
21	23	((0,((1,((((2,(3,((4,5)6,((((7,8)9,(10,(11,12)13)14)15,16)17,18)19)20)21)22,(23,24)25)26,27)28,29)30)31,(32,33)34)35)36,(37,38)39)40
21	24	(0,((1,((2,((3,4)5,6)7)8,(9,(((10,11)12,13)14,((15,((16,(17,18)19)20,21)22)23,24)25)26)27)28)29,((30,(31,(32,33)34)35)36,37)38)39)40
21	25	(0,((1,(((((2,3)4,(5,6)7)8,9)10,11)12,(((13,((14,15)16,17)18)19,20)21,(22,((23,24)25,26)27)28)29)30)31,((32,(33,34)35)36,37)38)39)40
21	26	((((((((((0,(1,2)3)4,5)6,(7,8)9)10,11)12,13)14,15)16,(17,(((18,19)20,21)22,(23,(((24,25)26,27)28,29)30)31)32)33)34,35)36,37)38,39)40
21	27	((((0,1)2,(((3,((4,5)6,7)8)9,(10,11)12)13,14)15)16,17)18,(19,(20,(21,((((22,23)24,(25,26)27)28,29)30,(31,(32,33)34)35)36)37)38)39)40
21	28	((0,((((1,2)3,(((4,(5,(6,7)8)9)10,11)12,13)14)15,16)17,18)19)20,(((21,(22,23)24)25,((26,27)28,29)30)31,(32,((33,34)35,36)37)38)39)40
21	29	(((0,((1,2)3,4)5)6,(7,8)9)10,(11,(((((12,((13,(14,((15,16)17,18)19)20)21,22)23)24,25)26,((27,28)29,30)31)32,33)34,(35,36)37)38)39)40
21	30	(((((0,((1,2)3,4)5)6,7)8,(9,((((10,11)12,13)14,((15,((16,(17,(18,19)20)21)22,23)24)25,26)27)28,((29,30)31,32)33)34)35)36,37)38,39)40
21	31	((((((0,1)2,((3,4)5,(((((6,7)8,9)10,(((((11,12)13,14)15,(16,17)18)19,20)21,22)23)24,25)26,27)28)29)30,31)32,(33,34)35)36,37)38,39)40
21	32	((0,((1,(((2,3)4,5)6,((7,((8,9)10,(11,(12,13)14)15)16)17,(18,19)20)21)22)23,24)25)26,(((27,((28,(29,30)31)32,33)34)35,36)37,38)39)40
21	33	((0,((1,(((2,3)4,5)6,(7,(((8,(9,(10,11)12)13)14,(15,(16,((17,(18,19)20)21,22)23)24)25)26,27)28)29)30)31,((32,33)34,35)36)37)38,39)40
21	34	(0,((1,((((((2,3)4,(5,((((6,((7,8)9,10)11)12,(13,14)15)16,(((17,18)19,20)21,22)23)24,25)26)27)28,29)30,31)32,33)34,35)36)37,38)39)40
21	35	(((((0,(1,((((2,3)4,5)6,(((7,8)9,10)11,12)13)14,(15,16)17)18)19)20,((21,(22,((23,24)25,26)27)28)29,30)31)32,33)34,(35,36)37)38,39)40
21	36	((0,((((1,(2,3)4)5,(((6,7)8,(((9,10)11,12)13,14)15)16,((17,(18,19)20)21,(((22,23)24,25)26,27)28)29)30)31,32)33,34)35)36,(37,38)39)40
21	37	(((0,1)2,(((((3,4)5,((((6,7)8,9)10,11)12,13)14)15,16)17,((18,((19,((20,(21,22)23)24,25)26)27,28)29)30,31)32)33,(34,35)36)37)38,39)40
21	38	(0,(1,((2,(3,(4,5)6)7)8,((9,((10,11)12,((13,14)15,16)17)18)19,((20,21)22,(23,((24,25)26,((27,28)29,(30,31)32)33)34)35)36)37)38)39)40
21	39	((((0,(((((1,(((2,3)4,5)6,7)8)9,(10,(11,(12,13)14)15)16)17,18)19,(20,21)22)23,24)25)26,27)28,(29,((30,(31,32)33)34,35)36)37)38,39)40
21	40	(((((((0,(1,2)3)4,5)6,(7,(8,((9,10)11,(12,(13,14)15)16)17)18)19)20,(21,22)23)24,(25,26)27)28,29)30,(31,(32,((33,34)35,36)37)38)39)40
21	41	((((0,1)2,((3,4)5,6)7)8,((9,(((10,((11,12)13,14)15)16,17)18,(19,(20,(21,22)23)24)25)26)27,((28,((29,30)31,32)33)34,35)36)37)38,39)40
21	42	(0,((((1,(2,3)4)5,(6,(((((7,8)9,(((10,(11,12)13)14,15)16,17)18)19,20)21,(22,23)24)25,26)27)28)29,30)31,(32,(33,(34,35)36)37)38)39)40
21	43	(((0,((1,2)3,(4,5)6)7)8,(9,(((10,11)12,13)14,15)16)17)18,((19,20)21,(((((22,23)24,25)26,((27,28)29,(30,31)32)33)34,35)36,37)38)39)40
21	44	(((0,(((1,((((2,3)4,5)6,7)8,9)10)11,12)13,(((((14,15)16,17)18,(19,20)21)22,23)24,25)26)27)28,(((29,30)31,(32,33)34)35,36)37)38,39)40
21	45	((0,(1,((2,3)4,(((5,(6,((7,8)9,10)11)12)13,14)15,16)17)18)19)20,(((21,(22,23)24)25,((26,(27,28)29)30,(31,32)33)34)35,(36,37)38)39)40
21	46	(((0,((1,((2,3)4,5)6)7,8)9)10,(((11,(12,(13,((14,((15,16)17,(18,(19,20)21)22)23)24,25)26)27)28)29,30)31,32)33)34,(35,(36,37)38)39)40
21	47	((0,(1,2)3)4,((5,6)7,((8,(9,10)11)12,(((13,14)15,((16,17)18,19)20)21,((((22,23)24,((25,(26,27)28)29,30)31)32,33)34,35)36)37)38)39)40
21	48	((((0,(1,2)3)4,5)6,7)8,((((9,((10,11)12,(13,(((14,(15,(((16,17)18,19)20,21)22)23)24,25)26,(27,28)29)30)31)32)33,34)35,36)37,38)39)40
21	49	(0,(((((1,((2,3)4,5)6)7,(((8,(9,10)11)12,(13,(14,15)16)17)18,(19,20)21)22)23,24)25,(26,27)28)29,((30,31)32,(33,(34,35)36)37)38)39)40
21	50	((0,((1,(2,((((3,4)5,6)7,(((8,9)10,(11,12)13)14,15)16)17,(18,(((((19,20)21,22)23,24)25,(26,27)28)29,30)31)32)33)34)35,36)37)38,39)40
21	51	((0,(1,((2,(3,((4,(((5,6)7,8)9,((((10,(11,12)13)14,(15,16)17)18,19)20,((21,22)23,(24,25)26)27)28)29)30,31)32)33)34,35)36)37)38,39)40
21	52	((0,(((1,((((((((2,(3,4)5)6,((7,8)9,10)11)12,13)14,15)16,(17,(18,19)20)21)22,23)24,25)26,(27,28)29)30)31,32)33,34)35)36,(37,38)39)40
21	53	((0,1)2,(((((3,(((4,5)6,7)8,9)10)11,(12,13)14)15,((16,17)18,((19,(20,(21,22)23)24)25,26)27)28)29,(((30,31)32,33)34,35)36)37,38)39)40
21	54	(((0,(1,2)3)4,(5,6)7)8,((((9,(((10,11)12,(13,14)15)16,((17,18)19,20)21)22)23,24)25,26)27,(28,((29,((30,31)32,33)34)35,36)37)38)39)40
21	55	((0,((1,2)3,((4,5)6,(((((7,8)9,10)11,12)13,((((14,15)16,17)18,(19,(20,21)22)23)24,25)26)27,(28,((29,30)31,32)33)34)35)36)37)38,39)40
21	56	((0,((1,(2,((3,((4,5)6,7)8)9,(((10,(11,12)13)14,15)16,17)18)19)20)21,(22,(((23,24)25,(26,27)28)29,30)31)32)33)34,(35,(36,37)38)39)40
21	57	(0,((((1,(2,((((3,(4,(5,6)7)8)9,(10,11)12)13,(14,(15,16)17)18)19,((20,21)22,23)24)25)26)27,((28,29)30,31)32)33,(34,35)36)37,38)39)40
21	58	(((((0,(1,2)3)4,5)6,(((7,8)9,10)11,((12,13)14,15)16)17)18,((19,20)21,22)23)24,(25,(26,((27,(28,(29,30)31)32)33,(34,35)36)37)38)39)40
21	59	((((((0,1)2,(((3,((4,5)6,7)8)9,10)11,12)13)14,15)16,(((17,(18,19)20)21,((22,23)24,(25,26)27)28)29,30)31)32,(33,34)35)36,(37,38)39)40
21	60	(((((0,(1,2)3)4,(5,((6,((7,8)9,(10,11)12)13)14,15)16)17)18,((19,20)21,((22,23)24,(25,26)27)28)29)30,31)32,((33,34)35,(36,37)38)39)40
21	61	(0,(((((1,(2,3)4)5,(6,7)8)9,((10,((((11,(12,13)14)15,16)17,18)19,(((20,21)22,23)24,25)26)27)28,((29,30)31,32)33)34)35,36)37,38)39)40
21	62	((((0,(((1,2)3,4)5,(6,7)8)9)10,(11,12)13)14,((15,16)17,(((18,(19,20)21)22,((23,(24,25)26)27,28)29)30,31)32)33)34,(35,(36,37)38)39)40
21	63	(0,((1,2)3,((4,(((((5,(((((6,7)8,9)10,11)12,(13,14)15)16,17)18)19,(20,21)22)23,((24,25)26,27)28)29,30)31,32)33)34,(35,36)37)38)39)40
21	64	(0,(1,(((((2,3)4,(5,(6,7)8)9)10,(11,12)13)14,((15,16)17,18)19)20,(((21,22)23,24)25,(((((26,27)28,29)30,31)32,33)34,35)36)37)38)39)40
21	65	(0,(((1,2)3,4)5,(((6,7)8,((9,10)11,((((12,13)14,15)16,17)18,(19,(((20,(21,22)23)24,(25,26)27)28,(29,30)31)32)33)34)35)36,37)38)39)40
21	66	(0,((1,2)3,((((4,((5,6)7,8)9)10,11)12,((13,14)15,((16,17)18,(((19,((20,21)22,((23,24)25,26)27)28)29,30)31,32)33)34)35)36,37)38)39)40
21	67	((((0,1)2,(((3,((((4,(5,6)7)8,(9,10)11)12,(13,14)15)16,((17,(18,19)20)21,(22,23)24)25)26)27,(28,29)30)31,32)33)34,35)36,(37,38)39)40
21	68	((0,((((1,((2,((3,4)5,6)7)8,9)10)11,12)13,(14,(15,16)17)18)19,20)21)22,((23,(((24,(((25,26)27,28)29,30)31)32,33)34,35)36)37,38)39)40
21	69	((((0,((1,((2,(3,4)5)6,7)8)9,10)11)12,(13,14)15)16,(17,((18,(19,(((20,21)22,(23,24)25)26,27)28)29)30,((31,32)33,34)35)36)37)38,39)40
21	70	((0,1)2,(((3,4)5,6)7,((((8,((((9,10)11,12)13,14)15,((16,(17,(18,((19,20)21,22)23)24)25)26,27)28)29)30,(31,32)33)34,35)36,37)38)39)40
21	71	((0,1)2,(((3,(4,(5,(((((6,7)8,9)10,((((11,12)13,((14,15)16,(17,18)19)20)21,22)23,24)25)26,27)28,(29,30)31)32)33)34)35,36)37,38)39)40
21	72	(((0,(1,(2,(3,4)5)6)7)8,((((9,(10,11)12)13,(14,15)16)17,(18,((19,20)21,22)23)24)25,26)27)28,(((29,(30,(31,32)33)34)35,36)37,38)39)40
21	73	(0,((((1,(((2,3)4,5)6,7)8)9,((10,11)12,13)14)15,(16,(17,((18,((19,20)21,22)23)24,(((25,26)27,28)29,(30,31)32)33)34)35)36)37,38)39)40
21	74	(((((0,(1,2)3)4,((((5,(6,(7,((8,9)10,(11,12)13)14)15)16)17,(18,((19,20)21,22)23)24)25,(26,27)28)29,30)31)32,33)34,(35,36)37)38,39)40
21	75	(((0,(1,2)3)4,((5,6)7,((8,9)10,(((((11,12)13,14)15,(16,17)18)19,(20,21)22)23,24)25)26)27)28,((29,30)31,((32,33)34,(35,36)37)38)39)40
21	76	((((((0,1)2,(3,4)5)6,(7,8)9)10,(((11,(12,13)14)15,(16,17)18)19,20)21)22,23)24,(((25,(26,(27,28)29)30)31,32)33,((34,35)36,37)38)39)40
21	77	((0,1)2,((((((3,(4,5)6)7,(8,(9,(10,((11,12)13,(14,(15,(16,17)18)19)20)21)22)23)24)25,(26,27)28)29,(30,31)32)33,34)35,(36,37)38)39)40
21	78	((0,(1,(2,((3,((4,(((5,6)7,((8,(((9,10)11,(12,((13,14)15,16)17)18)19,(20,21)22)23)24,25)26)27,28)29)30,31)32)33,34)35)36)37)38,39)40
21	79	(((0,1)2,(((3,4)5,6)7,(8,(((9,10)11,((12,(13,14)15)16,((17,18)19,(((20,(21,(22,23)24)25)26,27)28,29)30)31)32)33,34)35)36)37)38,39)40
21	80	((0,1)2,(3,(4,((5,(6,(7,((8,((9,10)11,12)13)14,((15,((16,(17,(18,19)20)21)22,(23,(24,25)26)27)28)29,30)31)32)33)34)35,36)37)38)39)40
21	81	(0,(((((((1,2)3,4)5,6)7,(8,((9,(10,((11,12)13,14)15)16)17,18)19)20)21,22)23,(((24,(25,26)27)28,(29,30)31)32,33)34)35,(36,37)38)39)40
21	82	(0,(((1,((2,((((3,4)5,(6,(7,8)9)10)11,(12,(13,((14,15)16,17)18)19)20)21,22)23)24,25)26)27,(28,(29,((30,31)32,33)34)35)36)37,38)39)40
21	83	(((0,((1,((((2,(((3,(4,((5,6)7,8)9)10)11,12)13,(14,15)16)17)18,19)20,(21,22)23)24,25)26)27,28)29)30,(31,(32,(33,34)35)36)37)38,39)40
21	84	(0,((((1,((((((((2,3)4,5)6,7)8,9)10,11)12,(13,14)15)16,(17,18)19)20,21)22)23,(((24,(25,26)27)28,29)30,(31,32)33)34)35,36)37,38)39)40
21	85	(((0,1)2,3)4,((((5,(6,(((7,((8,(9,(10,(((11,12)13,14)15,16)17)18)19)20,(21,(22,23)24)25)26)27,28)29,30)31)32)33,34)35,36)37,38)39)40
21	86	((((((0,1)2,3)4,(5,((6,(7,8)9)10,11)12)13)14,((15,16)17,18)19)20,(21,((((22,23)24,25)26,27)28,29)30)31)32,(33,(34,(35,36)37)38)39)40
21	87	((0,1)2,(((3,4)5,6)7,((8,(9,(10,11)12)13)14,(15,((((((16,17)18,19)20,21)22,23)24,(25,((26,(27,28)29)30,31)32)33)34,35)36)37)38)39)40
21	88	(((0,((((1,2)3,4)5,(6,7)8)9,((10,11)12,13)14)15)16,((((17,18)19,20)21,(22,23)24)25,(26,(27,(28,29)30)31)32)33)34,(35,(36,37)38)39)40
21	89	((((((0,1)2,3)4,5)6,7)8,(9,10)11)12,((13,14)15,(((16,((17,18)19,(20,((21,22)23,(24,(25,(26,27)28)29)30)31)32)33)34,35)36,37)38)39)40
21	90	((((((0,1)2,(3,4)5)6,7)8,(9,(10,(((11,12)13,(((14,(15,16)17)18,(19,20)21)22,23)24)25,(26,27)28)29)30)31)32,33)34,((35,36)37,38)39)40
21	91	((((((((0,(((1,2)3,(4,5)6)7,8)9)10,11)12,13)14,15)16,(17,18)19)20,21)22,((23,(24,25)26)27,(28,29)30)31)32,(33,((34,35)36,37)38)39)40
21	92	(0,(((1,2)3,((4,(5,6)7)8,((((9,10)11,12)13,(14,(((15,16)17,((((18,19)20,21)22,23)24,(25,26)27)28)29,30)31)32)33,34)35)36)37,38)39)40
21	93	((((0,((1,((2,(3,(((4,5)6,(7,8)9)10,11)12)13)14,15)16)17,18)19)20,((((((21,22)23,24)25,26)27,28)29,30)31,32)33)34,35)36,(37,38)39)40
21	94	((0,((1,(2,3)4)5,((6,7)8,9)10)11)12,(13,(((14,(15,16)17)18,19)20,(21,(22,((23,(((24,(25,26)27)28,29)30,31)32)33,34)35)36)37)38)39)40
21	95	(0,(1,((2,3)4,(((5,((6,((7,8)9,((10,11)12,13)14)15)16,17)18)19,20)21,(22,(((23,(24,25)26)27,28)29,(30,(31,32)33)34)35)36)37)38)39)40
21	96	(0,(((1,((((2,3)4,5)6,7)8,(9,(10,11)12)13)14)15,(((((16,((17,18)19,20)21)22,23)24,(25,26)27)28,(29,(30,31)32)33)34,35)36)37,38)39)40
21	97	(0,(1,(((((2,3)4,5)6,(7,8)9)10,11)12,((13,((14,15)16,(((((17,18)19,20)21,22)23,24)25,(26,((27,28)29,30)31)32)33)34)35,36)37)38)39)40
21	98	(0,(1,(((((2,(((3,(4,5)6)7,(8,((9,((10,11)12,13)14)15,16)17)18)19,20)21)22,23)24,25)26,(((27,28)29,(30,31)32)33,34)35)36,37)38)39)40
21	99	((0,((1,(2,(((((((3,4)5,(6,7)8)9,10)11,(12,(13,14)15)16)17,(18,19)20)21,22)23,(24,(25,(26,27)28)29)30)31)32)33,34)35)36,(37,38)39)40
