#size tree	index tree	unranked tree	ranking
7	0	(0,(1,(2,(3,(4,(5,6)7)8)9)10)11)12	(7,5),(8,4),(9,3),(10,2),(11,1),(12,0)
7	0	(0,(1,(2,(3,(4,(5,6)7)8)9)10)11)12	(7,5),(8,4),(9,3),(10,2),(11,1),(12,0)
7	0	(0,(1,(2,(3,(4,(5,6)7)8)9)10)11)12	(7,5),(8,4),(9,3),(10,2),(11,1),(12,0)
7	0	(0,(1,(2,(3,(4,(5,6)7)8)9)10)11)12	(7,5),(8,4),(9,3),(10,2),(11,1),(12,0)
7	0	(0,(1,(2,(3,(4,(5,6)7)8)9)10)11)12	(7,5),(8,4),(9,3),(10,2),(11,1),(12,0)
7	0	(0,(1,(2,(3,(4,(5,6)7)8)9)10)11)12	(7,5),(8,4),(9,3),(10,2),(11,1),(12,0)
7	0	(0,(1,(2,(3,(4,(5,6)7)8)9)10)11)12	(7,5),(8,4),(9,3),(10,2),(11,1),(12,0)
7	0	(0,(1,(2,(3,(4,(5,6)7)8)9)10)11)12	(7,5),(8,4),(9,3),(10,2),(11,1),(12,0)
7	0	(0,(1,(2,(3,(4,(5,6)7)8)9)10)11)12	(7,5),(8,4),(9,3),(10,2),(11,1),(12,0)
7	0	(0,(1,(2,(3,(4,(5,6)7)8)9)10)11)12	(7,5),(8,4),(9,3),(10,2),(11,1),(12,0)
7	1	((0,(1,2)3)4,((5,6)7,(8,9)10)11)12	(3,5),(4,1),(7,3),(10,4),(11,2),(12,0)
7	1	((0,(1,2)3)4,((5,6)7,(8,9)10)11)12	(3,4),(4,2),(7,3),(10,5),(11,1),(12,0)
7	1	((0,(1,2)3)4,((5,6)7,(8,9)10)11)12	(3,5),(4,1),(7,3),(10,4),(11,2),(12,0)
7	1	((0,(1,2)3)4,((5,6)7,(8,9)10)11)12	(3,3),(4,2),(7,5),(10,4),(11,1),(12,0)
7	1	((0,(1,2)3)4,((5,6)7,(8,9)10)11)12	(3,2),(4,1),(7,5),(10,4),(11,3),(12,0)
7	1	((0,(1,2)3)4,((5,6)7,(8,9)10)11)12	(3,5),(4,2),(7,3),(10,4),(11,1),(12,0)
7	1	((0,(1,2)3)4,((5,6)7,(8,9)10)11)12	(3,2),(4,1),(7,5),(10,4),(11,3),(12,0)
7	1	((0,(1,2)3)4,((5,6)7,(8,9)10)11)12	(3,4),(4,1),(7,3),(10,5),(11,2),(12,0)
7	1	((0,(1,2)3)4,((5,6)7,(8,9)10)11)12	(3,5),(4,3),(7,2),(10,4),(11,1),(12,0)
7	1	((0,(1,2)3)4,((5,6)7,(8,9)10)11)12	(3,3),(4,1),(7,5),(10,4),(11,2),(12,0)
7	2	(((0,(1,2)3)4,5)6,(7,(8,9)10)11)12	(3,5),(4,3),(6,2),(10,4),(11,1),(12,0)
7	2	(((0,(1,2)3)4,5)6,(7,(8,9)10)11)12	(3,4),(4,2),(6,1),(10,5),(11,3),(12,0)
7	2	(((0,(1,2)3)4,5)6,(7,(8,9)10)11)12	(3,3),(4,2),(6,1),(10,5),(11,4),(12,0)
7	2	(((0,(1,2)3)4,5)6,(7,(8,9)10)11)12	(3,5),(4,3),(6,2),(10,4),(11,1),(12,0)
7	2	(((0,(1,2)3)4,5)6,(7,(8,9)10)11)12	(3,5),(4,3),(6,2),(10,4),(11,1),(12,0)
7	2	(((0,(1,2)3)4,5)6,(7,(8,9)10)11)12	(3,4),(4,3),(6,2),(10,5),(11,1),(12,0)
7	2	(((0,(1,2)3)4,5)6,(7,(8,9)10)11)12	(3,5),(4,3),(6,2),(10,4),(11,1),(12,0)
7	2	(((0,(1,2)3)4,5)6,(7,(8,9)10)11)12	(3,5),(4,2),(6,1),(10,4),(11,3),(12,0)
7	2	(((0,(1,2)3)4,5)6,(7,(8,9)10)11)12	(3,4),(4,3),(6,2),(10,5),(11,1),(12,0)
7	2	(((0,(1,2)3)4,5)6,(7,(8,9)10)11)12	(3,5),(4,4),(6,1),(10,3),(11,2),(12,0)
7	3	((0,(1,(2,3)4)5)6,(7,(8,9)10)11)12	(4,5),(5,4),(6,2),(10,3),(11,1),(12,0)
7	3	((0,(1,(2,3)4)5)6,(7,(8,9)10)11)12	(4,3),(5,2),(6,1),(10,5),(11,4),(12,0)
7	3	((0,(1,(2,3)4)5)6,(7,(8,9)10)11)12	(4,5),(5,3),(6,2),(10,4),(11,1),(12,0)
7	3	((0,(1,(2,3)4)5)6,(7,(8,9)10)11)12	(4,5),(5,3),(6,1),(10,4),(11,2),(12,0)
7	3	((0,(1,(2,3)4)5)6,(7,(8,9)10)11)12	(4,5),(5,4),(6,2),(10,3),(11,1),(12,0)
7	3	((0,(1,(2,3)4)5)6,(7,(8,9)10)11)12	(4,3),(5,2),(6,1),(10,5),(11,4),(12,0)
7	3	((0,(1,(2,3)4)5)6,(7,(8,9)10)11)12	(4,5),(5,3),(6,2),(10,4),(11,1),(12,0)
7	3	((0,(1,(2,3)4)5)6,(7,(8,9)10)11)12	(4,4),(5,3),(6,1),(10,5),(11,2),(12,0)
7	3	((0,(1,(2,3)4)5)6,(7,(8,9)10)11)12	(4,3),(5,2),(6,1),(10,5),(11,4),(12,0)
7	3	((0,(1,(2,3)4)5)6,(7,(8,9)10)11)12	(4,5),(5,3),(6,2),(10,4),(11,1),(12,0)
7	4	((0,(1,((2,3)4,(5,6)7)8)9)10,11)12	(4,4),(7,5),(8,3),(9,2),(10,1),(12,0)
7	4	((0,(1,((2,3)4,(5,6)7)8)9)10,11)12	(4,5),(7,4),(8,3),(9,2),(10,1),(12,0)
7	4	((0,(1,((2,3)4,(5,6)7)8)9)10,11)12	(4,4),(7,5),(8,3),(9,2),(10,1),(12,0)
7	4	((0,(1,((2,3)4,(5,6)7)8)9)10,11)12	(4,5),(7,4),(8,3),(9,2),(10,1),(12,0)
7	4	((0,(1,((2,3)4,(5,6)7)8)9)10,11)12	(4,4),(7,5),(8,3),(9,2),(10,1),(12,0)
7	4	((0,(1,((2,3)4,(5,6)7)8)9)10,11)12	(4,4),(7,5),(8,3),(9,2),(10,1),(12,0)
7	4	((0,(1,((2,3)4,(5,6)7)8)9)10,11)12	(4,4),(7,5),(8,3),(9,2),(10,1),(12,0)
7	4	((0,(1,((2,3)4,(5,6)7)8)9)10,11)12	(4,5),(7,4),(8,3),(9,2),(10,1),(12,0)
7	4	((0,(1,((2,3)4,(5,6)7)8)9)10,11)12	(4,4),(7,5),(8,3),(9,2),(10,1),(12,0)
7	4	((0,(1,((2,3)4,(5,6)7)8)9)10,11)12	(4,5),(7,4),(8,3),(9,2),(10,1),(12,0)
7	5	(0,(((1,2)3,((4,5)6,7)8)9,10)11)12	(3,3),(6,5),(8,4),(9,2),(11,1),(12,0)
7	5	(0,(((1,2)3,((4,5)6,7)8)9,10)11)12	(3,3),(6,5),(8,4),(9,2),(11,1),(12,0)
7	5	(0,(((1,2)3,((4,5)6,7)8)9,10)11)12	(3,3),(6,5),(8,4),(9,2),(11,1),(12,0)
7	5	(0,(((1,2)3,((4,5)6,7)8)9,10)11)12	(3,3),(6,5),(8,4),(9,2),(11,1),(12,0)
7	5	(0,(((1,2)3,((4,5)6,7)8)9,10)11)12	(3,5),(6,4),(8,3),(9,2),(11,1),(12,0)
7	5	(0,(((1,2)3,((4,5)6,7)8)9,10)11)12	(3,4),(6,5),(8,3),(9,2),(11,1),(12,0)
7	5	(0,(((1,2)3,((4,5)6,7)8)9,10)11)12	(3,5),(6,4),(8,3),(9,2),(11,1),(12,0)
7	5	(0,(((1,2)3,((4,5)6,7)8)9,10)11)12	(3,3),(6,5),(8,4),(9,2),(11,1),(12,0)
7	5	(0,(((1,2)3,((4,5)6,7)8)9,10)11)12	(3,4),(6,5),(8,3),(9,2),(11,1),(12,0)
7	5	(0,(((1,2)3,((4,5)6,7)8)9,10)11)12	(3,4),(6,5),(8,3),(9,2),(11,1),(12,0)
7	6	(((0,((1,2)3,4)5)6,7)8,(9,10)11)12	(3,4),(5,3),(6,2),(8,1),(11,5),(12,0)
7	6	(((0,((1,2)3,4)5)6,7)8,(9,10)11)12	(3,4),(5,3),(6,2),(8,1),(11,5),(12,0)
7	6	(((0,((1,2)3,4)5)6,7)8,(9,10)11)12	(3,5),(5,4),(6,2),(8,1),(11,3),(12,0)
7	6	(((0,((1,2)3,4)5)6,7)8,(9,10)11)12	(3,5),(5,3),(6,2),(8,1),(11,4),(12,0)
7	6	(((0,((1,2)3,4)5)6,7)8,(9,10)11)12	(3,5),(5,4),(6,3),(8,2),(11,1),(12,0)
7	6	(((0,((1,2)3,4)5)6,7)8,(9,10)11)12	(3,4),(5,3),(6,2),(8,1),(11,5),(12,0)
7	6	(((0,((1,2)3,4)5)6,7)8,(9,10)11)12	(3,5),(5,4),(6,3),(8,1),(11,2),(12,0)
7	6	(((0,((1,2)3,4)5)6,7)8,(9,10)11)12	(3,5),(5,4),(6,2),(8,1),(11,3),(12,0)
7	6	(((0,((1,2)3,4)5)6,7)8,(9,10)11)12	(3,5),(5,4),(6,3),(8,1),(11,2),(12,0)
7	6	(((0,((1,2)3,4)5)6,7)8,(9,10)11)12	(3,5),(5,4),(6,3),(8,2),(11,1),(12,0)
7	7	(0,(1,((((2,3)4,5)6,7)8,9)10)11)12	(4,5),(6,4),(8,3),(10,2),(11,1),(12,0)
7	7	(0,(1,((((2,3)4,5)6,7)8,9)10)11)12	(4,5),(6,4),(8,3),(10,2),(11,1),(12,0)
7	7	(0,(1,((((2,3)4,5)6,7)8,9)10)11)12	(4,5),(6,4),(8,3),(10,2),(11,1),(12,0)
7	7	(0,(1,((((2,3)4,5)6,7)8,9)10)11)12	(4,5),(6,4),(8,3),(10,2),(11,1),(12,0)
7	7	(0,(1,((((2,3)4,5)6,7)8,9)10)11)12	(4,5),(6,4),(8,3),(10,2),(11,1),(12,0)
7	7	(0,(1,((((2,3)4,5)6,7)8,9)10)11)12	(4,5),(6,4),(8,3),(10,2),(11,1),(12,0)
7	7	(0,(1,((((2,3)4,5)6,7)8,9)10)11)12	(4,5),(6,4),(8,3),(10,2),(11,1),(12,0)
7	7	(0,(1,((((2,3)4,5)6,7)8,9)10)11)12	(4,5),(6,4),(8,3),(10,2),(11,1),(12,0)
7	7	(0,(1,((((2,3)4,5)6,7)8,9)10)11)12	(4,5),(6,4),(8,3),(10,2),(11,1),(12,0)
7	7	(0,(1,((((2,3)4,5)6,7)8,9)10)11)12	(4,5),(6,4),(8,3),(10,2),(11,1),(12,0)
7	8	(0,((((1,2)3,4)5,(6,7)8)9,10)11)12	(3,5),(5,3),(8,4),(9,2),(11,1),(12,0)
7	8	(0,((((1,2)3,4)5,(6,7)8)9,10)11)12	(3,5),(5,4),(8,3),(9,2),(11,1),(12,0)
7	8	(0,((((1,2)3,4)5,(6,7)8)9,10)11)12	(3,4),(5,3),(8,5),(9,2),(11,1),(12,0)
7	8	(0,((((1,2)3,4)5,(6,7)8)9,10)11)12	(3,4),(5,3),(8,5),(9,2),(11,1),(12,0)
7	8	(0,((((1,2)3,4)5,(6,7)8)9,10)11)12	(3,4),(5,3),(8,5),(9,2),(11,1),(12,0)
7	8	(0,((((1,2)3,4)5,(6,7)8)9,10)11)12	(3,5),(5,4),(8,3),(9,2),(11,1),(12,0)
7	8	(0,((((1,2)3,4)5,(6,7)8)9,10)11)12	(3,5),(5,4),(8,3),(9,2),(11,1),(12,0)
7	8	(0,((((1,2)3,4)5,(6,7)8)9,10)11)12	(3,4),(5,3),(8,5),(9,2),(11,1),(12,0)
7	8	(0,((((1,2)3,4)5,(6,7)8)9,10)11)12	(3,5),(5,3),(8,4),(9,2),(11,1),(12,0)
7	8	(0,((((1,2)3,4)5,(6,7)8)9,10)11)12	(3,4),(5,3),(8,5),(9,2),(11,1),(12,0)
7	9	((0,1)2,((3,(4,(5,6)7)8)9,10)11)12	(2,5),(7,4),(8,3),(9,2),(11,1),(12,0)
7	9	((0,1)2,((3,(4,(5,6)7)8)9,10)11)12	(2,4),(7,5),(8,3),(9,2),(11,1),(12,0)
7	9	((0,1)2,((3,(4,(5,6)7)8)9,10)11)12	(2,1),(7,5),(8,4),(9,3),(11,2),(12,0)
7	9	((0,1)2,((3,(4,(5,6)7)8)9,10)11)12	(2,4),(7,5),(8,3),(9,2),(11,1),(12,0)
7	9	((0,1)2,((3,(4,(5,6)7)8)9,10)11)12	(2,5),(7,4),(8,3),(9,2),(11,1),(12,0)
7	9	((0,1)2,((3,(4,(5,6)7)8)9,10)11)12	(2,5),(7,4),(8,3),(9,2),(11,1),(12,0)
7	9	((0,1)2,((3,(4,(5,6)7)8)9,10)11)12	(2,2),(7,5),(8,4),(9,3),(11,1),(12,0)
7	9	((0,1)2,((3,(4,(5,6)7)8)9,10)11)12	(2,5),(7,4),(8,3),(9,2),(11,1),(12,0)
7	9	((0,1)2,((3,(4,(5,6)7)8)9,10)11)12	(2,5),(7,4),(8,3),(9,2),(11,1),(12,0)
7	9	((0,1)2,((3,(4,(5,6)7)8)9,10)11)12	(2,4),(7,5),(8,3),(9,2),(11,1),(12,0)
7	10	((((0,((1,2)3,4)5)6,7)8,9)10,11)12	(3,5),(5,4),(6,3),(8,2),(10,1),(12,0)
7	10	((((0,((1,2)3,4)5)6,7)8,9)10,11)12	(3,5),(5,4),(6,3),(8,2),(10,1),(12,0)
7	10	((((0,((1,2)3,4)5)6,7)8,9)10,11)12	(3,5),(5,4),(6,3),(8,2),(10,1),(12,0)
7	10	((((0,((1,2)3,4)5)6,7)8,9)10,11)12	(3,5),(5,4),(6,3),(8,2),(10,1),(12,0)
7	10	((((0,((1,2)3,4)5)6,7)8,9)10,11)12	(3,5),(5,4),(6,3),(8,2),(10,1),(12,0)
7	10	((((0,((1,2)3,4)5)6,7)8,9)10,11)12	(3,5),(5,4),(6,3),(8,2),(10,1),(12,0)
7	10	((((0,((1,2)3,4)5)6,7)8,9)10,11)12	(3,5),(5,4),(6,3),(8,2),(10,1),(12,0)
7	10	((((0,((1,2)3,4)5)6,7)8,9)10,11)12	(3,5),(5,4),(6,3),(8,2),(10,1),(12,0)
7	10	((((0,((1,2)3,4)5)6,7)8,9)10,11)12	(3,5),(5,4),(6,3),(8,2),(10,1),(12,0)
7	10	((((0,((1,2)3,4)5)6,7)8,9)10,11)12	(3,5),(5,4),(6,3),(8,2),(10,1),(12,0)
7	11	((0,1)2,((3,(4,5)6)7,(8,9)10)11)12	(2,5),(6,4),(7,3),(10,2),(11,1),(12,0)
7	11	((0,1)2,((3,(4,5)6)7,(8,9)10)11)12	(2,1),(6,5),(7,4),(10,3),(11,2),(12,0)
7	11	((0,1)2,((3,(4,5)6)7,(8,9)10)11)12	(2,2),(6,4),(7,3),(10,5),(11,1),(12,0)
7	11	((0,1)2,((3,(4,5)6)7,(8,9)10)11)12	(2,3),(6,5),(7,2),(10,4),(11,1),(12,0)
7	11	((0,1)2,((3,(4,5)6)7,(8,9)10)11)12	(2,1),(6,5),(7,3),(10,4),(11,2),(12,0)
7	11	((0,1)2,((3,(4,5)6)7,(8,9)10)11)12	(2,5),(6,4),(7,3),(10,2),(11,1),(12,0)
7	11	((0,1)2,((3,(4,5)6)7,(8,9)10)11)12	(2,4),(6,5),(7,2),(10,3),(11,1),(12,0)
7	11	((0,1)2,((3,(4,5)6)7,(8,9)10)11)12	(2,5),(6,4),(7,2),(10,3),(11,1),(12,0)
7	11	((0,1)2,((3,(4,5)6)7,(8,9)10)11)12	(2,5),(6,4),(7,2),(10,3),(11,1),(12,0)
7	11	((0,1)2,((3,(4,5)6)7,(8,9)10)11)12	(2,5),(6,3),(7,2),(10,4),(11,1),(12,0)
7	12	(0,(((1,(2,(3,4)5)6)7,8)9,10)11)12	(5,5),(6,4),(7,3),(9,2),(11,1),(12,0)
7	12	(0,(((1,(2,(3,4)5)6)7,8)9,10)11)12	(5,5),(6,4),(7,3),(9,2),(11,1),(12,0)
7	12	(0,(((1,(2,(3,4)5)6)7,8)9,10)11)12	(5,5),(6,4),(7,3),(9,2),(11,1),(12,0)
7	12	(0,(((1,(2,(3,4)5)6)7,8)9,10)11)12	(5,5),(6,4),(7,3),(9,2),(11,1),(12,0)
7	12	(0,(((1,(2,(3,4)5)6)7,8)9,10)11)12	(5,5),(6,4),(7,3),(9,2),(11,1),(12,0)
7	12	(0,(((1,(2,(3,4)5)6)7,8)9,10)11)12	(5,5),(6,4),(7,3),(9,2),(11,1),(12,0)
7	12	(0,(((1,(2,(3,4)5)6)7,8)9,10)11)12	(5,5),(6,4),(7,3),(9,2),(11,1),(12,0)
7	12	(0,(((1,(2,(3,4)5)6)7,8)9,10)11)12	(5,5),(6,4),(7,3),(9,2),(11,1),(12,0)
7	12	(0,(((1,(2,(3,4)5)6)7,8)9,10)11)12	(5,5),(6,4),(7,3),(9,2),(11,1),(12,0)
7	12	(0,(((1,(2,(3,4)5)6)7,8)9,10)11)12	(5,5),(6,4),(7,3),(9,2),(11,1),(12,0)
7	13	(((0,1)2,(3,4)5)6,((7,8)9,10)11)12	(2,3),(5,2),(6,1),(9,5),(11,4),(12,0)
7	13	(((0,1)2,(3,4)5)6,((7,8)9,10)11)12	(2,4),(5,3),(6,1),(9,5),(11,2),(12,0)
7	13	(((0,1)2,(3,4)5)6,((7,8)9,10)11)12	(2,3),(5,4),(6,1),(9,5),(11,2),(12,0)
7	13	(((0,1)2,(3,4)5)6,((7,8)9,10)11)12	(2,3),(5,5),(6,2),(9,4),(11,1),(12,0)
7	13	(((0,1)2,(3,4)5)6,((7,8)9,10)11)12	(2,3),(5,5),(6,1),(9,4),(11,2),(12,0)
7	13	(((0,1)2,(3,4)5)6,((7,8)9,10)11)12	(2,5),(5,4),(6,2),(9,3),(11,1),(12,0)
7	13	(((0,1)2,(3,4)5)6,((7,8)9,10)11)12	(2,5),(5,3),(6,2),(9,4),(11,1),(12,0)
7	13	(((0,1)2,(3,4)5)6,((7,8)9,10)11)12	(2,5),(5,2),(6,1),(9,4),(11,3),(12,0)
7	13	(((0,1)2,(3,4)5)6,((7,8)9,10)11)12	(2,4),(5,5),(6,2),(9,3),(11,1),(12,0)
7	13	(((0,1)2,(3,4)5)6,((7,8)9,10)11)12	(2,4),(5,3),(6,2),(9,5),(11,1),(12,0)
7	14	(0,((((1,2)3,(4,5)6)7,8)9,10)11)12	(3,5),(6,4),(7,3),(9,2),(11,1),(12,0)
7	14	(0,((((1,2)3,(4,5)6)7,8)9,10)11)12	(3,4),(6,5),(7,3),(9,2),(11,1),(12,0)
7	14	(0,((((1,2)3,(4,5)6)7,8)9,10)11)12	(3,4),(6,5),(7,3),(9,2),(11,1),(12,0)
7	14	(0,((((1,2)3,(4,5)6)7,8)9,10)11)12	(3,5),(6,4),(7,3),(9,2),(11,1),(12,0)
7	14	(0,((((1,2)3,(4,5)6)7,8)9,10)11)12	(3,4),(6,5),(7,3),(9,2),(11,1),(12,0)
7	14	(0,((((1,2)3,(4,5)6)7,8)9,10)11)12	(3,4),(6,5),(7,3),(9,2),(11,1),(12,0)
7	14	(0,((((1,2)3,(4,5)6)7,8)9,10)11)12	(3,4),(6,5),(7,3),(9,2),(11,1),(12,0)
7	14	(0,((((1,2)3,(4,5)6)7,8)9,10)11)12	(3,5),(6,4),(7,3),(9,2),(11,1),(12,0)
7	14	(0,((((1,2)3,(4,5)6)7,8)9,10)11)12	(3,4),(6,5),(7,3),(9,2),(11,1),(12,0)
7	14	(0,((((1,2)3,(4,5)6)7,8)9,10)11)12	(3,4),(6,5),(7,3),(9,2),(11,1),(12,0)
7	15	((0,((1,(2,3)4)5,(6,7)8)9)10,11)12	(4,4),(5,3),(8,5),(9,2),(10,1),(12,0)
7	15	((0,((1,(2,3)4)5,(6,7)8)9)10,11)12	(4,5),(5,3),(8,4),(9,2),(10,1),(12,0)
7	15	((0,((1,(2,3)4)5,(6,7)8)9)10,11)12	(4,5),(5,4),(8,3),(9,2),(10,1),(12,0)
7	15	((0,((1,(2,3)4)5,(6,7)8)9)10,11)12	(4,5),(5,4),(8,3),(9,2),(10,1),(12,0)
7	15	((0,((1,(2,3)4)5,(6,7)8)9)10,11)12	(4,5),(5,4),(8,3),(9,2),(10,1),(12,0)
7	15	((0,((1,(2,3)4)5,(6,7)8)9)10,11)12	(4,5),(5,4),(8,3),(9,2),(10,1),(12,0)
7	15	((0,((1,(2,3)4)5,(6,7)8)9)10,11)12	(4,5),(5,4),(8,3),(9,2),(10,1),(12,0)
7	15	((0,((1,(2,3)4)5,(6,7)8)9)10,11)12	(4,5),(5,3),(8,4),(9,2),(10,1),(12,0)
7	15	((0,((1,(2,3)4)5,(6,7)8)9)10,11)12	(4,5),(5,3),(8,4),(9,2),(10,1),(12,0)
7	15	((0,((1,(2,3)4)5,(6,7)8)9)10,11)12	(4,5),(5,3),(8,4),(9,2),(10,1),(12,0)
7	16	((0,1)2,((3,4)5,((6,7)8,9)10)11)12	(2,1),(5,4),(8,5),(10,3),(11,2),(12,0)
7	16	((0,1)2,((3,4)5,((6,7)8,9)10)11)12	(2,1),(5,4),(8,5),(10,3),(11,2),(12,0)
7	16	((0,1)2,((3,4)5,((6,7)8,9)10)11)12	(2,4),(5,3),(8,5),(10,2),(11,1),(12,0)
7	16	((0,1)2,((3,4)5,((6,7)8,9)10)11)12	(2,1),(5,4),(8,5),(10,3),(11,2),(12,0)
7	16	((0,1)2,((3,4)5,((6,7)8,9)10)11)12	(2,5),(5,4),(8,3),(10,2),(11,1),(12,0)
7	16	((0,1)2,((3,4)5,((6,7)8,9)10)11)12	(2,3),(5,2),(8,5),(10,4),(11,1),(12,0)
7	16	((0,1)2,((3,4)5,((6,7)8,9)10)11)12	(2,3),(5,2),(8,5),(10,4),(11,1),(12,0)
7	16	((0,1)2,((3,4)5,((6,7)8,9)10)11)12	(2,5),(5,4),(8,3),(10,2),(11,1),(12,0)
7	16	((0,1)2,((3,4)5,((6,7)8,9)10)11)12	(2,1),(5,3),(8,5),(10,4),(11,2),(12,0)
7	16	((0,1)2,((3,4)5,((6,7)8,9)10)11)12	(2,4),(5,3),(8,5),(10,2),(11,1),(12,0)
7	17	(((0,1)2,(3,(4,(5,6)7)8)9)10,11)12	(2,5),(7,4),(8,3),(9,2),(10,1),(12,0)
7	17	(((0,1)2,(3,(4,(5,6)7)8)9)10,11)12	(2,2),(7,5),(8,4),(9,3),(10,1),(12,0)
7	17	(((0,1)2,(3,(4,(5,6)7)8)9)10,11)12	(2,2),(7,5),(8,4),(9,3),(10,1),(12,0)
7	17	(((0,1)2,(3,(4,(5,6)7)8)9)10,11)12	(2,2),(7,5),(8,4),(9,3),(10,1),(12,0)
7	17	(((0,1)2,(3,(4,(5,6)7)8)9)10,11)12	(2,3),(7,5),(8,4),(9,2),(10,1),(12,0)
7	17	(((0,1)2,(3,(4,(5,6)7)8)9)10,11)12	(2,3),(7,5),(8,4),(9,2),(10,1),(12,0)
7	17	(((0,1)2,(3,(4,(5,6)7)8)9)10,11)12	(2,2),(7,5),(8,4),(9,3),(10,1),(12,0)
7	17	(((0,1)2,(3,(4,(5,6)7)8)9)10,11)12	(2,4),(7,5),(8,3),(9,2),(10,1),(12,0)
7	17	(((0,1)2,(3,(4,(5,6)7)8)9)10,11)12	(2,5),(7,4),(8,3),(9,2),(10,1),(12,0)
7	17	(((0,1)2,(3,(4,(5,6)7)8)9)10,11)12	(2,2),(7,5),(8,4),(9,3),(10,1),(12,0)
7	18	((((0,1)2,(3,(4,5)6)7)8,9)10,11)12	(2,5),(6,4),(7,3),(8,2),(10,1),(12,0)
7	18	((((0,1)2,(3,(4,5)6)7)8,9)10,11)12	(2,3),(6,5),(7,4),(8,2),(10,1),(12,0)
7	18	((((0,1)2,(3,(4,5)6)7)8,9)10,11)12	(2,5),(6,4),(7,3),(8,2),(10,1),(12,0)
7	18	((((0,1)2,(3,(4,5)6)7)8,9)10,11)12	(2,5),(6,4),(7,3),(8,2),(10,1),(12,0)
7	18	((((0,1)2,(3,(4,5)6)7)8,9)10,11)12	(2,3),(6,5),(7,4),(8,2),(10,1),(12,0)
7	18	((((0,1)2,(3,(4,5)6)7)8,9)10,11)12	(2,3),(6,5),(7,4),(8,2),(10,1),(12,0)
7	18	((((0,1)2,(3,(4,5)6)7)8,9)10,11)12	(2,4),(6,5),(7,3),(8,2),(10,1),(12,0)
7	18	((((0,1)2,(3,(4,5)6)7)8,9)10,11)12	(2,3),(6,5),(7,4),(8,2),(10,1),(12,0)
7	18	((((0,1)2,(3,(4,5)6)7)8,9)10,11)12	(2,3),(6,5),(7,4),(8,2),(10,1),(12,0)
7	18	((((0,1)2,(3,(4,5)6)7)8,9)10,11)12	(2,5),(6,4),(7,3),(8,2),(10,1),(12,0)
7	19	(0,((1,2)3,(4,((5,6)7,8)9)10)11)12	(3,2),(7,5),(9,4),(10,3),(11,1),(12,0)
7	19	(0,((1,2)3,(4,((5,6)7,8)9)10)11)12	(3,4),(7,5),(9,3),(10,2),(11,1),(12,0)
7	19	(0,((1,2)3,(4,((5,6)7,8)9)10)11)12	(3,5),(7,4),(9,3),(10,2),(11,1),(12,0)
7	19	(0,((1,2)3,(4,((5,6)7,8)9)10)11)12	(3,4),(7,5),(9,3),(10,2),(11,1),(12,0)
7	19	(0,((1,2)3,(4,((5,6)7,8)9)10)11)12	(3,5),(7,4),(9,3),(10,2),(11,1),(12,0)
7	19	(0,((1,2)3,(4,((5,6)7,8)9)10)11)12	(3,5),(7,4),(9,3),(10,2),(11,1),(12,0)
7	19	(0,((1,2)3,(4,((5,6)7,8)9)10)11)12	(3,2),(7,5),(9,4),(10,3),(11,1),(12,0)
7	19	(0,((1,2)3,(4,((5,6)7,8)9)10)11)12	(3,4),(7,5),(9,3),(10,2),(11,1),(12,0)
7	19	(0,((1,2)3,(4,((5,6)7,8)9)10)11)12	(3,5),(7,4),(9,3),(10,2),(11,1),(12,0)
7	19	(0,((1,2)3,(4,((5,6)7,8)9)10)11)12	(3,5),(7,4),(9,3),(10,2),(11,1),(12,0)
7	20	(0,(1,((((2,3)4,5)6,7)8,9)10)11)12	(4,5),(6,4),(8,3),(10,2),(11,1),(12,0)
7	20	(0,(1,((((2,3)4,5)6,7)8,9)10)11)12	(4,5),(6,4),(8,3),(10,2),(11,1),(12,0)
7	20	(0,(1,((((2,3)4,5)6,7)8,9)10)11)12	(4,5),(6,4),(8,3),(10,2),(11,1),(12,0)
7	20	(0,(1,((((2,3)4,5)6,7)8,9)10)11)12	(4,5),(6,4),(8,3),(10,2),(11,1),(12,0)
7	20	(0,(1,((((2,3)4,5)6,7)8,9)10)11)12	(4,5),(6,4),(8,3),(10,2),(11,1),(12,0)
7	20	(0,(1,((((2,3)4,5)6,7)8,9)10)11)12	(4,5),(6,4),(8,3),(10,2),(11,1),(12,0)
7	20	(0,(1,((((2,3)4,5)6,7)8,9)10)11)12	(4,5),(6,4),(8,3),(10,2),(11,1),(12,0)
7	20	(0,(1,((((2,3)4,5)6,7)8,9)10)11)12	(4,5),(6,4),(8,3),(10,2),(11,1),(12,0)
7	20	(0,(1,((((2,3)4,5)6,7)8,9)10)11)12	(4,5),(6,4),(8,3),(10,2),(11,1),(12,0)
7	20	(0,(1,((((2,3)4,5)6,7)8,9)10)11)12	(4,5),(6,4),(8,3),(10,2),(11,1),(12,0)
7	21	((0,(1,(2,3)4)5)6,(7,(8,9)10)11)12	(4,4),(5,3),(6,1),(10,5),(11,2),(12,0)
7	21	((0,(1,(2,3)4)5)6,(7,(8,9)10)11)12	(4,4),(5,2),(6,1),(10,5),(11,3),(12,0)
7	21	((0,(1,(2,3)4)5)6,(7,(8,9)10)11)12	(4,5),(5,4),(6,3),(10,2),(11,1),(12,0)
7	21	((0,(1,(2,3)4)5)6,(7,(8,9)10)11)12	(4,5),(5,3),(6,1),(10,4),(11,2),(12,0)
7	21	((0,(1,(2,3)4)5)6,(7,(8,9)10)11)12	(4,5),(5,3),(6,1),(10,4),(11,2),(12,0)
7	21	((0,(1,(2,3)4)5)6,(7,(8,9)10)11)12	(4,5),(5,4),(6,2),(10,3),(11,1),(12,0)
7	21	((0,(1,(2,3)4)5)6,(7,(8,9)10)11)12	(4,5),(5,2),(6,1),(10,4),(11,3),(12,0)
7	21	((0,(1,(2,3)4)5)6,(7,(8,9)10)11)12	(4,4),(5,2),(6,1),(10,5),(11,3),(12,0)
7	21	((0,(1,(2,3)4)5)6,(7,(8,9)10)11)12	(4,5),(5,4),(6,3),(10,2),(11,1),(12,0)
7	21	((0,(1,(2,3)4)5)6,(7,(8,9)10)11)12	(4,4),(5,3),(6,2),(10,5),(11,1),(12,0)
7	22	(0,((1,(2,3)4)5,(6,(7,8)9)10)11)12	(4,5),(5,3),(9,4),(10,2),(11,1),(12,0)
7	22	(0,((1,(2,3)4)5,(6,(7,8)9)10)11)12	(4,4),(5,2),(9,5),(10,3),(11,1),(12,0)
7	22	(0,((1,(2,3)4)5,(6,(7,8)9)10)11)12	(4,5),(5,3),(9,4),(10,2),(11,1),(12,0)
7	22	(0,((1,(2,3)4)5,(6,(7,8)9)10)11)12	(4,4),(5,2),(9,5),(10,3),(11,1),(12,0)
7	22	(0,((1,(2,3)4)5,(6,(7,8)9)10)11)12	(4,5),(5,4),(9,3),(10,2),(11,1),(12,0)
7	22	(0,((1,(2,3)4)5,(6,(7,8)9)10)11)12	(4,4),(5,3),(9,5),(10,2),(11,1),(12,0)
7	22	(0,((1,(2,3)4)5,(6,(7,8)9)10)11)12	(4,5),(5,4),(9,3),(10,2),(11,1),(12,0)
7	22	(0,((1,(2,3)4)5,(6,(7,8)9)10)11)12	(4,5),(5,4),(9,3),(10,2),(11,1),(12,0)
7	22	(0,((1,(2,3)4)5,(6,(7,8)9)10)11)12	(4,3),(5,2),(9,5),(10,4),(11,1),(12,0)
7	22	(0,((1,(2,3)4)5,(6,(7,8)9)10)11)12	(4,3),(5,2),(9,5),(10,4),(11,1),(12,0)
7	23	((0,(1,2)3)4,(5,(6,(7,8)9)10)11)12	(3,4),(4,3),(9,5),(10,2),(11,1),(12,0)
7	23	((0,(1,2)3)4,(5,(6,(7,8)9)10)11)12	(3,5),(4,2),(9,4),(10,3),(11,1),(12,0)
7	23	((0,(1,2)3)4,(5,(6,(7,8)9)10)11)12	(3,5),(4,3),(9,4),(10,2),(11,1),(12,0)
7	23	((0,(1,2)3)4,(5,(6,(7,8)9)10)11)12	(3,4),(4,2),(9,5),(10,3),(11,1),(12,0)
7	23	((0,(1,2)3)4,(5,(6,(7,8)9)10)11)12	(3,4),(4,3),(9,5),(10,2),(11,1),(12,0)
7	23	((0,(1,2)3)4,(5,(6,(7,8)9)10)11)12	(3,5),(4,2),(9,4),(10,3),(11,1),(12,0)
7	23	((0,(1,2)3)4,(5,(6,(7,8)9)10)11)12	(3,2),(4,1),(9,5),(10,4),(11,3),(12,0)
7	23	((0,(1,2)3)4,(5,(6,(7,8)9)10)11)12	(3,3),(4,1),(9,5),(10,4),(11,2),(12,0)
7	23	((0,(1,2)3)4,(5,(6,(7,8)9)10)11)12	(3,5),(4,2),(9,4),(10,3),(11,1),(12,0)
7	23	((0,(1,2)3)4,(5,(6,(7,8)9)10)11)12	(3,4),(4,1),(9,5),(10,3),(11,2),(12,0)
7	24	((0,1)2,(((3,4)5,6)7,(8,9)10)11)12	(2,1),(5,5),(7,3),(10,4),(11,2),(12,0)
7	24	((0,1)2,(((3,4)5,6)7,(8,9)10)11)12	(2,1),(5,5),(7,3),(10,4),(11,2),(12,0)
7	24	((0,1)2,(((3,4)5,6)7,(8,9)10)11)12	(2,1),(5,4),(7,3),(10,5),(11,2),(12,0)
7	24	((0,1)2,(((3,4)5,6)7,(8,9)10)11)12	(2,1),(5,5),(7,3),(10,4),(11,2),(12,0)
7	24	((0,1)2,(((3,4)5,6)7,(8,9)10)11)12	(2,3),(5,5),(7,4),(10,2),(11,1),(12,0)
7	24	((0,1)2,(((3,4)5,6)7,(8,9)10)11)12	(2,3),(5,5),(7,2),(10,4),(11,1),(12,0)
7	24	((0,1)2,(((3,4)5,6)7,(8,9)10)11)12	(2,4),(5,5),(7,3),(10,2),(11,1),(12,0)
7	24	((0,1)2,(((3,4)5,6)7,(8,9)10)11)12	(2,3),(5,5),(7,2),(10,4),(11,1),(12,0)
7	24	((0,1)2,(((3,4)5,6)7,(8,9)10)11)12	(2,3),(5,4),(7,2),(10,5),(11,1),(12,0)
7	24	((0,1)2,(((3,4)5,6)7,(8,9)10)11)12	(2,1),(5,5),(7,4),(10,3),(11,2),(12,0)
7	25	((((0,1)2,(3,4)5)6,7)8,(9,10)11)12	(2,4),(5,5),(6,3),(8,1),(11,2),(12,0)
7	25	((((0,1)2,(3,4)5)6,7)8,(9,10)11)12	(2,4),(5,5),(6,3),(8,2),(11,1),(12,0)
7	25	((((0,1)2,(3,4)5)6,7)8,(9,10)11)12	(2,5),(5,4),(6,3),(8,2),(11,1),(12,0)
7	25	((((0,1)2,(3,4)5)6,7)8,(9,10)11)12	(2,3),(5,5),(6,2),(8,1),(11,4),(12,0)
7	25	((((0,1)2,(3,4)5)6,7)8,(9,10)11)12	(2,3),(5,5),(6,2),(8,1),(11,4),(12,0)
7	25	((((0,1)2,(3,4)5)6,7)8,(9,10)11)12	(2,5),(5,3),(6,2),(8,1),(11,4),(12,0)
7	25	((((0,1)2,(3,4)5)6,7)8,(9,10)11)12	(2,4),(5,5),(6,2),(8,1),(11,3),(12,0)
7	25	((((0,1)2,(3,4)5)6,7)8,(9,10)11)12	(2,5),(5,4),(6,2),(8,1),(11,3),(12,0)
7	25	((((0,1)2,(3,4)5)6,7)8,(9,10)11)12	(2,5),(5,4),(6,3),(8,1),(11,2),(12,0)
7	25	((((0,1)2,(3,4)5)6,7)8,(9,10)11)12	(2,4),(5,5),(6,2),(8,1),(11,3),(12,0)
7	26	(0,(1,(2,((3,4)5,(6,7)8)9)10)11)12	(5,4),(8,5),(9,3),(10,2),(11,1),(12,0)
7	26	(0,(1,(2,((3,4)5,(6,7)8)9)10)11)12	(5,4),(8,5),(9,3),(10,2),(11,1),(12,0)
7	26	(0,(1,(2,((3,4)5,(6,7)8)9)10)11)12	(5,4),(8,5),(9,3),(10,2),(11,1),(12,0)
7	26	(0,(1,(2,((3,4)5,(6,7)8)9)10)11)12	(5,5),(8,4),(9,3),(10,2),(11,1),(12,0)
7	26	(0,(1,(2,((3,4)5,(6,7)8)9)10)11)12	(5,4),(8,5),(9,3),(10,2),(11,1),(12,0)
7	26	(0,(1,(2,((3,4)5,(6,7)8)9)10)11)12	(5,4),(8,5),(9,3),(10,2),(11,1),(12,0)
7	26	(0,(1,(2,((3,4)5,(6,7)8)9)10)11)12	(5,5),(8,4),(9,3),(10,2),(11,1),(12,0)
7	26	(0,(1,(2,((3,4)5,(6,7)8)9)10)11)12	(5,4),(8,5),(9,3),(10,2),(11,1),(12,0)
7	26	(0,(1,(2,((3,4)5,(6,7)8)9)10)11)12	(5,4),(8,5),(9,3),(10,2),(11,1),(12,0)
7	26	(0,(1,(2,((3,4)5,(6,7)8)9)10)11)12	(5,5),(8,4),(9,3),(10,2),(11,1),(12,0)
7	27	(((((0,(1,2)3)4,5)6,7)8,9)10,11)12	(3,5),(4,4),(6,3),(8,2),(10,1),(12,0)
7	27	(((((0,(1,2)3)4,5)6,7)8,9)10,11)12	(3,5),(4,4),(6,3),(8,2),(10,1),(12,0)
7	27	(((((0,(1,2)3)4,5)6,7)8,9)10,11)12	(3,5),(4,4),(6,3),(8,2),(10,1),(12,0)
7	27	(((((0,(1,2)3)4,5)6,7)8,9)10,11)12	(3,5),(4,4),(6,3),(8,2),(10,1),(12,0)
7	27	(((((0,(1,2)3)4,5)6,7)8,9)10,11)12	(3,5),(4,4),(6,3),(8,2),(10,1),(12,0)
7	27	(((((0,(1,2)3)4,5)6,7)8,9)10,11)12	(3,5),(4,4),(6,3),(8,2),(10,1),(12,0)
7	27	(((((0,(1,2)3)4,5)6,7)8,9)10,11)12	(3,5),(4,4),(6,3),(8,2),(10,1),(12,0)
7	27	(((((0,(1,2)3)4,5)6,7)8,9)10,11)12	(3,5),(4,4),(6,3),(8,2),(10,1),(12,0)
7	27	(((((0,(1,2)3)4,5)6,7)8,9)10,11)12	(3,5),(4,4),(6,3),(8,2),(10,1),(12,0)
7	27	(((((0,(1,2)3)4,5)6,7)8,9)10,11)12	(3,5),(4,4),(6,3),(8,2),(10,1),(12,0)
7	28	((0,((1,(2,(3,4)5)6)7,8)9)10,11)12	(5,5),(6,4),(7,3),(9,2),(10,1),(12,0)
7	28	((0,((1,(2,(3,4)5)6)7,8)9)10,11)12	(5,5),(6,4),(7,3),(9,2),(10,1),(12,0)
7	28	((0,((1,(2,(3,4)5)6)7,8)9)10,11)12	(5,5),(6,4),(7,3),(9,2),(10,1),(12,0)
7	28	((0,((1,(2,(3,4)5)6)7,8)9)10,11)12	(5,5),(6,4),(7,3),(9,2),(10,1),(12,0)
7	28	((0,((1,(2,(3,4)5)6)7,8)9)10,11)12	(5,5),(6,4),(7,3),(9,2),(10,1),(12,0)
7	28	((0,((1,(2,(3,4)5)6)7,8)9)10,11)12	(5,5),(6,4),(7,3),(9,2),(10,1),(12,0)
7	28	((0,((1,(2,(3,4)5)6)7,8)9)10,11)12	(5,5),(6,4),(7,3),(9,2),(10,1),(12,0)
7	28	((0,((1,(2,(3,4)5)6)7,8)9)10,11)12	(5,5),(6,4),(7,3),(9,2),(10,1),(12,0)
7	28	((0,((1,(2,(3,4)5)6)7,8)9)10,11)12	(5,5),(6,4),(7,3),(9,2),(10,1),(12,0)
7	28	((0,((1,(2,(3,4)5)6)7,8)9)10,11)12	(5,5),(6,4),(7,3),(9,2),(10,1),(12,0)
7	29	(0,(((1,(2,3)4)5,6)7,(8,9)10)11)12	(4,5),(5,3),(7,2),(10,4),(11,1),(12,0)
7	29	(0,(((1,(2,3)4)5,6)7,(8,9)10)11)12	(4,4),(5,3),(7,2),(10,5),(11,1),(12,0)
7	29	(0,(((1,(2,3)4)5,6)7,(8,9)10)11)12	(4,5),(5,3),(7,2),(10,4),(11,1),(12,0)
7	29	(0,(((1,(2,3)4)5,6)7,(8,9)10)11)12	(4,5),(5,4),(7,3),(10,2),(11,1),(12,0)
7	29	(0,(((1,(2,3)4)5,6)7,(8,9)10)11)12	(4,5),(5,4),(7,2),(10,3),(11,1),(12,0)
7	29	(0,(((1,(2,3)4)5,6)7,(8,9)10)11)12	(4,5),(5,4),(7,3),(10,2),(11,1),(12,0)
7	29	(0,(((1,(2,3)4)5,6)7,(8,9)10)11)12	(4,5),(5,4),(7,3),(10,2),(11,1),(12,0)
7	29	(0,(((1,(2,3)4)5,6)7,(8,9)10)11)12	(4,5),(5,3),(7,2),(10,4),(11,1),(12,0)
7	29	(0,(((1,(2,3)4)5,6)7,(8,9)10)11)12	(4,5),(5,3),(7,2),(10,4),(11,1),(12,0)
7	29	(0,(((1,(2,3)4)5,6)7,(8,9)10)11)12	(4,4),(5,3),(7,2),(10,5),(11,1),(12,0)
7	30	((0,(1,2)3)4,(((5,6)7,8)9,10)11)12	(3,4),(4,2),(7,5),(9,3),(11,1),(12,0)
7	30	((0,(1,2)3)4,(((5,6)7,8)9,10)11)12	(3,3),(4,1),(7,5),(9,4),(11,2),(12,0)
7	30	((0,(1,2)3)4,(((5,6)7,8)9,10)11)12	(3,5),(4,4),(7,3),(9,2),(11,1),(12,0)
7	30	((0,(1,2)3)4,(((5,6)7,8)9,10)11)12	(3,3),(4,1),(7,5),(9,4),(11,2),(12,0)
7	30	((0,(1,2)3)4,(((5,6)7,8)9,10)11)12	(3,4),(4,2),(7,5),(9,3),(11,1),(12,0)
7	30	((0,(1,2)3)4,(((5,6)7,8)9,10)11)12	(3,5),(4,3),(7,4),(9,2),(11,1),(12,0)
7	30	((0,(1,2)3)4,(((5,6)7,8)9,10)11)12	(3,4),(4,2),(7,5),(9,3),(11,1),(12,0)
7	30	((0,(1,2)3)4,(((5,6)7,8)9,10)11)12	(3,3),(4,1),(7,5),(9,4),(11,2),(12,0)
7	30	((0,(1,2)3)4,(((5,6)7,8)9,10)11)12	(3,4),(4,3),(7,5),(9,2),(11,1),(12,0)
7	30	((0,(1,2)3)4,(((5,6)7,8)9,10)11)12	(3,3),(4,1),(7,5),(9,4),(11,2),(12,0)
7	31	((((0,1)2,(3,(4,5)6)7)8,9)10,11)12	(2,3),(6,5),(7,4),(8,2),(10,1),(12,0)
7	31	((((0,1)2,(3,(4,5)6)7)8,9)10,11)12	(2,4),(6,5),(7,3),(8,2),(10,1),(12,0)
7	31	((((0,1)2,(3,(4,5)6)7)8,9)10,11)12	(2,4),(6,5),(7,3),(8,2),(10,1),(12,0)
7	31	((((0,1)2,(3,(4,5)6)7)8,9)10,11)12	(2,4),(6,5),(7,3),(8,2),(10,1),(12,0)
7	31	((((0,1)2,(3,(4,5)6)7)8,9)10,11)12	(2,3),(6,5),(7,4),(8,2),(10,1),(12,0)
7	31	((((0,1)2,(3,(4,5)6)7)8,9)10,11)12	(2,4),(6,5),(7,3),(8,2),(10,1),(12,0)
7	31	((((0,1)2,(3,(4,5)6)7)8,9)10,11)12	(2,4),(6,5),(7,3),(8,2),(10,1),(12,0)
7	31	((((0,1)2,(3,(4,5)6)7)8,9)10,11)12	(2,3),(6,5),(7,4),(8,2),(10,1),(12,0)
7	31	((((0,1)2,(3,(4,5)6)7)8,9)10,11)12	(2,5),(6,4),(7,3),(8,2),(10,1),(12,0)
7	31	((((0,1)2,(3,(4,5)6)7)8,9)10,11)12	(2,5),(6,4),(7,3),(8,2),(10,1),(12,0)
7	32	(0,(1,(2,(3,((4,5)6,7)8)9)10)11)12	(6,5),(8,4),(9,3),(10,2),(11,1),(12,0)
7	32	(0,(1,(2,(3,((4,5)6,7)8)9)10)11)12	(6,5),(8,4),(9,3),(10,2),(11,1),(12,0)
7	32	(0,(1,(2,(3,((4,5)6,7)8)9)10)11)12	(6,5),(8,4),(9,3),(10,2),(11,1),(12,0)
7	32	(0,(1,(2,(3,((4,5)6,7)8)9)10)11)12	(6,5),(8,4),(9,3),(10,2),(11,1),(12,0)
7	32	(0,(1,(2,(3,((4,5)6,7)8)9)10)11)12	(6,5),(8,4),(9,3),(10,2),(11,1),(12,0)
7	32	(0,(1,(2,(3,((4,5)6,7)8)9)10)11)12	(6,5),(8,4),(9,3),(10,2),(11,1),(12,0)
7	32	(0,(1,(2,(3,((4,5)6,7)8)9)10)11)12	(6,5),(8,4),(9,3),(10,2),(11,1),(12,0)
7	32	(0,(1,(2,(3,((4,5)6,7)8)9)10)11)12	(6,5),(8,4),(9,3),(10,2),(11,1),(12,0)
7	32	(0,(1,(2,(3,((4,5)6,7)8)9)10)11)12	(6,5),(8,4),(9,3),(10,2),(11,1),(12,0)
7	32	(0,(1,(2,(3,((4,5)6,7)8)9)10)11)12	(6,5),(8,4),(9,3),(10,2),(11,1),(12,0)
7	33	(((((0,(1,2)3)4,5)6,7)8,9)10,11)12	(3,5),(4,4),(6,3),(8,2),(10,1),(12,0)
7	33	(((((0,(1,2)3)4,5)6,7)8,9)10,11)12	(3,5),(4,4),(6,3),(8,2),(10,1),(12,0)
7	33	(((((0,(1,2)3)4,5)6,7)8,9)10,11)12	(3,5),(4,4),(6,3),(8,2),(10,1),(12,0)
7	33	(((((0,(1,2)3)4,5)6,7)8,9)10,11)12	(3,5),(4,4),(6,3),(8,2),(10,1),(12,0)
7	33	(((((0,(1,2)3)4,5)6,7)8,9)10,11)12	(3,5),(4,4),(6,3),(8,2),(10,1),(12,0)
7	33	(((((0,(1,2)3)4,5)6,7)8,9)10,11)12	(3,5),(4,4),(6,3),(8,2),(10,1),(12,0)
7	33	(((((0,(1,2)3)4,5)6,7)8,9)10,11)12	(3,5),(4,4),(6,3),(8,2),(10,1),(12,0)
7	33	(((((0,(1,2)3)4,5)6,7)8,9)10,11)12	(3,5),(4,4),(6,3),(8,2),(10,1),(12,0)
7	33	(((((0,(1,2)3)4,5)6,7)8,9)10,11)12	(3,5),(4,4),(6,3),(8,2),(10,1),(12,0)
7	33	(((((0,(1,2)3)4,5)6,7)8,9)10,11)12	(3,5),(4,4),(6,3),(8,2),(10,1),(12,0)
7	34	((0,(((1,2)3,4)5,6)7)8,(9,10)11)12	(3,5),(5,3),(7,2),(8,1),(11,4),(12,0)
7	34	((0,(((1,2)3,4)5,6)7)8,(9,10)11)12	(3,5),(5,3),(7,2),(8,1),(11,4),(12,0)
7	34	((0,(((1,2)3,4)5,6)7)8,(9,10)11)12	(3,4),(5,3),(7,2),(8,1),(11,5),(12,0)
7	34	((0,(((1,2)3,4)5,6)7)8,(9,10)11)12	(3,5),(5,4),(7,3),(8,2),(11,1),(12,0)
7	34	((0,(((1,2)3,4)5,6)7)8,(9,10)11)12	(3,5),(5,4),(7,3),(8,2),(11,1),(12,0)
7	34	((0,(((1,2)3,4)5,6)7)8,(9,10)11)12	(3,5),(5,4),(7,3),(8,2),(11,1),(12,0)
7	34	((0,(((1,2)3,4)5,6)7)8,(9,10)11)12	(3,5),(5,4),(7,3),(8,2),(11,1),(12,0)
7	34	((0,(((1,2)3,4)5,6)7)8,(9,10)11)12	(3,5),(5,3),(7,2),(8,1),(11,4),(12,0)
7	34	((0,(((1,2)3,4)5,6)7)8,(9,10)11)12	(3,5),(5,3),(7,2),(8,1),(11,4),(12,0)
7	34	((0,(((1,2)3,4)5,6)7)8,(9,10)11)12	(3,5),(5,4),(7,3),(8,2),(11,1),(12,0)
7	35	(((0,(1,(2,(3,4)5)6)7)8,9)10,11)12	(5,5),(6,4),(7,3),(8,2),(10,1),(12,0)
7	35	(((0,(1,(2,(3,4)5)6)7)8,9)10,11)12	(5,5),(6,4),(7,3),(8,2),(10,1),(12,0)
7	35	(((0,(1,(2,(3,4)5)6)7)8,9)10,11)12	(5,5),(6,4),(7,3),(8,2),(10,1),(12,0)
7	35	(((0,(1,(2,(3,4)5)6)7)8,9)10,11)12	(5,5),(6,4),(7,3),(8,2),(10,1),(12,0)
7	35	(((0,(1,(2,(3,4)5)6)7)8,9)10,11)12	(5,5),(6,4),(7,3),(8,2),(10,1),(12,0)
7	35	(((0,(1,(2,(3,4)5)6)7)8,9)10,11)12	(5,5),(6,4),(7,3),(8,2),(10,1),(12,0)
7	35	(((0,(1,(2,(3,4)5)6)7)8,9)10,11)12	(5,5),(6,4),(7,3),(8,2),(10,1),(12,0)
7	35	(((0,(1,(2,(3,4)5)6)7)8,9)10,11)12	(5,5),(6,4),(7,3),(8,2),(10,1),(12,0)
7	35	(((0,(1,(2,(3,4)5)6)7)8,9)10,11)12	(5,5),(6,4),(7,3),(8,2),(10,1),(12,0)
7	35	(((0,(1,(2,(3,4)5)6)7)8,9)10,11)12	(5,5),(6,4),(7,3),(8,2),(10,1),(12,0)
7	36	(0,(1,((2,3)4,((5,6)7,8)9)10)11)12	(4,4),(7,5),(9,3),(10,2),(11,1),(12,0)
7	36	(0,(1,((2,3)4,((5,6)7,8)9)10)11)12	(4,4),(7,5),(9,3),(10,2),(11,1),(12,0)
7	36	(0,(1,((2,3)4,((5,6)7,8)9)10)11)12	(4,3),(7,5),(9,4),(10,2),(11,1),(12,0)
7	36	(0,(1,((2,3)4,((5,6)7,8)9)10)11)12	(4,5),(7,4),(9,3),(10,2),(11,1),(12,0)
7	36	(0,(1,((2,3)4,((5,6)7,8)9)10)11)12	(4,4),(7,5),(9,3),(10,2),(11,1),(12,0)
7	36	(0,(1,((2,3)4,((5,6)7,8)9)10)11)12	(4,3),(7,5),(9,4),(10,2),(11,1),(12,0)
7	36	(0,(1,((2,3)4,((5,6)7,8)9)10)11)12	(4,5),(7,4),(9,3),(10,2),(11,1),(12,0)
7	36	(0,(1,((2,3)4,((5,6)7,8)9)10)11)12	(4,5),(7,4),(9,3),(10,2),(11,1),(12,0)
7	36	(0,(1,((2,3)4,((5,6)7,8)9)10)11)12	(4,4),(7,5),(9,3),(10,2),(11,1),(12,0)
7	36	(0,(1,((2,3)4,((5,6)7,8)9)10)11)12	(4,5),(7,4),(9,3),(10,2),(11,1),(12,0)
7	37	((0,1)2,((3,(4,(5,6)7)8)9,10)11)12	(2,2),(7,5),(8,4),(9,3),(11,1),(12,0)
7	37	((0,1)2,((3,(4,(5,6)7)8)9,10)11)12	(2,2),(7,5),(8,4),(9,3),(11,1),(12,0)
7	37	((0,1)2,((3,(4,(5,6)7)8)9,10)11)12	(2,4),(7,5),(8,3),(9,2),(11,1),(12,0)
7	37	((0,1)2,((3,(4,(5,6)7)8)9,10)11)12	(2,3),(7,5),(8,4),(9,2),(11,1),(12,0)
7	37	((0,1)2,((3,(4,(5,6)7)8)9,10)11)12	(2,3),(7,5),(8,4),(9,2),(11,1),(12,0)
7	37	((0,1)2,((3,(4,(5,6)7)8)9,10)11)12	(2,2),(7,5),(8,4),(9,3),(11,1),(12,0)
7	37	((0,1)2,((3,(4,(5,6)7)8)9,10)11)12	(2,5),(7,4),(8,3),(9,2),(11,1),(12,0)
7	37	((0,1)2,((3,(4,(5,6)7)8)9,10)11)12	(2,1),(7,5),(8,4),(9,3),(11,2),(12,0)
7	37	((0,1)2,((3,(4,(5,6)7)8)9,10)11)12	(2,1),(7,5),(8,4),(9,3),(11,2),(12,0)
7	37	((0,1)2,((3,(4,(5,6)7)8)9,10)11)12	(2,2),(7,5),(8,4),(9,3),(11,1),(12,0)
7	38	((((0,1)2,(3,4)5)6,7)8,(9,10)11)12	(2,3),(5,5),(6,2),(8,1),(11,4),(12,0)
7	38	((((0,1)2,(3,4)5)6,7)8,(9,10)11)12	(2,5),(5,4),(6,3),(8,1),(11,2),(12,0)
7	38	((((0,1)2,(3,4)5)6,7)8,(9,10)11)12	(2,4),(5,5),(6,3),(8,1),(11,2),(12,0)
7	38	((((0,1)2,(3,4)5)6,7)8,(9,10)11)12	(2,4),(5,3),(6,2),(8,1),(11,5),(12,0)
7	38	((((0,1)2,(3,4)5)6,7)8,(9,10)11)12	(2,4),(5,5),(6,2),(8,1),(11,3),(12,0)
7	38	((((0,1)2,(3,4)5)6,7)8,(9,10)11)12	(2,4),(5,3),(6,2),(8,1),(11,5),(12,0)
7	38	((((0,1)2,(3,4)5)6,7)8,(9,10)11)12	(2,5),(5,4),(6,3),(8,2),(11,1),(12,0)
7	38	((((0,1)2,(3,4)5)6,7)8,(9,10)11)12	(2,3),(5,4),(6,2),(8,1),(11,5),(12,0)
7	38	((((0,1)2,(3,4)5)6,7)8,(9,10)11)12	(2,3),(5,5),(6,2),(8,1),(11,4),(12,0)
7	38	((((0,1)2,(3,4)5)6,7)8,(9,10)11)12	(2,3),(5,5),(6,2),(8,1),(11,4),(12,0)
7	39	((0,(((1,2)3,4)5,(6,7)8)9)10,11)12	(3,5),(5,3),(8,4),(9,2),(10,1),(12,0)
7	39	((0,(((1,2)3,4)5,(6,7)8)9)10,11)12	(3,5),(5,3),(8,4),(9,2),(10,1),(12,0)
7	39	((0,(((1,2)3,4)5,(6,7)8)9)10,11)12	(3,5),(5,3),(8,4),(9,2),(10,1),(12,0)
7	39	((0,(((1,2)3,4)5,(6,7)8)9)10,11)12	(3,4),(5,3),(8,5),(9,2),(10,1),(12,0)
7	39	((0,(((1,2)3,4)5,(6,7)8)9)10,11)12	(3,5),(5,4),(8,3),(9,2),(10,1),(12,0)
7	39	((0,(((1,2)3,4)5,(6,7)8)9)10,11)12	(3,5),(5,4),(8,3),(9,2),(10,1),(12,0)
7	39	((0,(((1,2)3,4)5,(6,7)8)9)10,11)12	(3,4),(5,3),(8,5),(9,2),(10,1),(12,0)
7	39	((0,(((1,2)3,4)5,(6,7)8)9)10,11)12	(3,4),(5,3),(8,5),(9,2),(10,1),(12,0)
7	39	((0,(((1,2)3,4)5,(6,7)8)9)10,11)12	(3,4),(5,3),(8,5),(9,2),(10,1),(12,0)
7	39	((0,(((1,2)3,4)5,(6,7)8)9)10,11)12	(3,4),(5,3),(8,5),(9,2),(10,1),(12,0)
7	40	((0,1)2,((3,4)5,(6,(7,8)9)10)11)12	(2,3),(5,2),(9,5),(10,4),(11,1),(12,0)
7	40	((0,1)2,((3,4)5,(6,(7,8)9)10)11)12	(2,5),(5,2),(9,4),(10,3),(11,1),(12,0)
7	40	((0,1)2,((3,4)5,(6,(7,8)9)10)11)12	(2,5),(5,4),(9,3),(10,2),(11,1),(12,0)
7	40	((0,1)2,((3,4)5,(6,(7,8)9)10)11)12	(2,1),(5,4),(9,5),(10,3),(11,2),(12,0)
7	40	((0,1)2,((3,4)5,(6,(7,8)9)10)11)12	(2,2),(5,5),(9,4),(10,3),(11,1),(12,0)
7	40	((0,1)2,((3,4)5,(6,(7,8)9)10)11)12	(2,2),(5,5),(9,4),(10,3),(11,1),(12,0)
7	40	((0,1)2,((3,4)5,(6,(7,8)9)10)11)12	(2,5),(5,2),(9,4),(10,3),(11,1),(12,0)
7	40	((0,1)2,((3,4)5,(6,(7,8)9)10)11)12	(2,4),(5,5),(9,3),(10,2),(11,1),(12,0)
7	40	((0,1)2,((3,4)5,(6,(7,8)9)10)11)12	(2,4),(5,2),(9,5),(10,3),(11,1),(12,0)
7	40	((0,1)2,((3,4)5,(6,(7,8)9)10)11)12	(2,4),(5,2),(9,5),(10,3),(11,1),(12,0)
7	41	(((0,1)2,((3,4)5,(6,7)8)9)10,11)12	(2,3),(5,4),(8,5),(9,2),(10,1),(12,0)
7	41	(((0,1)2,((3,4)5,(6,7)8)9)10,11)12	(2,3),(5,5),(8,4),(9,2),(10,1),(12,0)
7	41	(((0,1)2,((3,4)5,(6,7)8)9)10,11)12	(2,3),(5,4),(8,5),(9,2),(10,1),(12,0)
7	41	(((0,1)2,((3,4)5,(6,7)8)9)10,11)12	(2,2),(5,4),(8,5),(9,3),(10,1),(12,0)
7	41	(((0,1)2,((3,4)5,(6,7)8)9)10,11)12	(2,3),(5,5),(8,4),(9,2),(10,1),(12,0)
7	41	(((0,1)2,((3,4)5,(6,7)8)9)10,11)12	(2,5),(5,4),(8,3),(9,2),(10,1),(12,0)
7	41	(((0,1)2,((3,4)5,(6,7)8)9)10,11)12	(2,4),(5,3),(8,5),(9,2),(10,1),(12,0)
7	41	(((0,1)2,((3,4)5,(6,7)8)9)10,11)12	(2,5),(5,3),(8,4),(9,2),(10,1),(12,0)
7	41	(((0,1)2,((3,4)5,(6,7)8)9)10,11)12	(2,3),(5,5),(8,4),(9,2),(10,1),(12,0)
7	41	(((0,1)2,((3,4)5,(6,7)8)9)10,11)12	(2,2),(5,5),(8,4),(9,3),(10,1),(12,0)
7	42	(0,(((1,((2,3)4,5)6)7,8)9,10)11)12	(4,5),(6,4),(7,3),(9,2),(11,1),(12,0)
7	42	(0,(((1,((2,3)4,5)6)7,8)9,10)11)12	(4,5),(6,4),(7,3),(9,2),(11,1),(12,0)
7	42	(0,(((1,((2,3)4,5)6)7,8)9,10)11)12	(4,5),(6,4),(7,3),(9,2),(11,1),(12,0)
7	42	(0,(((1,((2,3)4,5)6)7,8)9,10)11)12	(4,5),(6,4),(7,3),(9,2),(11,1),(12,0)
7	42	(0,(((1,((2,3)4,5)6)7,8)9,10)11)12	(4,5),(6,4),(7,3),(9,2),(11,1),(12,0)
7	42	(0,(((1,((2,3)4,5)6)7,8)9,10)11)12	(4,5),(6,4),(7,3),(9,2),(11,1),(12,0)
7	42	(0,(((1,((2,3)4,5)6)7,8)9,10)11)12	(4,5),(6,4),(7,3),(9,2),(11,1),(12,0)
7	42	(0,(((1,((2,3)4,5)6)7,8)9,10)11)12	(4,5),(6,4),(7,3),(9,2),(11,1),(12,0)
7	42	(0,(((1,((2,3)4,5)6)7,8)9,10)11)12	(4,5),(6,4),(7,3),(9,2),(11,1),(12,0)
7	42	(0,(((1,((2,3)4,5)6)7,8)9,10)11)12	(4,5),(6,4),(7,3),(9,2),(11,1),(12,0)
7	43	(((((0,1)2,(3,4)5)6,7)8,9)10,11)12	(2,5),(5,4),(6,3),(8,2),(10,1),(12,0)
7	43	(((((0,1)2,(3,4)5)6,7)8,9)10,11)12	(2,4),(5,5),(6,3),(8,2),(10,1),(12,0)
7	43	(((((0,1)2,(3,4)5)6,7)8,9)10,11)12	(2,4),(5,5),(6,3),(8,2),(10,1),(12,0)
7	43	(((((0,1)2,(3,4)5)6,7)8,9)10,11)12	(2,5),(5,4),(6,3),(8,2),(10,1),(12,0)
7	43	(((((0,1)2,(3,4)5)6,7)8,9)10,11)12	(2,4),(5,5),(6,3),(8,2),(10,1),(12,0)
7	43	(((((0,1)2,(3,4)5)6,7)8,9)10,11)12	(2,5),(5,4),(6,3),(8,2),(10,1),(12,0)
7	43	(((((0,1)2,(3,4)5)6,7)8,9)10,11)12	(2,5),(5,4),(6,3),(8,2),(10,1),(12,0)
7	43	(((((0,1)2,(3,4)5)6,7)8,9)10,11)12	(2,4),(5,5),(6,3),(8,2),(10,1),(12,0)
7	43	(((((0,1)2,(3,4)5)6,7)8,9)10,11)12	(2,5),(5,4),(6,3),(8,2),(10,1),(12,0)
7	43	(((((0,1)2,(3,4)5)6,7)8,9)10,11)12	(2,4),(5,5),(6,3),(8,2),(10,1),(12,0)
7	44	(0,((1,2)3,(((4,5)6,7)8,9)10)11)12	(3,5),(6,4),(8,3),(10,2),(11,1),(12,0)
7	44	(0,((1,2)3,(((4,5)6,7)8,9)10)11)12	(3,2),(6,5),(8,4),(10,3),(11,1),(12,0)
7	44	(0,((1,2)3,(((4,5)6,7)8,9)10)11)12	(3,3),(6,5),(8,4),(10,2),(11,1),(12,0)
7	44	(0,((1,2)3,(((4,5)6,7)8,9)10)11)12	(3,4),(6,5),(8,3),(10,2),(11,1),(12,0)
7	44	(0,((1,2)3,(((4,5)6,7)8,9)10)11)12	(3,4),(6,5),(8,3),(10,2),(11,1),(12,0)
7	44	(0,((1,2)3,(((4,5)6,7)8,9)10)11)12	(3,2),(6,5),(8,4),(10,3),(11,1),(12,0)
7	44	(0,((1,2)3,(((4,5)6,7)8,9)10)11)12	(3,5),(6,4),(8,3),(10,2),(11,1),(12,0)
7	44	(0,((1,2)3,(((4,5)6,7)8,9)10)11)12	(3,3),(6,5),(8,4),(10,2),(11,1),(12,0)
7	44	(0,((1,2)3,(((4,5)6,7)8,9)10)11)12	(3,4),(6,5),(8,3),(10,2),(11,1),(12,0)
7	44	(0,((1,2)3,(((4,5)6,7)8,9)10)11)12	(3,5),(6,4),(8,3),(10,2),(11,1),(12,0)
7	45	(((0,(1,2)3)4,(5,(6,7)8)9)10,11)12	(3,5),(4,4),(8,3),(9,2),(10,1),(12,0)
7	45	(((0,(1,2)3)4,(5,(6,7)8)9)10,11)12	(3,3),(4,2),(8,5),(9,4),(10,1),(12,0)
7	45	(((0,(1,2)3)4,(5,(6,7)8)9)10,11)12	(3,5),(4,2),(8,4),(9,3),(10,1),(12,0)
7	45	(((0,(1,2)3)4,(5,(6,7)8)9)10,11)12	(3,4),(4,2),(8,5),(9,3),(10,1),(12,0)
7	45	(((0,(1,2)3)4,(5,(6,7)8)9)10,11)12	(3,4),(4,3),(8,5),(9,2),(10,1),(12,0)
7	45	(((0,(1,2)3)4,(5,(6,7)8)9)10,11)12	(3,3),(4,2),(8,5),(9,4),(10,1),(12,0)
7	45	(((0,(1,2)3)4,(5,(6,7)8)9)10,11)12	(3,5),(4,3),(8,4),(9,2),(10,1),(12,0)
7	45	(((0,(1,2)3)4,(5,(6,7)8)9)10,11)12	(3,3),(4,2),(8,5),(9,4),(10,1),(12,0)
7	45	(((0,(1,2)3)4,(5,(6,7)8)9)10,11)12	(3,5),(4,4),(8,3),(9,2),(10,1),(12,0)
7	45	(((0,(1,2)3)4,(5,(6,7)8)9)10,11)12	(3,5),(4,3),(8,4),(9,2),(10,1),(12,0)
7	46	(0,(1,((2,3)4,((5,6)7,8)9)10)11)12	(4,3),(7,5),(9,4),(10,2),(11,1),(12,0)
7	46	(0,(1,((2,3)4,((5,6)7,8)9)10)11)12	(4,5),(7,4),(9,3),(10,2),(11,1),(12,0)
7	46	(0,(1,((2,3)4,((5,6)7,8)9)10)11)12	(4,5),(7,4),(9,3),(10,2),(11,1),(12,0)
7	46	(0,(1,((2,3)4,((5,6)7,8)9)10)11)12	(4,4),(7,5),(9,3),(10,2),(11,1),(12,0)
7	46	(0,(1,((2,3)4,((5,6)7,8)9)10)11)12	(4,3),(7,5),(9,4),(10,2),(11,1),(12,0)
7	46	(0,(1,((2,3)4,((5,6)7,8)9)10)11)12	(4,3),(7,5),(9,4),(10,2),(11,1),(12,0)
7	46	(0,(1,((2,3)4,((5,6)7,8)9)10)11)12	(4,3),(7,5),(9,4),(10,2),(11,1),(12,0)
7	46	(0,(1,((2,3)4,((5,6)7,8)9)10)11)12	(4,4),(7,5),(9,3),(10,2),(11,1),(12,0)
7	46	(0,(1,((2,3)4,((5,6)7,8)9)10)11)12	(4,5),(7,4),(9,3),(10,2),(11,1),(12,0)
7	46	(0,(1,((2,3)4,((5,6)7,8)9)10)11)12	(4,5),(7,4),(9,3),(10,2),(11,1),(12,0)
7	47	((0,1)2,((((3,4)5,6)7,8)9,10)11)12	(2,1),(5,5),(7,4),(9,3),(11,2),(12,0)
7	47	((0,1)2,((((3,4)5,6)7,8)9,10)11)12	(2,5),(5,4),(7,3),(9,2),(11,1),(12,0)
7	47	((0,1)2,((((3,4)5,6)7,8)9,10)11)12	(2,1),(5,5),(7,4),(9,3),(11,2),(12,0)
7	47	((0,1)2,((((3,4)5,6)7,8)9,10)11)12	(2,1),(5,5),(7,4),(9,3),(11,2),(12,0)
7	47	((0,1)2,((((3,4)5,6)7,8)9,10)11)12	(2,4),(5,5),(7,3),(9,2),(11,1),(12,0)
7	47	((0,1)2,((((3,4)5,6)7,8)9,10)11)12	(2,5),(5,4),(7,3),(9,2),(11,1),(12,0)
7	47	((0,1)2,((((3,4)5,6)7,8)9,10)11)12	(2,3),(5,5),(7,4),(9,2),(11,1),(12,0)
7	47	((0,1)2,((((3,4)5,6)7,8)9,10)11)12	(2,1),(5,5),(7,4),(9,3),(11,2),(12,0)
7	47	((0,1)2,((((3,4)5,6)7,8)9,10)11)12	(2,2),(5,5),(7,4),(9,3),(11,1),(12,0)
7	47	((0,1)2,((((3,4)5,6)7,8)9,10)11)12	(2,5),(5,4),(7,3),(9,2),(11,1),(12,0)
7	48	((((0,1)2,(3,4)5)6,7)8,(9,10)11)12	(2,4),(5,5),(6,3),(8,2),(11,1),(12,0)
7	48	((((0,1)2,(3,4)5)6,7)8,(9,10)11)12	(2,3),(5,4),(6,2),(8,1),(11,5),(12,0)
7	48	((((0,1)2,(3,4)5)6,7)8,(9,10)11)12	(2,5),(5,4),(6,2),(8,1),(11,3),(12,0)
7	48	((((0,1)2,(3,4)5)6,7)8,(9,10)11)12	(2,4),(5,5),(6,3),(8,2),(11,1),(12,0)
7	48	((((0,1)2,(3,4)5)6,7)8,(9,10)11)12	(2,5),(5,4),(6,3),(8,1),(11,2),(12,0)
7	48	((((0,1)2,(3,4)5)6,7)8,(9,10)11)12	(2,5),(5,4),(6,3),(8,1),(11,2),(12,0)
7	48	((((0,1)2,(3,4)5)6,7)8,(9,10)11)12	(2,4),(5,5),(6,3),(8,2),(11,1),(12,0)
7	48	((((0,1)2,(3,4)5)6,7)8,(9,10)11)12	(2,4),(5,5),(6,3),(8,1),(11,2),(12,0)
7	48	((((0,1)2,(3,4)5)6,7)8,(9,10)11)12	(2,3),(5,5),(6,2),(8,1),(11,4),(12,0)
7	48	((((0,1)2,(3,4)5)6,7)8,(9,10)11)12	(2,4),(5,5),(6,3),(8,2),(11,1),(12,0)
7	49	(0,((((1,2)3,4)5,(6,7)8)9,10)11)12	(3,5),(5,4),(8,3),(9,2),(11,1),(12,0)
7	49	(0,((((1,2)3,4)5,(6,7)8)9,10)11)12	(3,5),(5,4),(8,3),(9,2),(11,1),(12,0)
7	49	(0,((((1,2)3,4)5,(6,7)8)9,10)11)12	(3,5),(5,3),(8,4),(9,2),(11,1),(12,0)
7	49	(0,((((1,2)3,4)5,(6,7)8)9,10)11)12	(3,5),(5,4),(8,3),(9,2),(11,1),(12,0)
7	49	(0,((((1,2)3,4)5,(6,7)8)9,10)11)12	(3,5),(5,4),(8,3),(9,2),(11,1),(12,0)
7	49	(0,((((1,2)3,4)5,(6,7)8)9,10)11)12	(3,5),(5,4),(8,3),(9,2),(11,1),(12,0)
7	49	(0,((((1,2)3,4)5,(6,7)8)9,10)11)12	(3,5),(5,3),(8,4),(9,2),(11,1),(12,0)
7	49	(0,((((1,2)3,4)5,(6,7)8)9,10)11)12	(3,4),(5,3),(8,5),(9,2),(11,1),(12,0)
7	49	(0,((((1,2)3,4)5,(6,7)8)9,10)11)12	(3,5),(5,4),(8,3),(9,2),(11,1),(12,0)
7	49	(0,((((1,2)3,4)5,(6,7)8)9,10)11)12	(3,4),(5,3),(8,5),(9,2),(11,1),(12,0)
7	50	(((0,(1,2)3)4,(5,(6,7)8)9)10,11)12	(3,4),(4,3),(8,5),(9,2),(10,1),(12,0)
7	50	(((0,(1,2)3)4,(5,(6,7)8)9)10,11)12	(3,5),(4,3),(8,4),(9,2),(10,1),(12,0)
7	50	(((0,(1,2)3)4,(5,(6,7)8)9)10,11)12	(3,4),(4,3),(8,5),(9,2),(10,1),(12,0)
7	50	(((0,(1,2)3)4,(5,(6,7)8)9)10,11)12	(3,5),(4,4),(8,3),(9,2),(10,1),(12,0)
7	50	(((0,(1,2)3)4,(5,(6,7)8)9)10,11)12	(3,5),(4,3),(8,4),(9,2),(10,1),(12,0)
7	50	(((0,(1,2)3)4,(5,(6,7)8)9)10,11)12	(3,4),(4,3),(8,5),(9,2),(10,1),(12,0)
7	50	(((0,(1,2)3)4,(5,(6,7)8)9)10,11)12	(3,4),(4,3),(8,5),(9,2),(10,1),(12,0)
7	50	(((0,(1,2)3)4,(5,(6,7)8)9)10,11)12	(3,5),(4,2),(8,4),(9,3),(10,1),(12,0)
7	50	(((0,(1,2)3)4,(5,(6,7)8)9)10,11)12	(3,4),(4,2),(8,5),(9,3),(10,1),(12,0)
7	50	(((0,(1,2)3)4,(5,(6,7)8)9)10,11)12	(3,3),(4,2),(8,5),(9,4),(10,1),(12,0)
7	51	((0,(((1,2)3,4)5,(6,7)8)9)10,11)12	(3,5),(5,3),(8,4),(9,2),(10,1),(12,0)
7	51	((0,(((1,2)3,4)5,(6,7)8)9)10,11)12	(3,5),(5,4),(8,3),(9,2),(10,1),(12,0)
7	51	((0,(((1,2)3,4)5,(6,7)8)9)10,11)12	(3,4),(5,3),(8,5),(9,2),(10,1),(12,0)
7	51	((0,(((1,2)3,4)5,(6,7)8)9)10,11)12	(3,5),(5,3),(8,4),(9,2),(10,1),(12,0)
7	51	((0,(((1,2)3,4)5,(6,7)8)9)10,11)12	(3,5),(5,3),(8,4),(9,2),(10,1),(12,0)
7	51	((0,(((1,2)3,4)5,(6,7)8)9)10,11)12	(3,5),(5,3),(8,4),(9,2),(10,1),(12,0)
7	51	((0,(((1,2)3,4)5,(6,7)8)9)10,11)12	(3,4),(5,3),(8,5),(9,2),(10,1),(12,0)
7	51	((0,(((1,2)3,4)5,(6,7)8)9)10,11)12	(3,4),(5,3),(8,5),(9,2),(10,1),(12,0)
7	51	((0,(((1,2)3,4)5,(6,7)8)9)10,11)12	(3,4),(5,3),(8,5),(9,2),(10,1),(12,0)
7	51	((0,(((1,2)3,4)5,(6,7)8)9)10,11)12	(3,4),(5,3),(8,5),(9,2),(10,1),(12,0)
7	52	((((0,1)2,(3,(4,5)6)7)8,9)10,11)12	(2,3),(6,5),(7,4),(8,2),(10,1),(12,0)
7	52	((((0,1)2,(3,(4,5)6)7)8,9)10,11)12	(2,4),(6,5),(7,3),(8,2),(10,1),(12,0)
7	52	((((0,1)2,(3,(4,5)6)7)8,9)10,11)12	(2,5),(6,4),(7,3),(8,2),(10,1),(12,0)
7	52	((((0,1)2,(3,(4,5)6)7)8,9)10,11)12	(2,4),(6,5),(7,3),(8,2),(10,1),(12,0)
7	52	((((0,1)2,(3,(4,5)6)7)8,9)10,11)12	(2,5),(6,4),(7,3),(8,2),(10,1),(12,0)
7	52	((((0,1)2,(3,(4,5)6)7)8,9)10,11)12	(2,3),(6,5),(7,4),(8,2),(10,1),(12,0)
7	52	((((0,1)2,(3,(4,5)6)7)8,9)10,11)12	(2,5),(6,4),(7,3),(8,2),(10,1),(12,0)
7	52	((((0,1)2,(3,(4,5)6)7)8,9)10,11)12	(2,4),(6,5),(7,3),(8,2),(10,1),(12,0)
7	52	((((0,1)2,(3,(4,5)6)7)8,9)10,11)12	(2,3),(6,5),(7,4),(8,2),(10,1),(12,0)
7	52	((((0,1)2,(3,(4,5)6)7)8,9)10,11)12	(2,4),(6,5),(7,3),(8,2),(10,1),(12,0)
7	53	(0,(1,(2,(3,((4,5)6,7)8)9)10)11)12	(6,5),(8,4),(9,3),(10,2),(11,1),(12,0)
7	53	(0,(1,(2,(3,((4,5)6,7)8)9)10)11)12	(6,5),(8,4),(9,3),(10,2),(11,1),(12,0)
7	53	(0,(1,(2,(3,((4,5)6,7)8)9)10)11)12	(6,5),(8,4),(9,3),(10,2),(11,1),(12,0)
7	53	(0,(1,(2,(3,((4,5)6,7)8)9)10)11)12	(6,5),(8,4),(9,3),(10,2),(11,1),(12,0)
7	53	(0,(1,(2,(3,((4,5)6,7)8)9)10)11)12	(6,5),(8,4),(9,3),(10,2),(11,1),(12,0)
7	53	(0,(1,(2,(3,((4,5)6,7)8)9)10)11)12	(6,5),(8,4),(9,3),(10,2),(11,1),(12,0)
7	53	(0,(1,(2,(3,((4,5)6,7)8)9)10)11)12	(6,5),(8,4),(9,3),(10,2),(11,1),(12,0)
7	53	(0,(1,(2,(3,((4,5)6,7)8)9)10)11)12	(6,5),(8,4),(9,3),(10,2),(11,1),(12,0)
7	53	(0,(1,(2,(3,((4,5)6,7)8)9)10)11)12	(6,5),(8,4),(9,3),(10,2),(11,1),(12,0)
7	53	(0,(1,(2,(3,((4,5)6,7)8)9)10)11)12	(6,5),(8,4),(9,3),(10,2),(11,1),(12,0)
7	54	(((0,(1,2)3)4,(5,(6,7)8)9)10,11)12	(3,5),(4,2),(8,4),(9,3),(10,1),(12,0)
7	54	(((0,(1,2)3)4,(5,(6,7)8)9)10,11)12	(3,3),(4,2),(8,5),(9,4),(10,1),(12,0)
7	54	(((0,(1,2)3)4,(5,(6,7)8)9)10,11)12	(3,5),(4,4),(8,3),(9,2),(10,1),(12,0)
7	54	(((0,(1,2)3)4,(5,(6,7)8)9)10,11)12	(3,5),(4,3),(8,4),(9,2),(10,1),(12,0)
7	54	(((0,(1,2)3)4,(5,(6,7)8)9)10,11)12	(3,5),(4,3),(8,4),(9,2),(10,1),(12,0)
7	54	(((0,(1,2)3)4,(5,(6,7)8)9)10,11)12	(3,3),(4,2),(8,5),(9,4),(10,1),(12,0)
7	54	(((0,(1,2)3)4,(5,(6,7)8)9)10,11)12	(3,5),(4,2),(8,4),(9,3),(10,1),(12,0)
7	54	(((0,(1,2)3)4,(5,(6,7)8)9)10,11)12	(3,5),(4,2),(8,4),(9,3),(10,1),(12,0)
7	54	(((0,(1,2)3)4,(5,(6,7)8)9)10,11)12	(3,5),(4,3),(8,4),(9,2),(10,1),(12,0)
7	54	(((0,(1,2)3)4,(5,(6,7)8)9)10,11)12	(3,4),(4,2),(8,5),(9,3),(10,1),(12,0)
7	55	(0,(1,((2,3)4,((5,6)7,8)9)10)11)12	(4,4),(7,5),(9,3),(10,2),(11,1),(12,0)
7	55	(0,(1,((2,3)4,((5,6)7,8)9)10)11)12	(4,4),(7,5),(9,3),(10,2),(11,1),(12,0)
7	55	(0,(1,((2,3)4,((5,6)7,8)9)10)11)12	(4,3),(7,5),(9,4),(10,2),(11,1),(12,0)
7	55	(0,(1,((2,3)4,((5,6)7,8)9)10)11)12	(4,5),(7,4),(9,3),(10,2),(11,1),(12,0)
7	55	(0,(1,((2,3)4,((5,6)7,8)9)10)11)12	(4,5),(7,4),(9,3),(10,2),(11,1),(12,0)
7	55	(0,(1,((2,3)4,((5,6)7,8)9)10)11)12	(4,3),(7,5),(9,4),(10,2),(11,1),(12,0)
7	55	(0,(1,((2,3)4,((5,6)7,8)9)10)11)12	(4,4),(7,5),(9,3),(10,2),(11,1),(12,0)
7	55	(0,(1,((2,3)4,((5,6)7,8)9)10)11)12	(4,3),(7,5),(9,4),(10,2),(11,1),(12,0)
7	55	(0,(1,((2,3)4,((5,6)7,8)9)10)11)12	(4,5),(7,4),(9,3),(10,2),(11,1),(12,0)
7	55	(0,(1,((2,3)4,((5,6)7,8)9)10)11)12	(4,5),(7,4),(9,3),(10,2),(11,1),(12,0)
7	56	(((0,(1,2)3)4,(5,(6,7)8)9)10,11)12	(3,4),(4,3),(8,5),(9,2),(10,1),(12,0)
7	56	(((0,(1,2)3)4,(5,(6,7)8)9)10,11)12	(3,4),(4,3),(8,5),(9,2),(10,1),(12,0)
7	56	(((0,(1,2)3)4,(5,(6,7)8)9)10,11)12	(3,3),(4,2),(8,5),(9,4),(10,1),(12,0)
7	56	(((0,(1,2)3)4,(5,(6,7)8)9)10,11)12	(3,5),(4,2),(8,4),(9,3),(10,1),(12,0)
7	56	(((0,(1,2)3)4,(5,(6,7)8)9)10,11)12	(3,5),(4,4),(8,3),(9,2),(10,1),(12,0)
7	56	(((0,(1,2)3)4,(5,(6,7)8)9)10,11)12	(3,3),(4,2),(8,5),(9,4),(10,1),(12,0)
7	56	(((0,(1,2)3)4,(5,(6,7)8)9)10,11)12	(3,4),(4,3),(8,5),(9,2),(10,1),(12,0)
7	56	(((0,(1,2)3)4,(5,(6,7)8)9)10,11)12	(3,5),(4,2),(8,4),(9,3),(10,1),(12,0)
7	56	(((0,(1,2)3)4,(5,(6,7)8)9)10,11)12	(3,4),(4,3),(8,5),(9,2),(10,1),(12,0)
7	56	(((0,(1,2)3)4,(5,(6,7)8)9)10,11)12	(3,3),(4,2),(8,5),(9,4),(10,1),(12,0)
7	57	(0,(((1,(2,3)4)5,(6,7)8)9,10)11)12	(4,5),(5,3),(8,4),(9,2),(11,1),(12,0)
7	57	(0,(((1,(2,3)4)5,(6,7)8)9,10)11)12	(4,5),(5,4),(8,3),(9,2),(11,1),(12,0)
7	57	(0,(((1,(2,3)4)5,(6,7)8)9,10)11)12	(4,4),(5,3),(8,5),(9,2),(11,1),(12,0)
7	57	(0,(((1,(2,3)4)5,(6,7)8)9,10)11)12	(4,4),(5,3),(8,5),(9,2),(11,1),(12,0)
7	57	(0,(((1,(2,3)4)5,(6,7)8)9,10)11)12	(4,5),(5,4),(8,3),(9,2),(11,1),(12,0)
7	57	(0,(((1,(2,3)4)5,(6,7)8)9,10)11)12	(4,5),(5,4),(8,3),(9,2),(11,1),(12,0)
7	57	(0,(((1,(2,3)4)5,(6,7)8)9,10)11)12	(4,4),(5,3),(8,5),(9,2),(11,1),(12,0)
7	57	(0,(((1,(2,3)4)5,(6,7)8)9,10)11)12	(4,4),(5,3),(8,5),(9,2),(11,1),(12,0)
7	57	(0,(((1,(2,3)4)5,(6,7)8)9,10)11)12	(4,5),(5,3),(8,4),(9,2),(11,1),(12,0)
7	57	(0,(((1,(2,3)4)5,(6,7)8)9,10)11)12	(4,5),(5,4),(8,3),(9,2),(11,1),(12,0)
7	58	(0,((1,((2,3)4,5)6)7,(8,9)10)11)12	(4,5),(6,4),(7,3),(10,2),(11,1),(12,0)
7	58	(0,((1,((2,3)4,5)6)7,(8,9)10)11)12	(4,4),(6,3),(7,2),(10,5),(11,1),(12,0)
7	58	(0,((1,((2,3)4,5)6)7,(8,9)10)11)12	(4,5),(6,4),(7,2),(10,3),(11,1),(12,0)
7	58	(0,((1,((2,3)4,5)6)7,(8,9)10)11)12	(4,5),(6,4),(7,3),(10,2),(11,1),(12,0)
7	58	(0,((1,((2,3)4,5)6)7,(8,9)10)11)12	(4,4),(6,3),(7,2),(10,5),(11,1),(12,0)
7	58	(0,((1,((2,3)4,5)6)7,(8,9)10)11)12	(4,4),(6,3),(7,2),(10,5),(11,1),(12,0)
7	58	(0,((1,((2,3)4,5)6)7,(8,9)10)11)12	(4,5),(6,4),(7,2),(10,3),(11,1),(12,0)
7	58	(0,((1,((2,3)4,5)6)7,(8,9)10)11)12	(4,4),(6,3),(7,2),(10,5),(11,1),(12,0)
7	58	(0,((1,((2,3)4,5)6)7,(8,9)10)11)12	(4,4),(6,3),(7,2),(10,5),(11,1),(12,0)
7	58	(0,((1,((2,3)4,5)6)7,(8,9)10)11)12	(4,4),(6,3),(7,2),(10,5),(11,1),(12,0)
7	59	(0,((1,2)3,((4,(5,6)7)8,9)10)11)12	(3,5),(7,4),(8,3),(10,2),(11,1),(12,0)
7	59	(0,((1,2)3,((4,(5,6)7)8,9)10)11)12	(3,4),(7,5),(8,3),(10,2),(11,1),(12,0)
7	59	(0,((1,2)3,((4,(5,6)7)8,9)10)11)12	(3,4),(7,5),(8,3),(10,2),(11,1),(12,0)
7	59	(0,((1,2)3,((4,(5,6)7)8,9)10)11)12	(3,5),(7,4),(8,3),(10,2),(11,1),(12,0)
7	59	(0,((1,2)3,((4,(5,6)7)8,9)10)11)12	(3,3),(7,5),(8,4),(10,2),(11,1),(12,0)
7	59	(0,((1,2)3,((4,(5,6)7)8,9)10)11)12	(3,3),(7,5),(8,4),(10,2),(11,1),(12,0)
7	59	(0,((1,2)3,((4,(5,6)7)8,9)10)11)12	(3,5),(7,4),(8,3),(10,2),(11,1),(12,0)
7	59	(0,((1,2)3,((4,(5,6)7)8,9)10)11)12	(3,5),(7,4),(8,3),(10,2),(11,1),(12,0)
7	59	(0,((1,2)3,((4,(5,6)7)8,9)10)11)12	(3,4),(7,5),(8,3),(10,2),(11,1),(12,0)
7	59	(0,((1,2)3,((4,(5,6)7)8,9)10)11)12	(3,5),(7,4),(8,3),(10,2),(11,1),(12,0)
7	60	((0,(1,2)3)4,((5,6)7,(8,9)10)11)12	(3,3),(4,2),(7,5),(10,4),(11,1),(12,0)
7	60	((0,(1,2)3)4,((5,6)7,(8,9)10)11)12	(3,5),(4,4),(7,3),(10,2),(11,1),(12,0)
7	60	((0,(1,2)3)4,((5,6)7,(8,9)10)11)12	(3,4),(4,2),(7,5),(10,3),(11,1),(12,0)
7	60	((0,(1,2)3)4,((5,6)7,(8,9)10)11)12	(3,5),(4,2),(7,3),(10,4),(11,1),(12,0)
7	60	((0,(1,2)3)4,((5,6)7,(8,9)10)11)12	(3,5),(4,2),(7,4),(10,3),(11,1),(12,0)
7	60	((0,(1,2)3)4,((5,6)7,(8,9)10)11)12	(3,4),(4,1),(7,3),(10,5),(11,2),(12,0)
7	60	((0,(1,2)3)4,((5,6)7,(8,9)10)11)12	(3,3),(4,2),(7,4),(10,5),(11,1),(12,0)
7	60	((0,(1,2)3)4,((5,6)7,(8,9)10)11)12	(3,3),(4,2),(7,4),(10,5),(11,1),(12,0)
7	60	((0,(1,2)3)4,((5,6)7,(8,9)10)11)12	(3,5),(4,2),(7,3),(10,4),(11,1),(12,0)
7	60	((0,(1,2)3)4,((5,6)7,(8,9)10)11)12	(3,5),(4,2),(7,4),(10,3),(11,1),(12,0)
7	61	(((0,(1,((2,3)4,5)6)7)8,9)10,11)12	(4,5),(6,4),(7,3),(8,2),(10,1),(12,0)
7	61	(((0,(1,((2,3)4,5)6)7)8,9)10,11)12	(4,5),(6,4),(7,3),(8,2),(10,1),(12,0)
7	61	(((0,(1,((2,3)4,5)6)7)8,9)10,11)12	(4,5),(6,4),(7,3),(8,2),(10,1),(12,0)
7	61	(((0,(1,((2,3)4,5)6)7)8,9)10,11)12	(4,5),(6,4),(7,3),(8,2),(10,1),(12,0)
7	61	(((0,(1,((2,3)4,5)6)7)8,9)10,11)12	(4,5),(6,4),(7,3),(8,2),(10,1),(12,0)
7	61	(((0,(1,((2,3)4,5)6)7)8,9)10,11)12	(4,5),(6,4),(7,3),(8,2),(10,1),(12,0)
7	61	(((0,(1,((2,3)4,5)6)7)8,9)10,11)12	(4,5),(6,4),(7,3),(8,2),(10,1),(12,0)
7	61	(((0,(1,((2,3)4,5)6)7)8,9)10,11)12	(4,5),(6,4),(7,3),(8,2),(10,1),(12,0)
7	61	(((0,(1,((2,3)4,5)6)7)8,9)10,11)12	(4,5),(6,4),(7,3),(8,2),(10,1),(12,0)
7	61	(((0,(1,((2,3)4,5)6)7)8,9)10,11)12	(4,5),(6,4),(7,3),(8,2),(10,1),(12,0)
7	62	((0,(((1,(2,3)4)5,6)7,8)9)10,11)12	(4,5),(5,4),(7,3),(9,2),(10,1),(12,0)
7	62	((0,(((1,(2,3)4)5,6)7,8)9)10,11)12	(4,5),(5,4),(7,3),(9,2),(10,1),(12,0)
7	62	((0,(((1,(2,3)4)5,6)7,8)9)10,11)12	(4,5),(5,4),(7,3),(9,2),(10,1),(12,0)
7	62	((0,(((1,(2,3)4)5,6)7,8)9)10,11)12	(4,5),(5,4),(7,3),(9,2),(10,1),(12,0)
7	62	((0,(((1,(2,3)4)5,6)7,8)9)10,11)12	(4,5),(5,4),(7,3),(9,2),(10,1),(12,0)
7	62	((0,(((1,(2,3)4)5,6)7,8)9)10,11)12	(4,5),(5,4),(7,3),(9,2),(10,1),(12,0)
7	62	((0,(((1,(2,3)4)5,6)7,8)9)10,11)12	(4,5),(5,4),(7,3),(9,2),(10,1),(12,0)
7	62	((0,(((1,(2,3)4)5,6)7,8)9)10,11)12	(4,5),(5,4),(7,3),(9,2),(10,1),(12,0)
7	62	((0,(((1,(2,3)4)5,6)7,8)9)10,11)12	(4,5),(5,4),(7,3),(9,2),(10,1),(12,0)
7	62	((0,(((1,(2,3)4)5,6)7,8)9)10,11)12	(4,5),(5,4),(7,3),(9,2),(10,1),(12,0)
7	63	((((0,1)2,((3,4)5,6)7)8,9)10,11)12	(2,3),(5,5),(7,4),(8,2),(10,1),(12,0)
7	63	((((0,1)2,((3,4)5,6)7)8,9)10,11)12	(2,4),(5,5),(7,3),(8,2),(10,1),(12,0)
7	63	((((0,1)2,((3,4)5,6)7)8,9)10,11)12	(2,3),(5,5),(7,4),(8,2),(10,1),(12,0)
7	63	((((0,1)2,((3,4)5,6)7)8,9)10,11)12	(2,3),(5,5),(7,4),(8,2),(10,1),(12,0)
7	63	((((0,1)2,((3,4)5,6)7)8,9)10,11)12	(2,4),(5,5),(7,3),(8,2),(10,1),(12,0)
7	63	((((0,1)2,((3,4)5,6)7)8,9)10,11)12	(2,5),(5,4),(7,3),(8,2),(10,1),(12,0)
7	63	((((0,1)2,((3,4)5,6)7)8,9)10,11)12	(2,5),(5,4),(7,3),(8,2),(10,1),(12,0)
7	63	((((0,1)2,((3,4)5,6)7)8,9)10,11)12	(2,5),(5,4),(7,3),(8,2),(10,1),(12,0)
7	63	((((0,1)2,((3,4)5,6)7)8,9)10,11)12	(2,3),(5,5),(7,4),(8,2),(10,1),(12,0)
7	63	((((0,1)2,((3,4)5,6)7)8,9)10,11)12	(2,5),(5,4),(7,3),(8,2),(10,1),(12,0)
7	64	((((0,1)2,3)4,5)6,((7,8)9,10)11)12	(2,4),(4,3),(6,2),(9,5),(11,1),(12,0)
7	64	((((0,1)2,3)4,5)6,((7,8)9,10)11)12	(2,4),(4,2),(6,1),(9,5),(11,3),(12,0)
7	64	((((0,1)2,3)4,5)6,((7,8)9,10)11)12	(2,4),(4,2),(6,1),(9,5),(11,3),(12,0)
7	64	((((0,1)2,3)4,5)6,((7,8)9,10)11)12	(2,5),(4,4),(6,3),(9,2),(11,1),(12,0)
7	64	((((0,1)2,3)4,5)6,((7,8)9,10)11)12	(2,5),(4,2),(6,1),(9,4),(11,3),(12,0)
7	64	((((0,1)2,3)4,5)6,((7,8)9,10)11)12	(2,5),(4,4),(6,1),(9,3),(11,2),(12,0)
7	64	((((0,1)2,3)4,5)6,((7,8)9,10)11)12	(2,5),(4,2),(6,1),(9,4),(11,3),(12,0)
7	64	((((0,1)2,3)4,5)6,((7,8)9,10)11)12	(2,5),(4,4),(6,2),(9,3),(11,1),(12,0)
7	64	((((0,1)2,3)4,5)6,((7,8)9,10)11)12	(2,5),(4,4),(6,1),(9,3),(11,2),(12,0)
7	64	((((0,1)2,3)4,5)6,((7,8)9,10)11)12	(2,5),(4,4),(6,1),(9,3),(11,2),(12,0)
7	65	((0,(1,2)3)4,((5,6)7,(8,9)10)11)12	(3,5),(4,2),(7,3),(10,4),(11,1),(12,0)
7	65	((0,(1,2)3)4,((5,6)7,(8,9)10)11)12	(3,5),(4,1),(7,4),(10,3),(11,2),(12,0)
7	65	((0,(1,2)3)4,((5,6)7,(8,9)10)11)12	(3,5),(4,3),(7,2),(10,4),(11,1),(12,0)
7	65	((0,(1,2)3)4,((5,6)7,(8,9)10)11)12	(3,4),(4,3),(7,5),(10,2),(11,1),(12,0)
7	65	((0,(1,2)3)4,((5,6)7,(8,9)10)11)12	(3,5),(4,2),(7,3),(10,4),(11,1),(12,0)
7	65	((0,(1,2)3)4,((5,6)7,(8,9)10)11)12	(3,5),(4,4),(7,2),(10,3),(11,1),(12,0)
7	65	((0,(1,2)3)4,((5,6)7,(8,9)10)11)12	(3,5),(4,3),(7,4),(10,2),(11,1),(12,0)
7	65	((0,(1,2)3)4,((5,6)7,(8,9)10)11)12	(3,5),(4,2),(7,3),(10,4),(11,1),(12,0)
7	65	((0,(1,2)3)4,((5,6)7,(8,9)10)11)12	(3,4),(4,3),(7,5),(10,2),(11,1),(12,0)
7	65	((0,(1,2)3)4,((5,6)7,(8,9)10)11)12	(3,5),(4,4),(7,3),(10,2),(11,1),(12,0)
7	66	((((0,1)2,3)4,(5,(6,7)8)9)10,11)12	(2,5),(4,3),(8,4),(9,2),(10,1),(12,0)
7	66	((((0,1)2,3)4,(5,(6,7)8)9)10,11)12	(2,4),(4,2),(8,5),(9,3),(10,1),(12,0)
7	66	((((0,1)2,3)4,(5,(6,7)8)9)10,11)12	(2,3),(4,2),(8,5),(9,4),(10,1),(12,0)
7	66	((((0,1)2,3)4,(5,(6,7)8)9)10,11)12	(2,4),(4,2),(8,5),(9,3),(10,1),(12,0)
7	66	((((0,1)2,3)4,(5,(6,7)8)9)10,11)12	(2,5),(4,4),(8,3),(9,2),(10,1),(12,0)
7	66	((((0,1)2,3)4,(5,(6,7)8)9)10,11)12	(2,5),(4,3),(8,4),(9,2),(10,1),(12,0)
7	66	((((0,1)2,3)4,(5,(6,7)8)9)10,11)12	(2,3),(4,2),(8,5),(9,4),(10,1),(12,0)
7	66	((((0,1)2,3)4,(5,(6,7)8)9)10,11)12	(2,5),(4,4),(8,3),(9,2),(10,1),(12,0)
7	66	((((0,1)2,3)4,(5,(6,7)8)9)10,11)12	(2,5),(4,3),(8,4),(9,2),(10,1),(12,0)
7	66	((((0,1)2,3)4,(5,(6,7)8)9)10,11)12	(2,5),(4,4),(8,3),(9,2),(10,1),(12,0)
7	67	((0,((((1,2)3,4)5,6)7,8)9)10,11)12	(3,5),(5,4),(7,3),(9,2),(10,1),(12,0)
7	67	((0,((((1,2)3,4)5,6)7,8)9)10,11)12	(3,5),(5,4),(7,3),(9,2),(10,1),(12,0)
7	67	((0,((((1,2)3,4)5,6)7,8)9)10,11)12	(3,5),(5,4),(7,3),(9,2),(10,1),(12,0)
7	67	((0,((((1,2)3,4)5,6)7,8)9)10,11)12	(3,5),(5,4),(7,3),(9,2),(10,1),(12,0)
7	67	((0,((((1,2)3,4)5,6)7,8)9)10,11)12	(3,5),(5,4),(7,3),(9,2),(10,1),(12,0)
7	67	((0,((((1,2)3,4)5,6)7,8)9)10,11)12	(3,5),(5,4),(7,3),(9,2),(10,1),(12,0)
7	67	((0,((((1,2)3,4)5,6)7,8)9)10,11)12	(3,5),(5,4),(7,3),(9,2),(10,1),(12,0)
7	67	((0,((((1,2)3,4)5,6)7,8)9)10,11)12	(3,5),(5,4),(7,3),(9,2),(10,1),(12,0)
7	67	((0,((((1,2)3,4)5,6)7,8)9)10,11)12	(3,5),(5,4),(7,3),(9,2),(10,1),(12,0)
7	67	((0,((((1,2)3,4)5,6)7,8)9)10,11)12	(3,5),(5,4),(7,3),(9,2),(10,1),(12,0)
7	68	((0,1)2,(3,(4,((5,6)7,8)9)10)11)12	(2,5),(7,4),(9,3),(10,2),(11,1),(12,0)
7	68	((0,1)2,(3,(4,((5,6)7,8)9)10)11)12	(2,3),(7,5),(9,4),(10,2),(11,1),(12,0)
7	68	((0,1)2,(3,(4,((5,6)7,8)9)10)11)12	(2,4),(7,5),(9,3),(10,2),(11,1),(12,0)
7	68	((0,1)2,(3,(4,((5,6)7,8)9)10)11)12	(2,5),(7,4),(9,3),(10,2),(11,1),(12,0)
7	68	((0,1)2,(3,(4,((5,6)7,8)9)10)11)12	(2,4),(7,5),(9,3),(10,2),(11,1),(12,0)
7	68	((0,1)2,(3,(4,((5,6)7,8)9)10)11)12	(2,1),(7,5),(9,4),(10,3),(11,2),(12,0)
7	68	((0,1)2,(3,(4,((5,6)7,8)9)10)11)12	(2,4),(7,5),(9,3),(10,2),(11,1),(12,0)
7	68	((0,1)2,(3,(4,((5,6)7,8)9)10)11)12	(2,1),(7,5),(9,4),(10,3),(11,2),(12,0)
7	68	((0,1)2,(3,(4,((5,6)7,8)9)10)11)12	(2,4),(7,5),(9,3),(10,2),(11,1),(12,0)
7	68	((0,1)2,(3,(4,((5,6)7,8)9)10)11)12	(2,2),(7,5),(9,4),(10,3),(11,1),(12,0)
7	69	(((0,(1,2)3)4,5)6,(7,(8,9)10)11)12	(3,5),(4,3),(6,1),(10,4),(11,2),(12,0)
7	69	(((0,(1,2)3)4,5)6,(7,(8,9)10)11)12	(3,5),(4,4),(6,2),(10,3),(11,1),(12,0)
7	69	(((0,(1,2)3)4,5)6,(7,(8,9)10)11)12	(3,5),(4,4),(6,3),(10,2),(11,1),(12,0)
7	69	(((0,(1,2)3)4,5)6,(7,(8,9)10)11)12	(3,5),(4,4),(6,1),(10,3),(11,2),(12,0)
7	69	(((0,(1,2)3)4,5)6,(7,(8,9)10)11)12	(3,5),(4,4),(6,3),(10,2),(11,1),(12,0)
7	69	(((0,(1,2)3)4,5)6,(7,(8,9)10)11)12	(3,5),(4,4),(6,1),(10,3),(11,2),(12,0)
7	69	(((0,(1,2)3)4,5)6,(7,(8,9)10)11)12	(3,5),(4,2),(6,1),(10,4),(11,3),(12,0)
7	69	(((0,(1,2)3)4,5)6,(7,(8,9)10)11)12	(3,5),(4,3),(6,2),(10,4),(11,1),(12,0)
7	69	(((0,(1,2)3)4,5)6,(7,(8,9)10)11)12	(3,5),(4,3),(6,1),(10,4),(11,2),(12,0)
7	69	(((0,(1,2)3)4,5)6,(7,(8,9)10)11)12	(3,5),(4,4),(6,3),(10,2),(11,1),(12,0)
7	70	(0,((1,(2,3)4)5,((6,7)8,9)10)11)12	(4,5),(5,4),(8,3),(10,2),(11,1),(12,0)
7	70	(0,((1,(2,3)4)5,((6,7)8,9)10)11)12	(4,3),(5,2),(8,5),(10,4),(11,1),(12,0)
7	70	(0,((1,(2,3)4)5,((6,7)8,9)10)11)12	(4,4),(5,3),(8,5),(10,2),(11,1),(12,0)
7	70	(0,((1,(2,3)4)5,((6,7)8,9)10)11)12	(4,4),(5,2),(8,5),(10,3),(11,1),(12,0)
7	70	(0,((1,(2,3)4)5,((6,7)8,9)10)11)12	(4,5),(5,3),(8,4),(10,2),(11,1),(12,0)
7	70	(0,((1,(2,3)4)5,((6,7)8,9)10)11)12	(4,3),(5,2),(8,5),(10,4),(11,1),(12,0)
7	70	(0,((1,(2,3)4)5,((6,7)8,9)10)11)12	(4,4),(5,3),(8,5),(10,2),(11,1),(12,0)
7	70	(0,((1,(2,3)4)5,((6,7)8,9)10)11)12	(4,3),(5,2),(8,5),(10,4),(11,1),(12,0)
7	70	(0,((1,(2,3)4)5,((6,7)8,9)10)11)12	(4,5),(5,4),(8,3),(10,2),(11,1),(12,0)
7	70	(0,((1,(2,3)4)5,((6,7)8,9)10)11)12	(4,5),(5,4),(8,3),(10,2),(11,1),(12,0)
7	71	((0,(((1,2)3,(4,5)6)7,8)9)10,11)12	(3,5),(6,4),(7,3),(9,2),(10,1),(12,0)
7	71	((0,(((1,2)3,(4,5)6)7,8)9)10,11)12	(3,5),(6,4),(7,3),(9,2),(10,1),(12,0)
7	71	((0,(((1,2)3,(4,5)6)7,8)9)10,11)12	(3,4),(6,5),(7,3),(9,2),(10,1),(12,0)
7	71	((0,(((1,2)3,(4,5)6)7,8)9)10,11)12	(3,4),(6,5),(7,3),(9,2),(10,1),(12,0)
7	71	((0,(((1,2)3,(4,5)6)7,8)9)10,11)12	(3,5),(6,4),(7,3),(9,2),(10,1),(12,0)
7	71	((0,(((1,2)3,(4,5)6)7,8)9)10,11)12	(3,5),(6,4),(7,3),(9,2),(10,1),(12,0)
7	71	((0,(((1,2)3,(4,5)6)7,8)9)10,11)12	(3,5),(6,4),(7,3),(9,2),(10,1),(12,0)
7	71	((0,(((1,2)3,(4,5)6)7,8)9)10,11)12	(3,4),(6,5),(7,3),(9,2),(10,1),(12,0)
7	71	((0,(((1,2)3,(4,5)6)7,8)9)10,11)12	(3,4),(6,5),(7,3),(9,2),(10,1),(12,0)
7	71	((0,(((1,2)3,(4,5)6)7,8)9)10,11)12	(3,5),(6,4),(7,3),(9,2),(10,1),(12,0)
7	72	((0,((1,2)3,((4,5)6,7)8)9)10,11)12	(3,4),(6,5),(8,3),(9,2),(10,1),(12,0)
7	72	((0,((1,2)3,((4,5)6,7)8)9)10,11)12	(3,4),(6,5),(8,3),(9,2),(10,1),(12,0)
7	72	((0,((1,2)3,((4,5)6,7)8)9)10,11)12	(3,3),(6,5),(8,4),(9,2),(10,1),(12,0)
7	72	((0,((1,2)3,((4,5)6,7)8)9)10,11)12	(3,4),(6,5),(8,3),(9,2),(10,1),(12,0)
7	72	((0,((1,2)3,((4,5)6,7)8)9)10,11)12	(3,3),(6,5),(8,4),(9,2),(10,1),(12,0)
7	72	((0,((1,2)3,((4,5)6,7)8)9)10,11)12	(3,3),(6,5),(8,4),(9,2),(10,1),(12,0)
7	72	((0,((1,2)3,((4,5)6,7)8)9)10,11)12	(3,4),(6,5),(8,3),(9,2),(10,1),(12,0)
7	72	((0,((1,2)3,((4,5)6,7)8)9)10,11)12	(3,5),(6,4),(8,3),(9,2),(10,1),(12,0)
7	72	((0,((1,2)3,((4,5)6,7)8)9)10,11)12	(3,3),(6,5),(8,4),(9,2),(10,1),(12,0)
7	72	((0,((1,2)3,((4,5)6,7)8)9)10,11)12	(3,5),(6,4),(8,3),(9,2),(10,1),(12,0)
7	73	(0,((((1,2)3,4)5,(6,7)8)9,10)11)12	(3,5),(5,3),(8,4),(9,2),(11,1),(12,0)
7	73	(0,((((1,2)3,4)5,(6,7)8)9,10)11)12	(3,4),(5,3),(8,5),(9,2),(11,1),(12,0)
7	73	(0,((((1,2)3,4)5,(6,7)8)9,10)11)12	(3,5),(5,4),(8,3),(9,2),(11,1),(12,0)
7	73	(0,((((1,2)3,4)5,(6,7)8)9,10)11)12	(3,5),(5,4),(8,3),(9,2),(11,1),(12,0)
7	73	(0,((((1,2)3,4)5,(6,7)8)9,10)11)12	(3,4),(5,3),(8,5),(9,2),(11,1),(12,0)
7	73	(0,((((1,2)3,4)5,(6,7)8)9,10)11)12	(3,5),(5,4),(8,3),(9,2),(11,1),(12,0)
7	73	(0,((((1,2)3,4)5,(6,7)8)9,10)11)12	(3,4),(5,3),(8,5),(9,2),(11,1),(12,0)
7	73	(0,((((1,2)3,4)5,(6,7)8)9,10)11)12	(3,5),(5,3),(8,4),(9,2),(11,1),(12,0)
7	73	(0,((((1,2)3,4)5,(6,7)8)9,10)11)12	(3,4),(5,3),(8,5),(9,2),(11,1),(12,0)
7	73	(0,((((1,2)3,4)5,(6,7)8)9,10)11)12	(3,5),(5,3),(8,4),(9,2),(11,1),(12,0)
7	74	((0,(1,((2,3)4,(5,6)7)8)9)10,11)12	(4,4),(7,5),(8,3),(9,2),(10,1),(12,0)
7	74	((0,(1,((2,3)4,(5,6)7)8)9)10,11)12	(4,4),(7,5),(8,3),(9,2),(10,1),(12,0)
7	74	((0,(1,((2,3)4,(5,6)7)8)9)10,11)12	(4,4),(7,5),(8,3),(9,2),(10,1),(12,0)
7	74	((0,(1,((2,3)4,(5,6)7)8)9)10,11)12	(4,4),(7,5),(8,3),(9,2),(10,1),(12,0)
7	74	((0,(1,((2,3)4,(5,6)7)8)9)10,11)12	(4,5),(7,4),(8,3),(9,2),(10,1),(12,0)
7	74	((0,(1,((2,3)4,(5,6)7)8)9)10,11)12	(4,5),(7,4),(8,3),(9,2),(10,1),(12,0)
7	74	((0,(1,((2,3)4,(5,6)7)8)9)10,11)12	(4,4),(7,5),(8,3),(9,2),(10,1),(12,0)
7	74	((0,(1,((2,3)4,(5,6)7)8)9)10,11)12	(4,4),(7,5),(8,3),(9,2),(10,1),(12,0)
7	74	((0,(1,((2,3)4,(5,6)7)8)9)10,11)12	(4,4),(7,5),(8,3),(9,2),(10,1),(12,0)
7	74	((0,(1,((2,3)4,(5,6)7)8)9)10,11)12	(4,4),(7,5),(8,3),(9,2),(10,1),(12,0)
7	75	(((0,1)2,((3,4)5,(6,7)8)9)10,11)12	(2,2),(5,4),(8,5),(9,3),(10,1),(12,0)
7	75	(((0,1)2,((3,4)5,(6,7)8)9)10,11)12	(2,5),(5,3),(8,4),(9,2),(10,1),(12,0)
7	75	(((0,1)2,((3,4)5,(6,7)8)9)10,11)12	(2,4),(5,3),(8,5),(9,2),(10,1),(12,0)
7	75	(((0,1)2,((3,4)5,(6,7)8)9)10,11)12	(2,2),(5,4),(8,5),(9,3),(10,1),(12,0)
7	75	(((0,1)2,((3,4)5,(6,7)8)9)10,11)12	(2,5),(5,3),(8,4),(9,2),(10,1),(12,0)
7	75	(((0,1)2,((3,4)5,(6,7)8)9)10,11)12	(2,4),(5,3),(8,5),(9,2),(10,1),(12,0)
7	75	(((0,1)2,((3,4)5,(6,7)8)9)10,11)12	(2,3),(5,4),(8,5),(9,2),(10,1),(12,0)
7	75	(((0,1)2,((3,4)5,(6,7)8)9)10,11)12	(2,2),(5,4),(8,5),(9,3),(10,1),(12,0)
7	75	(((0,1)2,((3,4)5,(6,7)8)9)10,11)12	(2,3),(5,5),(8,4),(9,2),(10,1),(12,0)
7	75	(((0,1)2,((3,4)5,(6,7)8)9)10,11)12	(2,3),(5,4),(8,5),(9,2),(10,1),(12,0)
7	76	(0,(1,((2,(3,(4,5)6)7)8,9)10)11)12	(6,5),(7,4),(8,3),(10,2),(11,1),(12,0)
7	76	(0,(1,((2,(3,(4,5)6)7)8,9)10)11)12	(6,5),(7,4),(8,3),(10,2),(11,1),(12,0)
7	76	(0,(1,((2,(3,(4,5)6)7)8,9)10)11)12	(6,5),(7,4),(8,3),(10,2),(11,1),(12,0)
7	76	(0,(1,((2,(3,(4,5)6)7)8,9)10)11)12	(6,5),(7,4),(8,3),(10,2),(11,1),(12,0)
7	76	(0,(1,((2,(3,(4,5)6)7)8,9)10)11)12	(6,5),(7,4),(8,3),(10,2),(11,1),(12,0)
7	76	(0,(1,((2,(3,(4,5)6)7)8,9)10)11)12	(6,5),(7,4),(8,3),(10,2),(11,1),(12,0)
7	76	(0,(1,((2,(3,(4,5)6)7)8,9)10)11)12	(6,5),(7,4),(8,3),(10,2),(11,1),(12,0)
7	76	(0,(1,((2,(3,(4,5)6)7)8,9)10)11)12	(6,5),(7,4),(8,3),(10,2),(11,1),(12,0)
7	76	(0,(1,((2,(3,(4,5)6)7)8,9)10)11)12	(6,5),(7,4),(8,3),(10,2),(11,1),(12,0)
7	76	(0,(1,((2,(3,(4,5)6)7)8,9)10)11)12	(6,5),(7,4),(8,3),(10,2),(11,1),(12,0)
7	77	(((0,(1,2)3)4,(5,6)7)8,(9,10)11)12	(3,5),(4,2),(7,4),(8,1),(11,3),(12,0)
7	77	(((0,(1,2)3)4,(5,6)7)8,(9,10)11)12	(3,4),(4,3),(7,5),(8,1),(11,2),(12,0)
7	77	(((0,(1,2)3)4,(5,6)7)8,(9,10)11)12	(3,4),(4,2),(7,3),(8,1),(11,5),(12,0)
7	77	(((0,(1,2)3)4,(5,6)7)8,(9,10)11)12	(3,4),(4,3),(7,5),(8,2),(11,1),(12,0)
7	77	(((0,(1,2)3)4,(5,6)7)8,(9,10)11)12	(3,3),(4,2),(7,4),(8,1),(11,5),(12,0)
7	77	(((0,(1,2)3)4,(5,6)7)8,(9,10)11)12	(3,4),(4,3),(7,5),(8,2),(11,1),(12,0)
7	77	(((0,(1,2)3)4,(5,6)7)8,(9,10)11)12	(3,3),(4,2),(7,4),(8,1),(11,5),(12,0)
7	77	(((0,(1,2)3)4,(5,6)7)8,(9,10)11)12	(3,5),(4,3),(7,4),(8,2),(11,1),(12,0)
7	77	(((0,(1,2)3)4,(5,6)7)8,(9,10)11)12	(3,5),(4,3),(7,2),(8,1),(11,4),(12,0)
7	77	(((0,(1,2)3)4,(5,6)7)8,(9,10)11)12	(3,3),(4,2),(7,4),(8,1),(11,5),(12,0)
7	78	(0,(1,((2,3)4,(5,(6,7)8)9)10)11)12	(4,5),(8,4),(9,3),(10,2),(11,1),(12,0)
7	78	(0,(1,((2,3)4,(5,(6,7)8)9)10)11)12	(4,5),(8,4),(9,3),(10,2),(11,1),(12,0)
7	78	(0,(1,((2,3)4,(5,(6,7)8)9)10)11)12	(4,4),(8,5),(9,3),(10,2),(11,1),(12,0)
7	78	(0,(1,((2,3)4,(5,(6,7)8)9)10)11)12	(4,3),(8,5),(9,4),(10,2),(11,1),(12,0)
7	78	(0,(1,((2,3)4,(5,(6,7)8)9)10)11)12	(4,3),(8,5),(9,4),(10,2),(11,1),(12,0)
7	78	(0,(1,((2,3)4,(5,(6,7)8)9)10)11)12	(4,5),(8,4),(9,3),(10,2),(11,1),(12,0)
7	78	(0,(1,((2,3)4,(5,(6,7)8)9)10)11)12	(4,4),(8,5),(9,3),(10,2),(11,1),(12,0)
7	78	(0,(1,((2,3)4,(5,(6,7)8)9)10)11)12	(4,3),(8,5),(9,4),(10,2),(11,1),(12,0)
7	78	(0,(1,((2,3)4,(5,(6,7)8)9)10)11)12	(4,5),(8,4),(9,3),(10,2),(11,1),(12,0)
7	78	(0,(1,((2,3)4,(5,(6,7)8)9)10)11)12	(4,3),(8,5),(9,4),(10,2),(11,1),(12,0)
7	79	(((0,(1,2)3)4,5)6,(7,(8,9)10)11)12	(3,4),(4,3),(6,2),(10,5),(11,1),(12,0)
7	79	(((0,(1,2)3)4,5)6,(7,(8,9)10)11)12	(3,3),(4,2),(6,1),(10,5),(11,4),(12,0)
7	79	(((0,(1,2)3)4,5)6,(7,(8,9)10)11)12	(3,3),(4,2),(6,1),(10,5),(11,4),(12,0)
7	79	(((0,(1,2)3)4,5)6,(7,(8,9)10)11)12	(3,4),(4,3),(6,2),(10,5),(11,1),(12,0)
7	79	(((0,(1,2)3)4,5)6,(7,(8,9)10)11)12	(3,4),(4,3),(6,2),(10,5),(11,1),(12,0)
7	79	(((0,(1,2)3)4,5)6,(7,(8,9)10)11)12	(3,4),(4,2),(6,1),(10,5),(11,3),(12,0)
7	79	(((0,(1,2)3)4,5)6,(7,(8,9)10)11)12	(3,5),(4,3),(6,2),(10,4),(11,1),(12,0)
7	79	(((0,(1,2)3)4,5)6,(7,(8,9)10)11)12	(3,4),(4,3),(6,1),(10,5),(11,2),(12,0)
7	79	(((0,(1,2)3)4,5)6,(7,(8,9)10)11)12	(3,3),(4,2),(6,1),(10,5),(11,4),(12,0)
7	79	(((0,(1,2)3)4,5)6,(7,(8,9)10)11)12	(3,4),(4,3),(6,2),(10,5),(11,1),(12,0)
7	80	((0,(((1,(2,3)4)5,6)7,8)9)10,11)12	(4,5),(5,4),(7,3),(9,2),(10,1),(12,0)
7	80	((0,(((1,(2,3)4)5,6)7,8)9)10,11)12	(4,5),(5,4),(7,3),(9,2),(10,1),(12,0)
7	80	((0,(((1,(2,3)4)5,6)7,8)9)10,11)12	(4,5),(5,4),(7,3),(9,2),(10,1),(12,0)
7	80	((0,(((1,(2,3)4)5,6)7,8)9)10,11)12	(4,5),(5,4),(7,3),(9,2),(10,1),(12,0)
7	80	((0,(((1,(2,3)4)5,6)7,8)9)10,11)12	(4,5),(5,4),(7,3),(9,2),(10,1),(12,0)
7	80	((0,(((1,(2,3)4)5,6)7,8)9)10,11)12	(4,5),(5,4),(7,3),(9,2),(10,1),(12,0)
7	80	((0,(((1,(2,3)4)5,6)7,8)9)10,11)12	(4,5),(5,4),(7,3),(9,2),(10,1),(12,0)
7	80	((0,(((1,(2,3)4)5,6)7,8)9)10,11)12	(4,5),(5,4),(7,3),(9,2),(10,1),(12,0)
7	80	((0,(((1,(2,3)4)5,6)7,8)9)10,11)12	(4,5),(5,4),(7,3),(9,2),(10,1),(12,0)
7	80	((0,(((1,(2,3)4)5,6)7,8)9)10,11)12	(4,5),(5,4),(7,3),(9,2),(10,1),(12,0)
7	81	((0,(1,2)3)4,(5,((6,7)8,9)10)11)12	(3,5),(4,4),(8,3),(10,2),(11,1),(12,0)
7	81	((0,(1,2)3)4,(5,((6,7)8,9)10)11)12	(3,5),(4,3),(8,4),(10,2),(11,1),(12,0)
7	81	((0,(1,2)3)4,(5,((6,7)8,9)10)11)12	(3,2),(4,1),(8,5),(10,4),(11,3),(12,0)
7	81	((0,(1,2)3)4,(5,((6,7)8,9)10)11)12	(3,4),(4,3),(8,5),(10,2),(11,1),(12,0)
7	81	((0,(1,2)3)4,(5,((6,7)8,9)10)11)12	(3,5),(4,1),(8,4),(10,3),(11,2),(12,0)
7	81	((0,(1,2)3)4,(5,((6,7)8,9)10)11)12	(3,5),(4,1),(8,4),(10,3),(11,2),(12,0)
7	81	((0,(1,2)3)4,(5,((6,7)8,9)10)11)12	(3,5),(4,1),(8,4),(10,3),(11,2),(12,0)
7	81	((0,(1,2)3)4,(5,((6,7)8,9)10)11)12	(3,4),(4,3),(8,5),(10,2),(11,1),(12,0)
7	81	((0,(1,2)3)4,(5,((6,7)8,9)10)11)12	(3,4),(4,2),(8,5),(10,3),(11,1),(12,0)
7	81	((0,(1,2)3)4,(5,((6,7)8,9)10)11)12	(3,4),(4,2),(8,5),(10,3),(11,1),(12,0)
7	82	(0,(((1,2)3,4)5,(6,(7,8)9)10)11)12	(3,4),(5,3),(9,5),(10,2),(11,1),(12,0)
7	82	(0,(((1,2)3,4)5,(6,(7,8)9)10)11)12	(3,5),(5,4),(9,3),(10,2),(11,1),(12,0)
7	82	(0,(((1,2)3,4)5,(6,(7,8)9)10)11)12	(3,3),(5,2),(9,5),(10,4),(11,1),(12,0)
7	82	(0,(((1,2)3,4)5,(6,(7,8)9)10)11)12	(3,5),(5,3),(9,4),(10,2),(11,1),(12,0)
7	82	(0,(((1,2)3,4)5,(6,(7,8)9)10)11)12	(3,5),(5,2),(9,4),(10,3),(11,1),(12,0)
7	82	(0,(((1,2)3,4)5,(6,(7,8)9)10)11)12	(3,4),(5,2),(9,5),(10,3),(11,1),(12,0)
7	82	(0,(((1,2)3,4)5,(6,(7,8)9)10)11)12	(3,5),(5,4),(9,3),(10,2),(11,1),(12,0)
7	82	(0,(((1,2)3,4)5,(6,(7,8)9)10)11)12	(3,5),(5,3),(9,4),(10,2),(11,1),(12,0)
7	82	(0,(((1,2)3,4)5,(6,(7,8)9)10)11)12	(3,5),(5,2),(9,4),(10,3),(11,1),(12,0)
7	82	(0,(((1,2)3,4)5,(6,(7,8)9)10)11)12	(3,4),(5,3),(9,5),(10,2),(11,1),(12,0)
7	83	((0,1)2,((((3,4)5,6)7,8)9,10)11)12	(2,3),(5,5),(7,4),(9,2),(11,1),(12,0)
7	83	((0,1)2,((((3,4)5,6)7,8)9,10)11)12	(2,4),(5,5),(7,3),(9,2),(11,1),(12,0)
7	83	((0,1)2,((((3,4)5,6)7,8)9,10)11)12	(2,1),(5,5),(7,4),(9,3),(11,2),(12,0)
7	83	((0,1)2,((((3,4)5,6)7,8)9,10)11)12	(2,4),(5,5),(7,3),(9,2),(11,1),(12,0)
7	83	((0,1)2,((((3,4)5,6)7,8)9,10)11)12	(2,5),(5,4),(7,3),(9,2),(11,1),(12,0)
7	83	((0,1)2,((((3,4)5,6)7,8)9,10)11)12	(2,1),(5,5),(7,4),(9,3),(11,2),(12,0)
7	83	((0,1)2,((((3,4)5,6)7,8)9,10)11)12	(2,1),(5,5),(7,4),(9,3),(11,2),(12,0)
7	83	((0,1)2,((((3,4)5,6)7,8)9,10)11)12	(2,5),(5,4),(7,3),(9,2),(11,1),(12,0)
7	83	((0,1)2,((((3,4)5,6)7,8)9,10)11)12	(2,5),(5,4),(7,3),(9,2),(11,1),(12,0)
7	83	((0,1)2,((((3,4)5,6)7,8)9,10)11)12	(2,3),(5,5),(7,4),(9,2),(11,1),(12,0)
7	84	((((0,1)2,(3,4)5)6,(7,8)9)10,11)12	(2,4),(5,5),(6,3),(9,2),(10,1),(12,0)
7	84	((((0,1)2,(3,4)5)6,(7,8)9)10,11)12	(2,4),(5,3),(6,2),(9,5),(10,1),(12,0)
7	84	((((0,1)2,(3,4)5)6,(7,8)9)10,11)12	(2,3),(5,5),(6,2),(9,4),(10,1),(12,0)
7	84	((((0,1)2,(3,4)5)6,(7,8)9)10,11)12	(2,4),(5,5),(6,3),(9,2),(10,1),(12,0)
7	84	((((0,1)2,(3,4)5)6,(7,8)9)10,11)12	(2,4),(5,5),(6,3),(9,2),(10,1),(12,0)
7	84	((((0,1)2,(3,4)5)6,(7,8)9)10,11)12	(2,4),(5,3),(6,2),(9,5),(10,1),(12,0)
7	84	((((0,1)2,(3,4)5)6,(7,8)9)10,11)12	(2,4),(5,3),(6,2),(9,5),(10,1),(12,0)
7	84	((((0,1)2,(3,4)5)6,(7,8)9)10,11)12	(2,5),(5,4),(6,3),(9,2),(10,1),(12,0)
7	84	((((0,1)2,(3,4)5)6,(7,8)9)10,11)12	(2,4),(5,5),(6,2),(9,3),(10,1),(12,0)
7	84	((((0,1)2,(3,4)5)6,(7,8)9)10,11)12	(2,4),(5,5),(6,3),(9,2),(10,1),(12,0)
7	85	(0,(1,(((2,3)4,(5,6)7)8,9)10)11)12	(4,4),(7,5),(8,3),(10,2),(11,1),(12,0)
7	85	(0,(1,(((2,3)4,(5,6)7)8,9)10)11)12	(4,4),(7,5),(8,3),(10,2),(11,1),(12,0)
7	85	(0,(1,(((2,3)4,(5,6)7)8,9)10)11)12	(4,4),(7,5),(8,3),(10,2),(11,1),(12,0)
7	85	(0,(1,(((2,3)4,(5,6)7)8,9)10)11)12	(4,4),(7,5),(8,3),(10,2),(11,1),(12,0)
7	85	(0,(1,(((2,3)4,(5,6)7)8,9)10)11)12	(4,5),(7,4),(8,3),(10,2),(11,1),(12,0)
7	85	(0,(1,(((2,3)4,(5,6)7)8,9)10)11)12	(4,5),(7,4),(8,3),(10,2),(11,1),(12,0)
7	85	(0,(1,(((2,3)4,(5,6)7)8,9)10)11)12	(4,4),(7,5),(8,3),(10,2),(11,1),(12,0)
7	85	(0,(1,(((2,3)4,(5,6)7)8,9)10)11)12	(4,4),(7,5),(8,3),(10,2),(11,1),(12,0)
7	85	(0,(1,(((2,3)4,(5,6)7)8,9)10)11)12	(4,5),(7,4),(8,3),(10,2),(11,1),(12,0)
7	85	(0,(1,(((2,3)4,(5,6)7)8,9)10)11)12	(4,4),(7,5),(8,3),(10,2),(11,1),(12,0)
7	86	((0,((((1,2)3,4)5,6)7,8)9)10,11)12	(3,5),(5,4),(7,3),(9,2),(10,1),(12,0)
7	86	((0,((((1,2)3,4)5,6)7,8)9)10,11)12	(3,5),(5,4),(7,3),(9,2),(10,1),(12,0)
7	86	((0,((((1,2)3,4)5,6)7,8)9)10,11)12	(3,5),(5,4),(7,3),(9,2),(10,1),(12,0)
7	86	((0,((((1,2)3,4)5,6)7,8)9)10,11)12	(3,5),(5,4),(7,3),(9,2),(10,1),(12,0)
7	86	((0,((((1,2)3,4)5,6)7,8)9)10,11)12	(3,5),(5,4),(7,3),(9,2),(10,1),(12,0)
7	86	((0,((((1,2)3,4)5,6)7,8)9)10,11)12	(3,5),(5,4),(7,3),(9,2),(10,1),(12,0)
7	86	((0,((((1,2)3,4)5,6)7,8)9)10,11)12	(3,5),(5,4),(7,3),(9,2),(10,1),(12,0)
7	86	((0,((((1,2)3,4)5,6)7,8)9)10,11)12	(3,5),(5,4),(7,3),(9,2),(10,1),(12,0)
7	86	((0,((((1,2)3,4)5,6)7,8)9)10,11)12	(3,5),(5,4),(7,3),(9,2),(10,1),(12,0)
7	86	((0,((((1,2)3,4)5,6)7,8)9)10,11)12	(3,5),(5,4),(7,3),(9,2),(10,1),(12,0)
7	87	((((0,(1,(2,3)4)5)6,7)8,9)10,11)12	(4,5),(5,4),(6,3),(8,2),(10,1),(12,0)
7	87	((((0,(1,(2,3)4)5)6,7)8,9)10,11)12	(4,5),(5,4),(6,3),(8,2),(10,1),(12,0)
7	87	((((0,(1,(2,3)4)5)6,7)8,9)10,11)12	(4,5),(5,4),(6,3),(8,2),(10,1),(12,0)
7	87	((((0,(1,(2,3)4)5)6,7)8,9)10,11)12	(4,5),(5,4),(6,3),(8,2),(10,1),(12,0)
7	87	((((0,(1,(2,3)4)5)6,7)8,9)10,11)12	(4,5),(5,4),(6,3),(8,2),(10,1),(12,0)
7	87	((((0,(1,(2,3)4)5)6,7)8,9)10,11)12	(4,5),(5,4),(6,3),(8,2),(10,1),(12,0)
7	87	((((0,(1,(2,3)4)5)6,7)8,9)10,11)12	(4,5),(5,4),(6,3),(8,2),(10,1),(12,0)
7	87	((((0,(1,(2,3)4)5)6,7)8,9)10,11)12	(4,5),(5,4),(6,3),(8,2),(10,1),(12,0)
7	87	((((0,(1,(2,3)4)5)6,7)8,9)10,11)12	(4,5),(5,4),(6,3),(8,2),(10,1),(12,0)
7	87	((((0,(1,(2,3)4)5)6,7)8,9)10,11)12	(4,5),(5,4),(6,3),(8,2),(10,1),(12,0)
7	88	((0,(1,(2,3)4)5)6,((7,8)9,10)11)12	(4,5),(5,4),(6,3),(9,2),(11,1),(12,0)
7	88	((0,(1,(2,3)4)5)6,((7,8)9,10)11)12	(4,5),(5,3),(6,1),(9,4),(11,2),(12,0)
7	88	((0,(1,(2,3)4)5)6,((7,8)9,10)11)12	(4,5),(5,3),(6,1),(9,4),(11,2),(12,0)
7	88	((0,(1,(2,3)4)5)6,((7,8)9,10)11)12	(4,3),(5,2),(6,1),(9,5),(11,4),(12,0)
7	88	((0,(1,(2,3)4)5)6,((7,8)9,10)11)12	(4,5),(5,4),(6,2),(9,3),(11,1),(12,0)
7	88	((0,(1,(2,3)4)5)6,((7,8)9,10)11)12	(4,4),(5,3),(6,2),(9,5),(11,1),(12,0)
7	88	((0,(1,(2,3)4)5)6,((7,8)9,10)11)12	(4,5),(5,3),(6,2),(9,4),(11,1),(12,0)
7	88	((0,(1,(2,3)4)5)6,((7,8)9,10)11)12	(4,3),(5,2),(6,1),(9,5),(11,4),(12,0)
7	88	((0,(1,(2,3)4)5)6,((7,8)9,10)11)12	(4,4),(5,2),(6,1),(9,5),(11,3),(12,0)
7	88	((0,(1,(2,3)4)5)6,((7,8)9,10)11)12	(4,5),(5,3),(6,1),(9,4),(11,2),(12,0)
7	89	((0,1)2,(3,((4,(5,6)7)8,9)10)11)12	(2,2),(7,5),(8,4),(10,3),(11,1),(12,0)
7	89	((0,1)2,(3,((4,(5,6)7)8,9)10)11)12	(2,4),(7,5),(8,3),(10,2),(11,1),(12,0)
7	89	((0,1)2,(3,((4,(5,6)7)8,9)10)11)12	(2,3),(7,5),(8,4),(10,2),(11,1),(12,0)
7	89	((0,1)2,(3,((4,(5,6)7)8,9)10)11)12	(2,2),(7,5),(8,4),(10,3),(11,1),(12,0)
7	89	((0,1)2,(3,((4,(5,6)7)8,9)10)11)12	(2,5),(7,4),(8,3),(10,2),(11,1),(12,0)
7	89	((0,1)2,(3,((4,(5,6)7)8,9)10)11)12	(2,2),(7,5),(8,4),(10,3),(11,1),(12,0)
7	89	((0,1)2,(3,((4,(5,6)7)8,9)10)11)12	(2,2),(7,5),(8,4),(10,3),(11,1),(12,0)
7	89	((0,1)2,(3,((4,(5,6)7)8,9)10)11)12	(2,5),(7,4),(8,3),(10,2),(11,1),(12,0)
7	89	((0,1)2,(3,((4,(5,6)7)8,9)10)11)12	(2,4),(7,5),(8,3),(10,2),(11,1),(12,0)
7	89	((0,1)2,(3,((4,(5,6)7)8,9)10)11)12	(2,4),(7,5),(8,3),(10,2),(11,1),(12,0)
7	90	(((0,((1,2)3,4)5)6,(7,8)9)10,11)12	(3,5),(5,4),(6,3),(9,2),(10,1),(12,0)
7	90	(((0,((1,2)3,4)5)6,(7,8)9)10,11)12	(3,5),(5,4),(6,3),(9,2),(10,1),(12,0)
7	90	(((0,((1,2)3,4)5)6,(7,8)9)10,11)12	(3,5),(5,4),(6,2),(9,3),(10,1),(12,0)
7	90	(((0,((1,2)3,4)5)6,(7,8)9)10,11)12	(3,5),(5,4),(6,3),(9,2),(10,1),(12,0)
7	90	(((0,((1,2)3,4)5)6,(7,8)9)10,11)12	(3,5),(5,4),(6,3),(9,2),(10,1),(12,0)
7	90	(((0,((1,2)3,4)5)6,(7,8)9)10,11)12	(3,5),(5,4),(6,3),(9,2),(10,1),(12,0)
7	90	(((0,((1,2)3,4)5)6,(7,8)9)10,11)12	(3,5),(5,4),(6,2),(9,3),(10,1),(12,0)
7	90	(((0,((1,2)3,4)5)6,(7,8)9)10,11)12	(3,5),(5,3),(6,2),(9,4),(10,1),(12,0)
7	90	(((0,((1,2)3,4)5)6,(7,8)9)10,11)12	(3,5),(5,3),(6,2),(9,4),(10,1),(12,0)
7	90	(((0,((1,2)3,4)5)6,(7,8)9)10,11)12	(3,5),(5,4),(6,3),(9,2),(10,1),(12,0)
7	91	(((0,(1,2)3)4,(5,6)7)8,(9,10)11)12	(3,4),(4,2),(7,3),(8,1),(11,5),(12,0)
7	91	(((0,(1,2)3)4,(5,6)7)8,(9,10)11)12	(3,4),(4,2),(7,5),(8,1),(11,3),(12,0)
7	91	(((0,(1,2)3)4,(5,6)7)8,(9,10)11)12	(3,4),(4,3),(7,5),(8,2),(11,1),(12,0)
7	91	(((0,(1,2)3)4,(5,6)7)8,(9,10)11)12	(3,5),(4,4),(7,2),(8,1),(11,3),(12,0)
7	91	(((0,(1,2)3)4,(5,6)7)8,(9,10)11)12	(3,3),(4,2),(7,5),(8,1),(11,4),(12,0)
7	91	(((0,(1,2)3)4,(5,6)7)8,(9,10)11)12	(3,4),(4,3),(7,5),(8,2),(11,1),(12,0)
7	91	(((0,(1,2)3)4,(5,6)7)8,(9,10)11)12	(3,3),(4,2),(7,5),(8,1),(11,4),(12,0)
7	91	(((0,(1,2)3)4,(5,6)7)8,(9,10)11)12	(3,5),(4,3),(7,2),(8,1),(11,4),(12,0)
7	91	(((0,(1,2)3)4,(5,6)7)8,(9,10)11)12	(3,3),(4,2),(7,5),(8,1),(11,4),(12,0)
7	91	(((0,(1,2)3)4,(5,6)7)8,(9,10)11)12	(3,4),(4,2),(7,5),(8,1),(11,3),(12,0)
7	92	(0,(((1,2)3,(4,5)6)7,(8,9)10)11)12	(3,4),(6,5),(7,3),(10,2),(11,1),(12,0)
7	92	(0,(((1,2)3,(4,5)6)7,(8,9)10)11)12	(3,3),(6,4),(7,2),(10,5),(11,1),(12,0)
7	92	(0,(((1,2)3,(4,5)6)7,(8,9)10)11)12	(3,5),(6,4),(7,2),(10,3),(11,1),(12,0)
7	92	(0,(((1,2)3,(4,5)6)7,(8,9)10)11)12	(3,4),(6,5),(7,2),(10,3),(11,1),(12,0)
7	92	(0,(((1,2)3,(4,5)6)7,(8,9)10)11)12	(3,5),(6,4),(7,3),(10,2),(11,1),(12,0)
7	92	(0,(((1,2)3,(4,5)6)7,(8,9)10)11)12	(3,4),(6,3),(7,2),(10,5),(11,1),(12,0)
7	92	(0,(((1,2)3,(4,5)6)7,(8,9)10)11)12	(3,5),(6,4),(7,2),(10,3),(11,1),(12,0)
7	92	(0,(((1,2)3,(4,5)6)7,(8,9)10)11)12	(3,3),(6,4),(7,2),(10,5),(11,1),(12,0)
7	92	(0,(((1,2)3,(4,5)6)7,(8,9)10)11)12	(3,3),(6,5),(7,2),(10,4),(11,1),(12,0)
7	92	(0,(((1,2)3,(4,5)6)7,(8,9)10)11)12	(3,5),(6,4),(7,2),(10,3),(11,1),(12,0)
7	93	(0,(1,(((2,(3,4)5)6,7)8,9)10)11)12	(5,5),(6,4),(8,3),(10,2),(11,1),(12,0)
7	93	(0,(1,(((2,(3,4)5)6,7)8,9)10)11)12	(5,5),(6,4),(8,3),(10,2),(11,1),(12,0)
7	93	(0,(1,(((2,(3,4)5)6,7)8,9)10)11)12	(5,5),(6,4),(8,3),(10,2),(11,1),(12,0)
7	93	(0,(1,(((2,(3,4)5)6,7)8,9)10)11)12	(5,5),(6,4),(8,3),(10,2),(11,1),(12,0)
7	93	(0,(1,(((2,(3,4)5)6,7)8,9)10)11)12	(5,5),(6,4),(8,3),(10,2),(11,1),(12,0)
7	93	(0,(1,(((2,(3,4)5)6,7)8,9)10)11)12	(5,5),(6,4),(8,3),(10,2),(11,1),(12,0)
7	93	(0,(1,(((2,(3,4)5)6,7)8,9)10)11)12	(5,5),(6,4),(8,3),(10,2),(11,1),(12,0)
7	93	(0,(1,(((2,(3,4)5)6,7)8,9)10)11)12	(5,5),(6,4),(8,3),(10,2),(11,1),(12,0)
7	93	(0,(1,(((2,(3,4)5)6,7)8,9)10)11)12	(5,5),(6,4),(8,3),(10,2),(11,1),(12,0)
7	93	(0,(1,(((2,(3,4)5)6,7)8,9)10)11)12	(5,5),(6,4),(8,3),(10,2),(11,1),(12,0)
7	94	((0,(1,2)3)4,(5,((6,7)8,9)10)11)12	(3,4),(4,3),(8,5),(10,2),(11,1),(12,0)
7	94	((0,(1,2)3)4,(5,((6,7)8,9)10)11)12	(3,3),(4,2),(8,5),(10,4),(11,1),(12,0)
7	94	((0,(1,2)3)4,(5,((6,7)8,9)10)11)12	(3,5),(4,1),(8,4),(10,3),(11,2),(12,0)
7	94	((0,(1,2)3)4,(5,((6,7)8,9)10)11)12	(3,3),(4,1),(8,5),(10,4),(11,2),(12,0)
7	94	((0,(1,2)3)4,(5,((6,7)8,9)10)11)12	(3,2),(4,1),(8,5),(10,4),(11,3),(12,0)
7	94	((0,(1,2)3)4,(5,((6,7)8,9)10)11)12	(3,3),(4,2),(8,5),(10,4),(11,1),(12,0)
7	94	((0,(1,2)3)4,(5,((6,7)8,9)10)11)12	(3,4),(4,3),(8,5),(10,2),(11,1),(12,0)
7	94	((0,(1,2)3)4,(5,((6,7)8,9)10)11)12	(3,3),(4,1),(8,5),(10,4),(11,2),(12,0)
7	94	((0,(1,2)3)4,(5,((6,7)8,9)10)11)12	(3,2),(4,1),(8,5),(10,4),(11,3),(12,0)
7	94	((0,(1,2)3)4,(5,((6,7)8,9)10)11)12	(3,3),(4,2),(8,5),(10,4),(11,1),(12,0)
7	95	(((0,(1,2)3)4,(5,6)7)8,(9,10)11)12	(3,3),(4,2),(7,4),(8,1),(11,5),(12,0)
7	95	(((0,(1,2)3)4,(5,6)7)8,(9,10)11)12	(3,5),(4,4),(7,3),(8,2),(11,1),(12,0)
7	95	(((0,(1,2)3)4,(5,6)7)8,(9,10)11)12	(3,3),(4,2),(7,4),(8,1),(11,5),(12,0)
7	95	(((0,(1,2)3)4,(5,6)7)8,(9,10)11)12	(3,4),(4,2),(7,5),(8,1),(11,3),(12,0)
7	95	(((0,(1,2)3)4,(5,6)7)8,(9,10)11)12	(3,5),(4,3),(7,4),(8,2),(11,1),(12,0)
7	95	(((0,(1,2)3)4,(5,6)7)8,(9,10)11)12	(3,5),(4,3),(7,4),(8,2),(11,1),(12,0)
7	95	(((0,(1,2)3)4,(5,6)7)8,(9,10)11)12	(3,5),(4,3),(7,2),(8,1),(11,4),(12,0)
7	95	(((0,(1,2)3)4,(5,6)7)8,(9,10)11)12	(3,4),(4,2),(7,3),(8,1),(11,5),(12,0)
7	95	(((0,(1,2)3)4,(5,6)7)8,(9,10)11)12	(3,5),(4,2),(7,4),(8,1),(11,3),(12,0)
7	95	(((0,(1,2)3)4,(5,6)7)8,(9,10)11)12	(3,5),(4,2),(7,3),(8,1),(11,4),(12,0)
7	96	((0,1)2,(3,((4,5)6,(7,8)9)10)11)12	(2,1),(6,5),(9,4),(10,3),(11,2),(12,0)
7	96	((0,1)2,(3,((4,5)6,(7,8)9)10)11)12	(2,3),(6,5),(9,4),(10,2),(11,1),(12,0)
7	96	((0,1)2,(3,((4,5)6,(7,8)9)10)11)12	(2,3),(6,4),(9,5),(10,2),(11,1),(12,0)
7	96	((0,1)2,(3,((4,5)6,(7,8)9)10)11)12	(2,5),(6,4),(9,3),(10,2),(11,1),(12,0)
7	96	((0,1)2,(3,((4,5)6,(7,8)9)10)11)12	(2,3),(6,5),(9,4),(10,2),(11,1),(12,0)
7	96	((0,1)2,(3,((4,5)6,(7,8)9)10)11)12	(2,4),(6,5),(9,3),(10,2),(11,1),(12,0)
7	96	((0,1)2,(3,((4,5)6,(7,8)9)10)11)12	(2,3),(6,5),(9,4),(10,2),(11,1),(12,0)
7	96	((0,1)2,(3,((4,5)6,(7,8)9)10)11)12	(2,3),(6,5),(9,4),(10,2),(11,1),(12,0)
7	96	((0,1)2,(3,((4,5)6,(7,8)9)10)11)12	(2,5),(6,3),(9,4),(10,2),(11,1),(12,0)
7	96	((0,1)2,(3,((4,5)6,(7,8)9)10)11)12	(2,2),(6,5),(9,4),(10,3),(11,1),(12,0)
7	97	(0,(1,(2,((3,4)5,(6,7)8)9)10)11)12	(5,4),(8,5),(9,3),(10,2),(11,1),(12,0)
7	97	(0,(1,(2,((3,4)5,(6,7)8)9)10)11)12	(5,4),(8,5),(9,3),(10,2),(11,1),(12,0)
7	97	(0,(1,(2,((3,4)5,(6,7)8)9)10)11)12	(5,4),(8,5),(9,3),(10,2),(11,1),(12,0)
7	97	(0,(1,(2,((3,4)5,(6,7)8)9)10)11)12	(5,5),(8,4),(9,3),(10,2),(11,1),(12,0)
7	97	(0,(1,(2,((3,4)5,(6,7)8)9)10)11)12	(5,5),(8,4),(9,3),(10,2),(11,1),(12,0)
7	97	(0,(1,(2,((3,4)5,(6,7)8)9)10)11)12	(5,4),(8,5),(9,3),(10,2),(11,1),(12,0)
7	97	(0,(1,(2,((3,4)5,(6,7)8)9)10)11)12	(5,5),(8,4),(9,3),(10,2),(11,1),(12,0)
7	97	(0,(1,(2,((3,4)5,(6,7)8)9)10)11)12	(5,5),(8,4),(9,3),(10,2),(11,1),(12,0)
7	97	(0,(1,(2,((3,4)5,(6,7)8)9)10)11)12	(5,4),(8,5),(9,3),(10,2),(11,1),(12,0)
7	97	(0,(1,(2,((3,4)5,(6,7)8)9)10)11)12	(5,5),(8,4),(9,3),(10,2),(11,1),(12,0)
7	98	(0,(1,((2,3)4,((5,6)7,8)9)10)11)12	(4,3),(7,5),(9,4),(10,2),(11,1),(12,0)
7	98	(0,(1,((2,3)4,((5,6)7,8)9)10)11)12	(4,5),(7,4),(9,3),(10,2),(11,1),(12,0)
7	98	(0,(1,((2,3)4,((5,6)7,8)9)10)11)12	(4,5),(7,4),(9,3),(10,2),(11,1),(12,0)
7	98	(0,(1,((2,3)4,((5,6)7,8)9)10)11)12	(4,5),(7,4),(9,3),(10,2),(11,1),(12,0)
7	98	(0,(1,((2,3)4,((5,6)7,8)9)10)11)12	(4,5),(7,4),(9,3),(10,2),(11,1),(12,0)
7	98	(0,(1,((2,3)4,((5,6)7,8)9)10)11)12	(4,3),(7,5),(9,4),(10,2),(11,1),(12,0)
7	98	(0,(1,((2,3)4,((5,6)7,8)9)10)11)12	(4,4),(7,5),(9,3),(10,2),(11,1),(12,0)
7	98	(0,(1,((2,3)4,((5,6)7,8)9)10)11)12	(4,5),(7,4),(9,3),(10,2),(11,1),(12,0)
7	98	(0,(1,((2,3)4,((5,6)7,8)9)10)11)12	(4,3),(7,5),(9,4),(10,2),(11,1),(12,0)
7	98	(0,(1,((2,3)4,((5,6)7,8)9)10)11)12	(4,5),(7,4),(9,3),(10,2),(11,1),(12,0)
7	99	((0,1)2,(3,((4,(5,6)7)8,9)10)11)12	(2,1),(7,5),(8,4),(10,3),(11,2),(12,0)
7	99	((0,1)2,(3,((4,(5,6)7)8,9)10)11)12	(2,2),(7,5),(8,4),(10,3),(11,1),(12,0)
7	99	((0,1)2,(3,((4,(5,6)7)8,9)10)11)12	(2,3),(7,5),(8,4),(10,2),(11,1),(12,0)
7	99	((0,1)2,(3,((4,(5,6)7)8,9)10)11)12	(2,3),(7,5),(8,4),(10,2),(11,1),(12,0)
7	99	((0,1)2,(3,((4,(5,6)7)8,9)10)11)12	(2,3),(7,5),(8,4),(10,2),(11,1),(12,0)
7	99	((0,1)2,(3,((4,(5,6)7)8,9)10)11)12	(2,1),(7,5),(8,4),(10,3),(11,2),(12,0)
7	99	((0,1)2,(3,((4,(5,6)7)8,9)10)11)12	(2,5),(7,4),(8,3),(10,2),(11,1),(12,0)
7	99	((0,1)2,(3,((4,(5,6)7)8,9)10)11)12	(2,3),(7,5),(8,4),(10,2),(11,1),(12,0)
7	99	((0,1)2,(3,((4,(5,6)7)8,9)10)11)12	(2,5),(7,4),(8,3),(10,2),(11,1),(12,0)
7	99	((0,1)2,(3,((4,(5,6)7)8,9)10)11)12	(2,4),(7,5),(8,3),(10,2),(11,1),(12,0)
