#size tree	index tree	tree
22	0	(0,(1,(2,(3,(4,(5,(6,(7,(8,(9,(10,(11,(12,(13,(14,(15,(16,(17,(18,(19,(20,21)22)23)24)25)26)27)28)29)30)31)32)33)34)35)36)37)38)39)40)41)42
22	1	((((0,1)2,(3,(4,5)6)7)8,((9,(10,11)12)13,(14,(15,16)17)18)19)20,(((21,22)23,(24,(25,26)27)28)29,((30,(31,32)33)34,(35,(36,37)38)39)40)41)42
22	2	((0,(1,(((2,3)4,(5,6)7)8,(9,10)11)12)13)14,(15,((16,((((17,18)19,20)21,22)23,(24,25)26)27)28,(29,(30,(31,(32,(33,34)35)36)37)38)39)40)41)42
22	3	(0,((1,(2,3)4)5,((((6,7)8,9)10,(11,12)13)14,((((((15,16)17,(18,19)20)21,22)23,24)25,26)27,(28,((29,30)31,(32,(33,34)35)36)37)38)39)40)41)42
22	4	(0,((1,(2,(((3,((4,(5,((6,7)8,9)10)11)12,((13,14)15,(16,17)18)19)20)21,22)23,24)25)26)27,(28,(29,(30,((31,(32,33)34)35,36)37)38)39)40)41)42
22	5	(0,(1,(((((2,3)4,5)6,((7,(8,((9,10)11,12)13)14)15,16)17)18,(19,(20,21)22)23)24,((((25,26)27,28)29,(((30,31)32,33)34,35)36)37,38)39)40)41)42
22	6	(0,(1,(((2,((((3,(4,(5,(((6,(((7,(8,9)10)11,12)13,(14,15)16)17)18,19)20,21)22)23)24)25,((26,27)28,29)30)31,32)33,34)35)36,37)38,39)40)41)42
22	7	((0,((1,2)3,((((4,((((5,(6,7)8)9,10)11,12)13,(14,15)16)17)18,((19,(((20,21)22,(23,(24,25)26)27)28,29)30)31,32)33)34,35)36,37)38)39)40,41)42
22	8	((0,1)2,(3,((4,5)6,((((((7,((8,9)10,(11,(12,13)14)15)16)17,(18,(19,20)21)22)23,24)25,26)27,28)29,((30,((31,32)33,34)35)36,37)38)39)40)41)42
22	9	(((0,1)2,3)4,(((((5,(6,(7,(8,(9,10)11)12)13)14)15,(((16,17)18,19)20,21)22)23,((24,(25,26)27)28,(29,((30,31)32,33)34)35)36)37,38)39,40)41)42
22	10	(((0,(((((1,(2,3)4)5,6)7,8)9,((10,(((11,12)13,(14,((15,16)17,18)19)20)21,22)23)24,(25,(((26,27)28,29)30,31)32)33)34)35,36)37)38,39)40,41)42
22	11	((((0,1)2,(3,4)5)6,7)8,((((9,10)11,12)13,((14,15)16,(17,((18,(19,20)21)22,(23,(((((24,25)26,27)28,29)30,31)32,33)34)35)36)37)38)39,40)41)42
22	12	(((((0,((1,2)3,4)5)6,7)8,9)10,(11,((12,13)14,((15,16)17,18)19)20)21)22,(23,((24,(25,26)27)28,(29,(((30,31)32,(33,34)35)36,37)38)39)40)41)42
22	13	(0,(((1,2)3,((4,((5,((6,(7,(8,(9,(10,11)12)13)14)15)16,17)18)19,20)21)22,23)24)25,(((26,27)28,(29,(30,31)32)33)34,((35,36)37,38)39)40)41)42
22	14	(0,(1,(((2,3)4,(5,6)7)8,((9,10)11,((12,((13,14)15,16)17)18,(19,(20,(21,(22,((23,24)25,(26,(27,(28,29)30)31)32)33)34)35)36)37)38)39)40)41)42
22	15	(((0,1)2,((3,(4,(((5,6)7,((8,9)10,11)12)13,(((14,(15,16)17)18,(19,20)21)22,(((((23,24)25,26)27,28)29,30)31,32)33)34)35)36)37,38)39)40,41)42
22	16	(((((0,((1,(2,3)4)5,6)7)8,9)10,11)12,((13,((14,(15,(((16,17)18,19)20,21)22)23)24,25)26)27,(28,(29,(30,31)32)33)34)35)36,(37,(38,39)40)41)42
22	17	(((0,(1,((((2,(3,4)5)6,7)8,9)10,11)12)13)14,(15,(16,(((17,18)19,20)21,(22,(23,((24,(25,(26,27)28)29)30,31)32)33)34)35)36)37)38,(39,40)41)42
22	18	(((0,(1,2)3)4,(5,(6,(((7,((8,(((9,(10,(11,12)13)14)15,16)17,18)19)20,((21,22)23,((24,(25,26)27)28,29)30)31)32)33,34)35,36)37)38)39)40,41)42
22	19	((((((((((0,(1,2)3)4,5)6,(7,8)9)10,11)12,(13,14)15)16,((17,18)19,(20,(21,22)23)24)25)26,27)28,(29,30)31)32,(33,34)35)36,((37,38)39,40)41)42
22	20	((0,((1,((2,(3,((((4,((5,(6,7)8)9,10)11)12,13)14,15)16,17)18)19)20,(21,(((22,23)24,(25,(26,(27,28)29)30)31)32,33)34)35)36)37,38)39)40,41)42
22	21	(0,((((1,((2,((3,4)5,((6,7)8,9)10)11)12,13)14)15,(16,17)18)19,(20,(21,22)23)24)25,((26,((((27,28)29,30)31,32)33,(34,35)36)37)38,39)40)41)42
22	22	(0,(((1,2)3,(4,((5,6)7,8)9)10)11,(((12,13)14,((15,(((16,17)18,19)20,21)22)23,((24,(25,26)27)28,29)30)31)32,(33,(34,(35,36)37)38)39)40)41)42
22	23	(((0,1)2,3)4,(((((5,((6,(7,8)9)10,((11,12)13,14)15)16)17,(18,(19,20)21)22)23,24)25,26)27,((28,(((29,(30,31)32)33,34)35,36)37)38,39)40)41)42
22	24	((0,1)2,(3,(4,((((5,6)7,8)9,((10,((11,(12,((13,14)15,(16,(17,18)19)20)21)22)23,((24,(25,26)27)28,29)30)31)32,(33,34)35)36)37,38)39)40)41)42
22	25	((0,((1,(((2,3)4,(5,(((6,7)8,9)10,11)12)13)14,15)16)17,(((18,19)20,(((21,22)23,24)25,((26,(27,(28,29)30)31)32,33)34)35)36,37)38)39)40,41)42
22	26	(((0,(((((1,(2,3)4)5,6)7,(8,9)10)11,(12,(13,(14,(((15,16)17,18)19,20)21)22)23)24)25,((26,(27,28)29)30,(31,32)33)34)35)36,37)38,(39,40)41)42
22	27	((0,(1,2)3)4,(((((5,6)7,8)9,(10,(((11,((12,((13,14)15,16)17)18,(19,((20,21)22,23)24)25)26)27,28)29,(30,31)32)33)34)35,(36,37)38)39,40)41)42
22	28	(0,(1,((2,(((3,(4,(5,6)7)8)9,(10,((11,(12,(13,14)15)16)17,(18,19)20)21)22)23,((24,25)26,(27,(28,((29,30)31,32)33)34)35)36)37)38,39)40)41)42
22	29	((0,(1,2)3)4,((5,((((6,7)8,9)10,11)12,13)14)15,((((16,17)18,(19,((20,(21,22)23)24,((25,26)27,28)29)30)31)32,((33,34)35,36)37)38,39)40)41)42
22	30	(((((0,1)2,((3,(4,(5,((6,((((7,(8,9)10)11,12)13,14)15,16)17)18,19)20)21)22)23,((24,(25,26)27)28,29)30)31)32,(33,34)35)36,(37,38)39)40,41)42
22	31	((0,((1,((((2,(3,4)5)6,(7,8)9)10,(11,((12,(((13,14)15,(16,17)18)19,20)21)22,(23,24)25)26)27)28,((29,(30,31)32)33,34)35)36)37,38)39)40,41)42
22	32	(0,(((((((1,2)3,(((4,5)6,(7,8)9)10,(11,12)13)14)15,16)17,18)19,(((20,21)22,(23,24)25)26,((27,28)29,30)31)32)33,34)35,(36,(37,38)39)40)41)42
22	33	(((((0,(1,((2,3)4,((5,6)7,8)9)10)11)12,13)14,(15,(16,((17,(18,(19,20)21)22)23,((24,25)26,((27,28)29,30)31)32)33)34)35)36,(37,38)39)40,41)42
22	34	(0,(((1,(2,((3,(((4,5)6,7)8,9)10)11,((12,((13,14)15,((16,17)18,19)20)21)22,((23,24)25,26)27)28)29)30)31,(32,33)34)35,((36,37)38,39)40)41)42
22	35	(((0,((1,2)3,(4,5)6)7)8,((9,((10,11)12,13)14)15,((16,17)18,(19,(((((((20,21)22,23)24,25)26,27)28,29)30,(31,32)33)34,35)36)37)38)39)40,41)42
22	36	(((0,(1,2)3)4,(5,(((6,7)8,9)10,((11,(12,(13,((14,(15,16)17)18,((19,20)21,((22,23)24,25)26)27)28)29)30)31,32)33)34)35)36,(37,(38,39)40)41)42
22	37	((0,(1,2)3)4,(((5,((6,7)8,(((9,10)11,12)13,(14,15)16)17)18)19,(20,((21,(22,((23,24)25,26)27)28)29,(((30,31)32,33)34,35)36)37)38)39,40)41)42
22	38	((0,1)2,((((3,((4,(5,6)7)8,9)10)11,12)13,((14,(15,((16,(17,(18,19)20)21)22,((23,24)25,(26,((27,28)29,30)31)32)33)34)35)36,37)38)39,40)41)42
22	39	(0,(((1,2)3,(4,((((5,(6,7)8)9,((10,((11,12)13,14)15)16,17)18)19,20)21,22)23)24)25,((26,(27,(28,29)30)31)32,(33,(34,(35,36)37)38)39)40)41)42
22	40	(((0,(1,((2,(3,((4,(5,(6,(((7,8)9,10)11,12)13)14)15)16,17)18)19)20,(21,22)23)24)25)26,27)28,(((29,(30,31)32)33,34)35,((36,37)38,39)40)41)42
22	41	((0,(((1,((2,3)4,(((5,(6,7)8)9,((10,11)12,13)14)15,16)17)18)19,((20,21)22,23)24)25,(26,(((27,((28,29)30,31)32)33,34)35,36)37)38)39)40,41)42
22	42	(0,(((1,(((2,((3,((((((4,(5,6)7)8,((9,10)11,12)13)14,((15,(16,17)18)19,20)21)22,23)24,25)26,27)28)29,30)31)32,33)34,35)36)37,38)39,40)41)42
22	43	(0,(1,((((2,(3,(4,(5,6)7)8)9)10,(11,(12,((13,(((14,15)16,(17,(((18,19)20,21)22,23)24)25)26,27)28)29,30)31)32)33)34,35)36,(37,38)39)40)41)42
22	44	((((0,(1,2)3)4,((5,6)7,(8,(((9,10)11,((12,(13,14)15)16,17)18)19,20)21)22)23)24,((25,(26,27)28)29,(((30,(31,32)33)34,35)36,37)38)39)40,41)42
22	45	(0,(1,(((2,(3,(4,((((((5,(6,7)8)9,(((10,(11,12)13)14,15)16,17)18)19,20)21,22)23,24)25,26)27)28)29)30,31)32,(((33,34)35,36)37,38)39)40)41)42
22	46	((0,((1,2)3,(4,(5,((6,7)8,9)10)11)12)13)14,((15,16)17,(((18,((19,(((20,((21,22)23,24)25)26,(27,28)29)30,31)32)33,34)35)36,37)38,39)40)41)42
22	47	(0,(((1,(((2,(3,((4,5)6,7)8)9)10,(((11,(12,((13,14)15,(((16,17)18,19)20,(21,22)23)24)25)26)27,28)29,30)31)32,33)34)35,(36,37)38)39,40)41)42
22	48	((0,((((1,2)3,(4,((5,6)7,((8,(9,10)11)12,(((13,14)15,16)17,18)19)20)21)22)23,(24,(25,26)27)28)29,30)31)32,((33,(34,(35,36)37)38)39,40)41)42
22	49	(((0,(1,(2,3)4)5)6,(7,((8,9)10,(((((11,(12,13)14)15,(((16,17)18,19)20,21)22)23,(24,25)26)27,28)29,((30,31)32,(33,34)35)36)37)38)39)40,41)42
22	50	((((0,(1,(2,3)4)5)6,7)8,((9,(10,((11,(12,13)14)15,(((16,17)18,((19,20)21,(22,(23,24)25)26)27)28,(29,30)31)32)33)34)35,(36,37)38)39)40,41)42
22	51	(((((((0,1)2,((3,4)5,((((6,7)8,9)10,11)12,13)14)15)16,17)18,(19,(((20,21)22,23)24,25)26)27)28,((29,30)31,(32,(33,34)35)36)37)38,39)40,41)42
22	52	(0,(((1,(2,3)4)5,(((6,7)8,(9,((10,(11,12)13)14,((15,(16,(17,(18,19)20)21)22)23,24)25)26)27)28,(((29,30)31,32)33,(34,35)36)37)38)39,40)41)42
22	53	(0,((((1,(2,(3,4)5)6)7,8)9,10)11,((12,(13,14)15)16,(17,((18,(((19,(20,(((21,(22,23)24)25,26)27,28)29)30)31,32)33,34)35)36,37)38)39)40)41)42
22	54	(0,(((1,(2,((3,((4,(((((5,6)7,8)9,10)11,12)13,14)15)16,17)18)19,(20,(21,22)23)24)25)26)27,(28,(((29,30)31,(32,33)34)35,36)37)38)39,40)41)42
22	55	(((((0,(1,(((2,3)4,5)6,7)8)9)10,11)12,(13,14)15)16,17)18,(19,((((20,(21,22)23)24,((25,26)27,(((28,29)30,31)32,33)34)35)36,37)38,39)40)41)42
22	56	((((((0,(1,(2,(3,((4,(5,6)7)8,((9,10)11,12)13)14)15)16)17)18,19)20,(21,(22,(23,24)25)26)27)28,(29,30)31)32,((33,34)35,(36,37)38)39)40,41)42
22	57	(0,(1,((((((((2,(3,((4,(5,(6,(7,8)9)10)11)12,((13,(14,15)16)17,18)19)20)21)22,(23,(24,25)26)27)28,29)30,31)32,33)34,35)36,37)38,39)40)41)42
22	58	((((((0,(1,(((((2,3)4,5)6,7)8,(9,(10,((11,(12,13)14)15,((16,17)18,19)20)21)22)23)24,25)26)27)28,((29,30)31,32)33)34,35)36,37)38,39)40,41)42
22	59	((0,((((1,(2,((3,((4,(((((5,((6,7)8,9)10)11,12)13,14)15,16)17,18)19)20,((21,22)23,24)25)26)27,28)29)30)31,32)33,(34,35)36)37,38)39)40,41)42
22	60	((0,(1,((((((2,(3,(((4,5)6,(7,(8,(9,10)11)12)13)14,((15,16)17,18)19)20)21)22,(23,(24,(25,26)27)28)29)30,31)32,33)34,35)36,37)38)39)40,41)42
22	61	(((0,(1,(((2,3)4,5)6,7)8)9)10,(11,((((12,13)14,15)16,(17,18)19)20,(21,(22,23)24)25)26)27)28,((((29,30)31,32)33,(34,(35,36)37)38)39,40)41)42
22	62	(((0,1)2,(((3,4)5,(6,(7,(((8,(((9,10)11,12)13,14)15)16,17)18,19)20)21)22)23,24)25)26,((27,(28,(((29,30)31,32)33,(34,35)36)37)38)39,40)41)42
22	63	((0,1)2,((3,((((4,((5,6)7,8)9)10,11)12,(((((13,14)15,16)17,18)19,20)21,(22,(23,24)25)26)27)28,(((29,30)31,(32,33)34)35,36)37)38)39,40)41)42
22	64	(((((0,1)2,(3,4)5)6,(((7,(8,9)10)11,12)13,14)15)16,(17,(18,(19,((20,(21,22)23)24,25)26)27)28)29)30,((31,32)33,((34,(35,36)37)38,39)40)41)42
22	65	((0,(((((((1,2)3,4)5,((((6,7)8,9)10,11)12,((13,14)15,(((((16,17)18,(19,20)21)22,23)24,25)26,27)28)29)30)31,32)33,34)35,36)37,38)39)40,41)42
22	66	((0,(1,2)3)4,((5,6)7,((8,((9,(((((((10,11)12,13)14,15)16,17)18,((19,20)21,22)23)24,25)26,(27,(28,29)30)31)32)33,34)35)36,(37,38)39)40)41)42
22	67	(((0,1)2,(3,(4,((((5,6)7,8)9,(10,(11,((12,13)14,(15,16)17)18)19)20)21,22)23)24)25)26,(((27,(28,29)30)31,(((32,33)34,35)36,37)38)39,40)41)42
22	68	(0,(((1,(2,((((((3,4)5,(6,((7,8)9,10)11)12)13,14)15,16)17,18)19,20)21)22)23,(((24,(((25,(26,27)28)29,30)31,32)33)34,35)36,37)38)39,40)41)42
22	69	((((0,(1,((2,((3,4)5,6)7)8,(((9,10)11,12)13,14)15)16)17)18,19)20,((((21,(22,(23,24)25)26)27,28)29,30)31,(32,33)34)35)36,((37,38)39,40)41)42
22	70	(((((0,1)2,(3,(4,((5,6)7,8)9)10)11)12,((13,14)15,16)17)18,19)20,((21,(((22,(23,24)25)26,(27,28)29)30,(31,(32,33)34)35)36)37,(38,39)40)41)42
22	71	((((((0,1)2,(((3,((4,((5,6)7,8)9)10,11)12)13,(14,15)16)17,18)19)20,(21,((22,(23,24)25)26,((27,28)29,30)31)32)33)34,35)36,37)38,(39,40)41)42
22	72	(((0,((1,2)3,4)5)6,(7,(((8,9)10,(11,((12,(13,14)15)16,(17,((18,(19,(20,21)22)23)24,(25,(26,27)28)29)30)31)32)33)34,35)36)37)38,(39,40)41)42
22	73	((0,((((1,((((2,3)4,5)6,(((7,8)9,10)11,12)13)14,15)16)17,18)19,((20,((21,22)23,((24,(25,26)27)28,(29,30)31)32)33)34,35)36)37,38)39)40,41)42
22	74	(((((0,(((1,2)3,4)5,((6,7)8,9)10)11)12,((13,14)15,16)17)18,19)20,((21,22)23,(24,25)26)27)28,((29,(30,((31,(32,33)34)35,36)37)38)39,40)41)42
22	75	((0,(1,((((2,3)4,((5,(6,7)8)9,((10,(11,12)13)14,(15,(16,((17,18)19,(20,(((21,22)23,24)25,26)27)28)29)30)31)32)33)34,35)36,37)38)39)40,41)42
22	76	((0,(1,(2,3)4)5)6,(((7,((8,9)10,11)12)13,14)15,(((((16,17)18,(19,(((20,21)22,23)24,25)26)27)28,(29,(30,31)32)33)34,(35,36)37)38,39)40)41)42
22	77	(((0,1)2,(3,(4,(((5,((6,7)8,((9,(10,(11,12)13)14)15,16)17)18)19,(20,21)22)23,24)25)26)27)28,(29,(30,(31,((32,(33,34)35)36,37)38)39)40)41)42
22	78	(0,((1,2)3,(4,(5,(((6,(7,8)9)10,((11,12)13,(14,((15,(16,(17,((18,19)20,21)22)23)24)25,(26,27)28)29)30)31)32,(33,(34,35)36)37)38)39)40)41)42
22	79	(((0,((1,2)3,((4,5)6,7)8)9)10,((((11,(12,((13,((14,(15,(16,17)18)19)20,21)22)23,24)25)26)27,28)29,30)31,(32,(33,34)35)36)37)38,(39,40)41)42
22	80	(0,(((((1,2)3,4)5,(6,(((7,8)9,(((10,((11,12)13,14)15)16,17)18,19)20)21,22)23)24)25,26)27,(28,((29,(((30,31)32,33)34,35)36)37,38)39)40)41)42
22	81	(0,(((1,((2,((((((3,((4,(5,(6,7)8)9)10,11)12)13,14)15,(16,17)18)19,20)21,(22,23)24)25,26)27)28,(29,30)31)32)33,((34,35)36,37)38)39,40)41)42
22	82	((0,(1,(((2,3)4,5)6,(((7,8)9,10)11,((12,(13,((14,((((15,16)17,18)19,20)21,22)23)24,25)26)27)28,((29,(30,31)32)33,34)35)36)37)38)39)40,41)42
22	83	(0,(1,(2,(((((3,(((((4,5)6,((7,(8,9)10)11,12)13)14,(15,(((16,17)18,(19,20)21)22,23)24)25)26,27)28,29)30)31,32)33,34)35,36)37,38)39)40)41)42
22	84	(0,((((1,2)3,4)5,6)7,(8,(((9,10)11,((((12,((13,14)15,16)17)18,19)20,21)22,(((23,(24,(25,26)27)28)29,30)31,32)33)34)35,(36,37)38)39)40)41)42
22	85	((((((0,(((1,2)3,((((((4,(5,(6,7)8)9)10,11)12,13)14,(15,16)17)18,19)20,(21,22)23)24)25,26)27)28,29)30,31)32,33)34,(35,(36,37)38)39)40,41)42
22	86	(((0,((1,(2,3)4)5,((((6,(7,(((8,9)10,(11,12)13)14,(15,16)17)18)19)20,21)22,((23,24)25,26)27)28,(29,30)31)32)33)34,35)36,(37,(38,39)40)41)42
22	87	(0,(((1,(((2,3)4,((5,6)7,8)9)10,((11,(((12,(13,14)15)16,17)18,((19,20)21,22)23)24)25,((26,(27,28)29)30,(31,32)33)34)35)36)37,38)39,40)41)42
22	88	((((0,((((1,(2,3)4)5,6)7,(8,9)10)11,(12,(13,14)15)16)17)18,((19,20)21,(((((22,23)24,25)26,27)28,29)30,((31,32)33,34)35)36)37)38,39)40,41)42
22	89	(0,(1,(((2,3)4,5)6,((7,(((8,((9,10)11,(12,(13,(14,(15,(16,17)18)19)20)21)22)23)24,((25,26)27,(28,29)30)31)32,(33,34)35)36)37,38)39)40)41)42
22	90	((((0,((1,2)3,((4,(((5,6)7,8)9,10)11)12,13)14)15)16,((((17,18)19,(20,((21,22)23,24)25)26)27,(28,29)30)31,32)33)34,(35,(36,37)38)39)40,41)42
22	91	(0,(((((1,(2,(3,((4,5)6,(7,((8,((9,(10,11)12)13,(14,((15,16)17,18)19)20)21)22,23)24)25)26)27)28)29,30)31,32)33,(34,35)36)37,(38,39)40)41)42
22	92	(((0,(1,((((2,(((((3,4)5,6)7,8)9,10)11,12)13)14,15)16,17)18,((19,(20,21)22)23,24)25)26)27)28,29)30,(((31,32)33,34)35,((36,37)38,39)40)41)42
22	93	(0,(1,(((2,((3,((4,5)6,7)8)9,10)11)12,13)14,((15,(((16,(17,18)19)20,21)22,23)24)25,(26,(((27,((28,29)30,31)32)33,34)35,36)37)38)39)40)41)42
22	94	((((0,(((1,((2,3)4,((((5,6)7,8)9,10)11,(12,13)14)15)16)17,(18,19)20)21,(22,23)24)25)26,(27,(((28,29)30,31)32,33)34)35)36,37)38,(39,40)41)42
22	95	((0,1)2,(3,((((4,5)6,((7,(8,(9,(10,11)12)13)14)15,((16,(17,(18,19)20)21)22,((23,((24,25)26,27)28)29,(30,31)32)33)34)35)36,37)38,39)40)41)42
22	96	((0,1)2,(((((3,4)5,6)7,8)9,10)11,((12,(13,14)15)16,(17,((18,(((19,((20,((21,22)23,24)25)26,(27,28)29)30)31,32)33,34)35)36,37)38)39)40)41)42
22	97	((((((0,(((1,((((2,3)4,5)6,7)8,9)10)11,(12,((13,(14,15)16)17,18)19)20)21,((22,23)24,25)26)27)28,29)30,(31,32)33)34,(35,36)37)38,39)40,41)42
22	98	(0,(((((1,2)3,((((4,5)6,(7,8)9)10,11)12,13)14)15,(((16,17)18,19)20,(((21,(22,23)24)25,26)27,28)29)30)31,32)33,(34,((35,36)37,38)39)40)41)42
22	99	((0,(((1,2)3,4)5,(6,(7,8)9)10)11)12,(13,(((14,15)16,((17,((18,(((19,20)21,22)23,24)25)26,27)28)29,(30,31)32)33)34,((35,36)37,38)39)40)41)42
