#size tree	index tree	unranked tree	ranking
6	0	(0,(1,(2,(3,(4,5)6)7)8)9)10	(8,2),(9,1),(10,0),(6,4),(7,3)
6	0	(0,(1,(2,(3,(4,5)6)7)8)9)10	(8,2),(9,1),(10,0),(6,4),(7,3)
6	0	(0,(1,(2,(3,(4,5)6)7)8)9)10	(8,2),(9,1),(10,0),(6,4),(7,3)
6	0	(0,(1,(2,(3,(4,5)6)7)8)9)10	(8,2),(9,1),(10,0),(6,4),(7,3)
6	0	(0,(1,(2,(3,(4,5)6)7)8)9)10	(8,2),(9,1),(10,0),(6,4),(7,3)
6	0	(0,(1,(2,(3,(4,5)6)7)8)9)10	(8,2),(9,1),(10,0),(6,4),(7,3)
6	0	(0,(1,(2,(3,(4,5)6)7)8)9)10	(8,2),(9,1),(10,0),(6,4),(7,3)
6	0	(0,(1,(2,(3,(4,5)6)7)8)9)10	(8,2),(9,1),(10,0),(6,4),(7,3)
6	0	(0,(1,(2,(3,(4,5)6)7)8)9)10	(8,2),(9,1),(10,0),(6,4),(7,3)
6	0	(0,(1,(2,(3,(4,5)6)7)8)9)10	(8,2),(9,1),(10,0),(6,4),(7,3)
6	1	((0,(1,2)3)4,(5,(6,7)8)9)10	(8,3),(9,2),(10,0),(3,4),(4,1)
6	1	((0,(1,2)3)4,(5,(6,7)8)9)10	(8,4),(9,3),(10,0),(3,2),(4,1)
6	1	((0,(1,2)3)4,(5,(6,7)8)9)10	(8,4),(9,1),(10,0),(3,3),(4,2)
6	1	((0,(1,2)3)4,(5,(6,7)8)9)10	(8,4),(9,3),(10,0),(3,2),(4,1)
6	1	((0,(1,2)3)4,(5,(6,7)8)9)10	(8,3),(9,1),(10,0),(3,4),(4,2)
6	1	((0,(1,2)3)4,(5,(6,7)8)9)10	(8,4),(9,1),(10,0),(3,3),(4,2)
6	1	((0,(1,2)3)4,(5,(6,7)8)9)10	(8,4),(9,3),(10,0),(3,2),(4,1)
6	1	((0,(1,2)3)4,(5,(6,7)8)9)10	(8,4),(9,3),(10,0),(3,2),(4,1)
6	1	((0,(1,2)3)4,(5,(6,7)8)9)10	(8,3),(9,1),(10,0),(3,4),(4,2)
6	1	((0,(1,2)3)4,(5,(6,7)8)9)10	(8,3),(9,2),(10,0),(3,4),(4,1)
6	2	(0,(1,(((2,3)4,5)6,7)8)9)10	(8,2),(9,1),(10,0),(4,4),(6,3)
6	2	(0,(1,(((2,3)4,5)6,7)8)9)10	(8,2),(9,1),(10,0),(4,4),(6,3)
6	2	(0,(1,(((2,3)4,5)6,7)8)9)10	(8,2),(9,1),(10,0),(4,4),(6,3)
6	2	(0,(1,(((2,3)4,5)6,7)8)9)10	(8,2),(9,1),(10,0),(4,4),(6,3)
6	2	(0,(1,(((2,3)4,5)6,7)8)9)10	(8,2),(9,1),(10,0),(4,4),(6,3)
6	2	(0,(1,(((2,3)4,5)6,7)8)9)10	(8,2),(9,1),(10,0),(4,4),(6,3)
6	2	(0,(1,(((2,3)4,5)6,7)8)9)10	(8,2),(9,1),(10,0),(4,4),(6,3)
6	2	(0,(1,(((2,3)4,5)6,7)8)9)10	(8,2),(9,1),(10,0),(4,4),(6,3)
6	2	(0,(1,(((2,3)4,5)6,7)8)9)10	(8,2),(9,1),(10,0),(4,4),(6,3)
6	2	(0,(1,(((2,3)4,5)6,7)8)9)10	(8,2),(9,1),(10,0),(4,4),(6,3)
6	3	(0,(1,((2,(3,4)5)6,7)8)9)10	(8,2),(9,1),(10,0),(5,4),(6,3)
6	3	(0,(1,((2,(3,4)5)6,7)8)9)10	(8,2),(9,1),(10,0),(5,4),(6,3)
6	3	(0,(1,((2,(3,4)5)6,7)8)9)10	(8,2),(9,1),(10,0),(5,4),(6,3)
6	3	(0,(1,((2,(3,4)5)6,7)8)9)10	(8,2),(9,1),(10,0),(5,4),(6,3)
6	3	(0,(1,((2,(3,4)5)6,7)8)9)10	(8,2),(9,1),(10,0),(5,4),(6,3)
6	3	(0,(1,((2,(3,4)5)6,7)8)9)10	(8,2),(9,1),(10,0),(5,4),(6,3)
6	3	(0,(1,((2,(3,4)5)6,7)8)9)10	(8,2),(9,1),(10,0),(5,4),(6,3)
6	3	(0,(1,((2,(3,4)5)6,7)8)9)10	(8,2),(9,1),(10,0),(5,4),(6,3)
6	3	(0,(1,((2,(3,4)5)6,7)8)9)10	(8,2),(9,1),(10,0),(5,4),(6,3)
6	3	(0,(1,((2,(3,4)5)6,7)8)9)10	(8,2),(9,1),(10,0),(5,4),(6,3)
6	4	(0,(((1,(2,3)4)5,6)7,8)9)10	(9,1),(10,0),(4,4),(5,3),(7,2)
6	4	(0,(((1,(2,3)4)5,6)7,8)9)10	(9,1),(10,0),(4,4),(5,3),(7,2)
6	4	(0,(((1,(2,3)4)5,6)7,8)9)10	(9,1),(10,0),(4,4),(5,3),(7,2)
6	4	(0,(((1,(2,3)4)5,6)7,8)9)10	(9,1),(10,0),(4,4),(5,3),(7,2)
6	4	(0,(((1,(2,3)4)5,6)7,8)9)10	(9,1),(10,0),(4,4),(5,3),(7,2)
6	4	(0,(((1,(2,3)4)5,6)7,8)9)10	(9,1),(10,0),(4,4),(5,3),(7,2)
6	4	(0,(((1,(2,3)4)5,6)7,8)9)10	(9,1),(10,0),(4,4),(5,3),(7,2)
6	4	(0,(((1,(2,3)4)5,6)7,8)9)10	(9,1),(10,0),(4,4),(5,3),(7,2)
6	4	(0,(((1,(2,3)4)5,6)7,8)9)10	(9,1),(10,0),(4,4),(5,3),(7,2)
6	4	(0,(((1,(2,3)4)5,6)7,8)9)10	(9,1),(10,0),(4,4),(5,3),(7,2)
6	5	(0,((1,2)3,(4,(5,6)7)8)9)10	(8,2),(9,1),(10,0),(3,3),(7,4)
6	5	(0,((1,2)3,(4,(5,6)7)8)9)10	(8,3),(9,1),(10,0),(3,2),(7,4)
6	5	(0,((1,2)3,(4,(5,6)7)8)9)10	(8,2),(9,1),(10,0),(3,4),(7,3)
6	5	(0,((1,2)3,(4,(5,6)7)8)9)10	(8,3),(9,1),(10,0),(3,2),(7,4)
6	5	(0,((1,2)3,(4,(5,6)7)8)9)10	(8,2),(9,1),(10,0),(3,3),(7,4)
6	5	(0,((1,2)3,(4,(5,6)7)8)9)10	(8,2),(9,1),(10,0),(3,3),(7,4)
6	5	(0,((1,2)3,(4,(5,6)7)8)9)10	(8,2),(9,1),(10,0),(3,3),(7,4)
6	5	(0,((1,2)3,(4,(5,6)7)8)9)10	(8,2),(9,1),(10,0),(3,4),(7,3)
6	5	(0,((1,2)3,(4,(5,6)7)8)9)10	(8,3),(9,1),(10,0),(3,2),(7,4)
6	5	(0,((1,2)3,(4,(5,6)7)8)9)10	(8,3),(9,1),(10,0),(3,2),(7,4)
6	6	(((0,1)2,((3,4)5,6)7)8,9)10	(8,1),(10,0),(5,4),(2,3),(7,2)
6	6	(((0,1)2,((3,4)5,6)7)8,9)10	(8,1),(10,0),(5,4),(2,2),(7,3)
6	6	(((0,1)2,((3,4)5,6)7)8,9)10	(8,1),(10,0),(2,4),(5,3),(7,2)
6	6	(((0,1)2,((3,4)5,6)7)8,9)10	(8,1),(10,0),(5,4),(2,2),(7,3)
6	6	(((0,1)2,((3,4)5,6)7)8,9)10	(8,1),(10,0),(5,4),(2,3),(7,2)
6	6	(((0,1)2,((3,4)5,6)7)8,9)10	(8,1),(10,0),(5,4),(2,2),(7,3)
6	6	(((0,1)2,((3,4)5,6)7)8,9)10	(8,1),(10,0),(5,4),(2,2),(7,3)
6	6	(((0,1)2,((3,4)5,6)7)8,9)10	(8,1),(10,0),(5,4),(2,2),(7,3)
6	6	(((0,1)2,((3,4)5,6)7)8,9)10	(8,1),(10,0),(5,4),(2,3),(7,2)
6	6	(((0,1)2,((3,4)5,6)7)8,9)10	(8,1),(10,0),(2,4),(5,3),(7,2)
6	7	(0,((1,2)3,(4,(5,6)7)8)9)10	(8,2),(9,1),(10,0),(3,3),(7,4)
6	7	(0,((1,2)3,(4,(5,6)7)8)9)10	(8,3),(9,1),(10,0),(3,2),(7,4)
6	7	(0,((1,2)3,(4,(5,6)7)8)9)10	(8,2),(9,1),(10,0),(3,3),(7,4)
6	7	(0,((1,2)3,(4,(5,6)7)8)9)10	(8,3),(9,1),(10,0),(3,2),(7,4)
6	7	(0,((1,2)3,(4,(5,6)7)8)9)10	(8,2),(9,1),(10,0),(3,4),(7,3)
6	7	(0,((1,2)3,(4,(5,6)7)8)9)10	(8,3),(9,1),(10,0),(3,2),(7,4)
6	7	(0,((1,2)3,(4,(5,6)7)8)9)10	(8,2),(9,1),(10,0),(3,3),(7,4)
6	7	(0,((1,2)3,(4,(5,6)7)8)9)10	(8,2),(9,1),(10,0),(3,4),(7,3)
6	7	(0,((1,2)3,(4,(5,6)7)8)9)10	(8,2),(9,1),(10,0),(3,4),(7,3)
6	7	(0,((1,2)3,(4,(5,6)7)8)9)10	(8,3),(9,1),(10,0),(3,2),(7,4)
6	8	((((0,1)2,(3,4)5)6,7)8,9)10	(8,1),(10,0),(2,3),(6,2),(5,4)
6	8	((((0,1)2,(3,4)5)6,7)8,9)10	(8,1),(10,0),(2,3),(6,2),(5,4)
6	8	((((0,1)2,(3,4)5)6,7)8,9)10	(8,1),(10,0),(2,4),(5,3),(6,2)
6	8	((((0,1)2,(3,4)5)6,7)8,9)10	(8,1),(10,0),(2,3),(6,2),(5,4)
6	8	((((0,1)2,(3,4)5)6,7)8,9)10	(8,1),(10,0),(2,3),(6,2),(5,4)
6	8	((((0,1)2,(3,4)5)6,7)8,9)10	(8,1),(10,0),(2,3),(6,2),(5,4)
6	8	((((0,1)2,(3,4)5)6,7)8,9)10	(8,1),(10,0),(2,4),(5,3),(6,2)
6	8	((((0,1)2,(3,4)5)6,7)8,9)10	(8,1),(10,0),(2,4),(5,3),(6,2)
6	8	((((0,1)2,(3,4)5)6,7)8,9)10	(8,1),(10,0),(2,4),(5,3),(6,2)
6	8	((((0,1)2,(3,4)5)6,7)8,9)10	(8,1),(10,0),(2,3),(6,2),(5,4)
6	9	((0,((1,(2,3)4)5,6)7)8,9)10	(8,1),(10,0),(4,4),(5,3),(7,2)
6	9	((0,((1,(2,3)4)5,6)7)8,9)10	(8,1),(10,0),(4,4),(5,3),(7,2)
6	9	((0,((1,(2,3)4)5,6)7)8,9)10	(8,1),(10,0),(4,4),(5,3),(7,2)
6	9	((0,((1,(2,3)4)5,6)7)8,9)10	(8,1),(10,0),(4,4),(5,3),(7,2)
6	9	((0,((1,(2,3)4)5,6)7)8,9)10	(8,1),(10,0),(4,4),(5,3),(7,2)
6	9	((0,((1,(2,3)4)5,6)7)8,9)10	(8,1),(10,0),(4,4),(5,3),(7,2)
6	9	((0,((1,(2,3)4)5,6)7)8,9)10	(8,1),(10,0),(4,4),(5,3),(7,2)
6	9	((0,((1,(2,3)4)5,6)7)8,9)10	(8,1),(10,0),(4,4),(5,3),(7,2)
6	9	((0,((1,(2,3)4)5,6)7)8,9)10	(8,1),(10,0),(4,4),(5,3),(7,2)
6	9	((0,((1,(2,3)4)5,6)7)8,9)10	(8,1),(10,0),(4,4),(5,3),(7,2)
6	10	(((0,(1,2)3)4,5)6,(7,8)9)10	(9,3),(10,0),(3,4),(4,2),(6,1)
6	10	(((0,(1,2)3)4,5)6,(7,8)9)10	(9,1),(10,0),(3,4),(4,3),(6,2)
6	10	(((0,(1,2)3)4,5)6,(7,8)9)10	(9,3),(10,0),(3,4),(4,2),(6,1)
6	10	(((0,(1,2)3)4,5)6,(7,8)9)10	(9,3),(10,0),(3,4),(4,2),(6,1)
6	10	(((0,(1,2)3)4,5)6,(7,8)9)10	(9,4),(10,0),(3,3),(4,2),(6,1)
6	10	(((0,(1,2)3)4,5)6,(7,8)9)10	(9,2),(10,0),(3,4),(4,3),(6,1)
6	10	(((0,(1,2)3)4,5)6,(7,8)9)10	(9,1),(10,0),(3,4),(4,3),(6,2)
6	10	(((0,(1,2)3)4,5)6,(7,8)9)10	(9,3),(10,0),(3,4),(4,2),(6,1)
6	10	(((0,(1,2)3)4,5)6,(7,8)9)10	(9,1),(10,0),(3,4),(4,3),(6,2)
6	10	(((0,(1,2)3)4,5)6,(7,8)9)10	(9,1),(10,0),(3,4),(4,3),(6,2)
6	11	(0,((((1,2)3,4)5,6)7,8)9)10	(9,1),(10,0),(3,4),(5,3),(7,2)
6	11	(0,((((1,2)3,4)5,6)7,8)9)10	(9,1),(10,0),(3,4),(5,3),(7,2)
6	11	(0,((((1,2)3,4)5,6)7,8)9)10	(9,1),(10,0),(3,4),(5,3),(7,2)
6	11	(0,((((1,2)3,4)5,6)7,8)9)10	(9,1),(10,0),(3,4),(5,3),(7,2)
6	11	(0,((((1,2)3,4)5,6)7,8)9)10	(9,1),(10,0),(3,4),(5,3),(7,2)
6	11	(0,((((1,2)3,4)5,6)7,8)9)10	(9,1),(10,0),(3,4),(5,3),(7,2)
6	11	(0,((((1,2)3,4)5,6)7,8)9)10	(9,1),(10,0),(3,4),(5,3),(7,2)
6	11	(0,((((1,2)3,4)5,6)7,8)9)10	(9,1),(10,0),(3,4),(5,3),(7,2)
6	11	(0,((((1,2)3,4)5,6)7,8)9)10	(9,1),(10,0),(3,4),(5,3),(7,2)
6	11	(0,((((1,2)3,4)5,6)7,8)9)10	(9,1),(10,0),(3,4),(5,3),(7,2)
6	12	((0,1)2,((3,4)5,(6,7)8)9)10	(8,3),(9,1),(10,0),(2,2),(5,4)
6	12	((0,1)2,((3,4)5,(6,7)8)9)10	(8,4),(9,1),(10,0),(2,2),(5,3)
6	12	((0,1)2,((3,4)5,(6,7)8)9)10	(8,3),(9,1),(10,0),(2,2),(5,4)
6	12	((0,1)2,((3,4)5,(6,7)8)9)10	(8,4),(9,2),(10,0),(2,1),(5,3)
6	12	((0,1)2,((3,4)5,(6,7)8)9)10	(8,4),(9,2),(10,0),(2,1),(5,3)
6	12	((0,1)2,((3,4)5,(6,7)8)9)10	(8,4),(9,2),(10,0),(2,1),(5,3)
6	12	((0,1)2,((3,4)5,(6,7)8)9)10	(8,2),(9,1),(10,0),(2,3),(5,4)
6	12	((0,1)2,((3,4)5,(6,7)8)9)10	(8,3),(9,1),(10,0),(2,4),(5,2)
6	12	((0,1)2,((3,4)5,(6,7)8)9)10	(8,2),(9,1),(10,0),(2,4),(5,3)
6	12	((0,1)2,((3,4)5,(6,7)8)9)10	(8,2),(9,1),(10,0),(2,4),(5,3)
6	13	(((0,1)2,3)4,((5,6)7,8)9)10	(9,1),(10,0),(4,3),(2,4),(7,2)
6	13	(((0,1)2,3)4,((5,6)7,8)9)10	(9,1),(10,0),(4,2),(2,3),(7,4)
6	13	(((0,1)2,3)4,((5,6)7,8)9)10	(9,2),(10,0),(4,1),(2,4),(7,3)
6	13	(((0,1)2,3)4,((5,6)7,8)9)10	(9,1),(10,0),(4,2),(2,4),(7,3)
6	13	(((0,1)2,3)4,((5,6)7,8)9)10	(9,1),(10,0),(4,2),(2,4),(7,3)
6	13	(((0,1)2,3)4,((5,6)7,8)9)10	(9,3),(10,0),(4,1),(2,2),(7,4)
6	13	(((0,1)2,3)4,((5,6)7,8)9)10	(9,1),(10,0),(4,3),(2,4),(7,2)
6	13	(((0,1)2,3)4,((5,6)7,8)9)10	(9,1),(10,0),(4,3),(2,4),(7,2)
6	13	(((0,1)2,3)4,((5,6)7,8)9)10	(9,2),(10,0),(4,1),(2,3),(7,4)
6	13	(((0,1)2,3)4,((5,6)7,8)9)10	(9,1),(10,0),(4,2),(2,3),(7,4)
6	14	(((0,1)2,(3,4)5)6,(7,8)9)10	(9,1),(10,0),(2,3),(6,2),(5,4)
6	14	(((0,1)2,(3,4)5)6,(7,8)9)10	(9,1),(10,0),(2,4),(5,3),(6,2)
6	14	(((0,1)2,(3,4)5)6,(7,8)9)10	(9,4),(10,0),(2,3),(5,2),(6,1)
6	14	(((0,1)2,(3,4)5)6,(7,8)9)10	(9,1),(10,0),(2,3),(6,2),(5,4)
6	14	(((0,1)2,(3,4)5)6,(7,8)9)10	(9,3),(10,0),(2,2),(6,1),(5,4)
6	14	(((0,1)2,(3,4)5)6,(7,8)9)10	(9,2),(10,0),(2,4),(5,3),(6,1)
6	14	(((0,1)2,(3,4)5)6,(7,8)9)10	(9,1),(10,0),(2,3),(6,2),(5,4)
6	14	(((0,1)2,(3,4)5)6,(7,8)9)10	(9,2),(10,0),(2,3),(6,1),(5,4)
6	14	(((0,1)2,(3,4)5)6,(7,8)9)10	(9,2),(10,0),(2,4),(5,3),(6,1)
6	14	(((0,1)2,(3,4)5)6,(7,8)9)10	(9,3),(10,0),(2,2),(6,1),(5,4)
6	15	(0,(((1,2)3,4)5,(6,7)8)9)10	(8,4),(9,1),(10,0),(3,3),(5,2)
6	15	(0,(((1,2)3,4)5,(6,7)8)9)10	(8,2),(9,1),(10,0),(3,4),(5,3)
6	15	(0,(((1,2)3,4)5,(6,7)8)9)10	(8,2),(9,1),(10,0),(3,4),(5,3)
6	15	(0,(((1,2)3,4)5,(6,7)8)9)10	(8,4),(9,1),(10,0),(3,3),(5,2)
6	15	(0,(((1,2)3,4)5,(6,7)8)9)10	(8,2),(9,1),(10,0),(3,4),(5,3)
6	15	(0,(((1,2)3,4)5,(6,7)8)9)10	(8,4),(9,1),(10,0),(3,3),(5,2)
6	15	(0,(((1,2)3,4)5,(6,7)8)9)10	(8,2),(9,1),(10,0),(3,4),(5,3)
6	15	(0,(((1,2)3,4)5,(6,7)8)9)10	(8,4),(9,1),(10,0),(3,3),(5,2)
6	15	(0,(((1,2)3,4)5,(6,7)8)9)10	(8,3),(9,1),(10,0),(3,4),(5,2)
6	15	(0,(((1,2)3,4)5,(6,7)8)9)10	(8,2),(9,1),(10,0),(3,4),(5,3)
6	16	((((0,(1,2)3)4,5)6,7)8,9)10	(8,1),(10,0),(3,4),(4,3),(6,2)
6	16	((((0,(1,2)3)4,5)6,7)8,9)10	(8,1),(10,0),(3,4),(4,3),(6,2)
6	16	((((0,(1,2)3)4,5)6,7)8,9)10	(8,1),(10,0),(3,4),(4,3),(6,2)
6	16	((((0,(1,2)3)4,5)6,7)8,9)10	(8,1),(10,0),(3,4),(4,3),(6,2)
6	16	((((0,(1,2)3)4,5)6,7)8,9)10	(8,1),(10,0),(3,4),(4,3),(6,2)
6	16	((((0,(1,2)3)4,5)6,7)8,9)10	(8,1),(10,0),(3,4),(4,3),(6,2)
6	16	((((0,(1,2)3)4,5)6,7)8,9)10	(8,1),(10,0),(3,4),(4,3),(6,2)
6	16	((((0,(1,2)3)4,5)6,7)8,9)10	(8,1),(10,0),(3,4),(4,3),(6,2)
6	16	((((0,(1,2)3)4,5)6,7)8,9)10	(8,1),(10,0),(3,4),(4,3),(6,2)
6	16	((((0,(1,2)3)4,5)6,7)8,9)10	(8,1),(10,0),(3,4),(4,3),(6,2)
6	17	(0,(1,(2,((3,4)5,6)7)8)9)10	(8,2),(9,1),(10,0),(5,4),(7,3)
6	17	(0,(1,(2,((3,4)5,6)7)8)9)10	(8,2),(9,1),(10,0),(5,4),(7,3)
6	17	(0,(1,(2,((3,4)5,6)7)8)9)10	(8,2),(9,1),(10,0),(5,4),(7,3)
6	17	(0,(1,(2,((3,4)5,6)7)8)9)10	(8,2),(9,1),(10,0),(5,4),(7,3)
6	17	(0,(1,(2,((3,4)5,6)7)8)9)10	(8,2),(9,1),(10,0),(5,4),(7,3)
6	17	(0,(1,(2,((3,4)5,6)7)8)9)10	(8,2),(9,1),(10,0),(5,4),(7,3)
6	17	(0,(1,(2,((3,4)5,6)7)8)9)10	(8,2),(9,1),(10,0),(5,4),(7,3)
6	17	(0,(1,(2,((3,4)5,6)7)8)9)10	(8,2),(9,1),(10,0),(5,4),(7,3)
6	17	(0,(1,(2,((3,4)5,6)7)8)9)10	(8,2),(9,1),(10,0),(5,4),(7,3)
6	17	(0,(1,(2,((3,4)5,6)7)8)9)10	(8,2),(9,1),(10,0),(5,4),(7,3)
6	18	(0,(((1,2)3,4)5,(6,7)8)9)10	(8,4),(9,1),(10,0),(3,3),(5,2)
6	18	(0,(((1,2)3,4)5,(6,7)8)9)10	(8,2),(9,1),(10,0),(3,4),(5,3)
6	18	(0,(((1,2)3,4)5,(6,7)8)9)10	(8,4),(9,1),(10,0),(3,3),(5,2)
6	18	(0,(((1,2)3,4)5,(6,7)8)9)10	(8,2),(9,1),(10,0),(3,4),(5,3)
6	18	(0,(((1,2)3,4)5,(6,7)8)9)10	(8,3),(9,1),(10,0),(3,4),(5,2)
6	18	(0,(((1,2)3,4)5,(6,7)8)9)10	(8,3),(9,1),(10,0),(3,4),(5,2)
6	18	(0,(((1,2)3,4)5,(6,7)8)9)10	(8,4),(9,1),(10,0),(3,3),(5,2)
6	18	(0,(((1,2)3,4)5,(6,7)8)9)10	(8,2),(9,1),(10,0),(3,4),(5,3)
6	18	(0,(((1,2)3,4)5,(6,7)8)9)10	(8,4),(9,1),(10,0),(3,3),(5,2)
6	18	(0,(((1,2)3,4)5,(6,7)8)9)10	(8,4),(9,1),(10,0),(3,3),(5,2)
6	19	((0,((1,2)3,(4,5)6)7)8,9)10	(8,1),(10,0),(3,4),(6,3),(7,2)
6	19	((0,((1,2)3,(4,5)6)7)8,9)10	(8,1),(10,0),(3,4),(6,3),(7,2)
6	19	((0,((1,2)3,(4,5)6)7)8,9)10	(8,1),(10,0),(3,3),(6,4),(7,2)
6	19	((0,((1,2)3,(4,5)6)7)8,9)10	(8,1),(10,0),(3,4),(6,3),(7,2)
6	19	((0,((1,2)3,(4,5)6)7)8,9)10	(8,1),(10,0),(3,4),(6,3),(7,2)
6	19	((0,((1,2)3,(4,5)6)7)8,9)10	(8,1),(10,0),(3,4),(6,3),(7,2)
6	19	((0,((1,2)3,(4,5)6)7)8,9)10	(8,1),(10,0),(3,3),(6,4),(7,2)
6	19	((0,((1,2)3,(4,5)6)7)8,9)10	(8,1),(10,0),(3,4),(6,3),(7,2)
6	19	((0,((1,2)3,(4,5)6)7)8,9)10	(8,1),(10,0),(3,4),(6,3),(7,2)
6	19	((0,((1,2)3,(4,5)6)7)8,9)10	(8,1),(10,0),(3,4),(6,3),(7,2)
6	20	((0,(1,2)3)4,(5,(6,7)8)9)10	(8,4),(9,2),(10,0),(3,3),(4,1)
6	20	((0,(1,2)3)4,(5,(6,7)8)9)10	(8,4),(9,2),(10,0),(3,3),(4,1)
6	20	((0,(1,2)3)4,(5,(6,7)8)9)10	(8,4),(9,2),(10,0),(3,3),(4,1)
6	20	((0,(1,2)3)4,(5,(6,7)8)9)10	(8,3),(9,1),(10,0),(3,4),(4,2)
6	20	((0,(1,2)3)4,(5,(6,7)8)9)10	(8,2),(9,1),(10,0),(3,4),(4,3)
6	20	((0,(1,2)3)4,(5,(6,7)8)9)10	(8,3),(9,1),(10,0),(3,4),(4,2)
6	20	((0,(1,2)3)4,(5,(6,7)8)9)10	(8,4),(9,2),(10,0),(3,3),(4,1)
6	20	((0,(1,2)3)4,(5,(6,7)8)9)10	(8,3),(9,1),(10,0),(3,4),(4,2)
6	20	((0,(1,2)3)4,(5,(6,7)8)9)10	(8,3),(9,1),(10,0),(3,4),(4,2)
6	20	((0,(1,2)3)4,(5,(6,7)8)9)10	(8,3),(9,1),(10,0),(3,4),(4,2)
6	21	(0,(((1,(2,3)4)5,6)7,8)9)10	(9,1),(10,0),(4,4),(5,3),(7,2)
6	21	(0,(((1,(2,3)4)5,6)7,8)9)10	(9,1),(10,0),(4,4),(5,3),(7,2)
6	21	(0,(((1,(2,3)4)5,6)7,8)9)10	(9,1),(10,0),(4,4),(5,3),(7,2)
6	21	(0,(((1,(2,3)4)5,6)7,8)9)10	(9,1),(10,0),(4,4),(5,3),(7,2)
6	21	(0,(((1,(2,3)4)5,6)7,8)9)10	(9,1),(10,0),(4,4),(5,3),(7,2)
6	21	(0,(((1,(2,3)4)5,6)7,8)9)10	(9,1),(10,0),(4,4),(5,3),(7,2)
6	21	(0,(((1,(2,3)4)5,6)7,8)9)10	(9,1),(10,0),(4,4),(5,3),(7,2)
6	21	(0,(((1,(2,3)4)5,6)7,8)9)10	(9,1),(10,0),(4,4),(5,3),(7,2)
6	21	(0,(((1,(2,3)4)5,6)7,8)9)10	(9,1),(10,0),(4,4),(5,3),(7,2)
6	21	(0,(((1,(2,3)4)5,6)7,8)9)10	(9,1),(10,0),(4,4),(5,3),(7,2)
6	22	(((0,1)2,(3,4)5)6,(7,8)9)10	(9,1),(10,0),(2,3),(6,2),(5,4)
6	22	(((0,1)2,(3,4)5)6,(7,8)9)10	(9,4),(10,0),(2,3),(5,2),(6,1)
6	22	(((0,1)2,(3,4)5)6,(7,8)9)10	(9,2),(10,0),(2,4),(5,3),(6,1)
6	22	(((0,1)2,(3,4)5)6,(7,8)9)10	(9,2),(10,0),(2,3),(6,1),(5,4)
6	22	(((0,1)2,(3,4)5)6,(7,8)9)10	(9,3),(10,0),(2,2),(6,1),(5,4)
6	22	(((0,1)2,(3,4)5)6,(7,8)9)10	(9,4),(10,0),(2,3),(5,2),(6,1)
6	22	(((0,1)2,(3,4)5)6,(7,8)9)10	(9,4),(10,0),(2,3),(5,2),(6,1)
6	22	(((0,1)2,(3,4)5)6,(7,8)9)10	(9,4),(10,0),(2,2),(6,1),(5,3)
6	22	(((0,1)2,(3,4)5)6,(7,8)9)10	(9,1),(10,0),(2,4),(5,3),(6,2)
6	22	(((0,1)2,(3,4)5)6,(7,8)9)10	(9,1),(10,0),(2,4),(5,3),(6,2)
6	23	((0,(1,2)3)4,(5,(6,7)8)9)10	(8,3),(9,2),(10,0),(3,4),(4,1)
6	23	((0,(1,2)3)4,(5,(6,7)8)9)10	(8,4),(9,2),(10,0),(3,3),(4,1)
6	23	((0,(1,2)3)4,(5,(6,7)8)9)10	(8,4),(9,3),(10,0),(3,2),(4,1)
6	23	((0,(1,2)3)4,(5,(6,7)8)9)10	(8,4),(9,2),(10,0),(3,3),(4,1)
6	23	((0,(1,2)3)4,(5,(6,7)8)9)10	(8,2),(9,1),(10,0),(3,4),(4,3)
6	23	((0,(1,2)3)4,(5,(6,7)8)9)10	(8,4),(9,1),(10,0),(3,3),(4,2)
6	23	((0,(1,2)3)4,(5,(6,7)8)9)10	(8,4),(9,2),(10,0),(3,3),(4,1)
6	23	((0,(1,2)3)4,(5,(6,7)8)9)10	(8,4),(9,3),(10,0),(3,2),(4,1)
6	23	((0,(1,2)3)4,(5,(6,7)8)9)10	(8,3),(9,1),(10,0),(3,4),(4,2)
6	23	((0,(1,2)3)4,(5,(6,7)8)9)10	(8,3),(9,1),(10,0),(3,4),(4,2)
6	24	((0,1)2,((3,4)5,(6,7)8)9)10	(8,3),(9,1),(10,0),(2,2),(5,4)
6	24	((0,1)2,((3,4)5,(6,7)8)9)10	(8,3),(9,1),(10,0),(2,4),(5,2)
6	24	((0,1)2,((3,4)5,(6,7)8)9)10	(8,2),(9,1),(10,0),(2,4),(5,3)
6	24	((0,1)2,((3,4)5,(6,7)8)9)10	(8,3),(9,1),(10,0),(2,4),(5,2)
6	24	((0,1)2,((3,4)5,(6,7)8)9)10	(8,2),(9,1),(10,0),(2,4),(5,3)
6	24	((0,1)2,((3,4)5,(6,7)8)9)10	(8,3),(9,2),(10,0),(2,1),(5,4)
6	24	((0,1)2,((3,4)5,(6,7)8)9)10	(8,3),(9,1),(10,0),(2,4),(5,2)
6	24	((0,1)2,((3,4)5,(6,7)8)9)10	(8,2),(9,1),(10,0),(2,3),(5,4)
6	24	((0,1)2,((3,4)5,(6,7)8)9)10	(8,4),(9,1),(10,0),(2,3),(5,2)
6	24	((0,1)2,((3,4)5,(6,7)8)9)10	(8,4),(9,1),(10,0),(2,2),(5,3)
6	25	(0,(1,(((2,3)4,5)6,7)8)9)10	(8,2),(9,1),(10,0),(4,4),(6,3)
6	25	(0,(1,(((2,3)4,5)6,7)8)9)10	(8,2),(9,1),(10,0),(4,4),(6,3)
6	25	(0,(1,(((2,3)4,5)6,7)8)9)10	(8,2),(9,1),(10,0),(4,4),(6,3)
6	25	(0,(1,(((2,3)4,5)6,7)8)9)10	(8,2),(9,1),(10,0),(4,4),(6,3)
6	25	(0,(1,(((2,3)4,5)6,7)8)9)10	(8,2),(9,1),(10,0),(4,4),(6,3)
6	25	(0,(1,(((2,3)4,5)6,7)8)9)10	(8,2),(9,1),(10,0),(4,4),(6,3)
6	25	(0,(1,(((2,3)4,5)6,7)8)9)10	(8,2),(9,1),(10,0),(4,4),(6,3)
6	25	(0,(1,(((2,3)4,5)6,7)8)9)10	(8,2),(9,1),(10,0),(4,4),(6,3)
6	25	(0,(1,(((2,3)4,5)6,7)8)9)10	(8,2),(9,1),(10,0),(4,4),(6,3)
6	25	(0,(1,(((2,3)4,5)6,7)8)9)10	(8,2),(9,1),(10,0),(4,4),(6,3)
6	26	(((0,((1,2)3,4)5)6,7)8,9)10	(8,1),(10,0),(3,4),(5,3),(6,2)
6	26	(((0,((1,2)3,4)5)6,7)8,9)10	(8,1),(10,0),(3,4),(5,3),(6,2)
6	26	(((0,((1,2)3,4)5)6,7)8,9)10	(8,1),(10,0),(3,4),(5,3),(6,2)
6	26	(((0,((1,2)3,4)5)6,7)8,9)10	(8,1),(10,0),(3,4),(5,3),(6,2)
6	26	(((0,((1,2)3,4)5)6,7)8,9)10	(8,1),(10,0),(3,4),(5,3),(6,2)
6	26	(((0,((1,2)3,4)5)6,7)8,9)10	(8,1),(10,0),(3,4),(5,3),(6,2)
6	26	(((0,((1,2)3,4)5)6,7)8,9)10	(8,1),(10,0),(3,4),(5,3),(6,2)
6	26	(((0,((1,2)3,4)5)6,7)8,9)10	(8,1),(10,0),(3,4),(5,3),(6,2)
6	26	(((0,((1,2)3,4)5)6,7)8,9)10	(8,1),(10,0),(3,4),(5,3),(6,2)
6	26	(((0,((1,2)3,4)5)6,7)8,9)10	(8,1),(10,0),(3,4),(5,3),(6,2)
6	27	(0,(1,(2,((3,4)5,6)7)8)9)10	(8,2),(9,1),(10,0),(5,4),(7,3)
6	27	(0,(1,(2,((3,4)5,6)7)8)9)10	(8,2),(9,1),(10,0),(5,4),(7,3)
6	27	(0,(1,(2,((3,4)5,6)7)8)9)10	(8,2),(9,1),(10,0),(5,4),(7,3)
6	27	(0,(1,(2,((3,4)5,6)7)8)9)10	(8,2),(9,1),(10,0),(5,4),(7,3)
6	27	(0,(1,(2,((3,4)5,6)7)8)9)10	(8,2),(9,1),(10,0),(5,4),(7,3)
6	27	(0,(1,(2,((3,4)5,6)7)8)9)10	(8,2),(9,1),(10,0),(5,4),(7,3)
6	27	(0,(1,(2,((3,4)5,6)7)8)9)10	(8,2),(9,1),(10,0),(5,4),(7,3)
6	27	(0,(1,(2,((3,4)5,6)7)8)9)10	(8,2),(9,1),(10,0),(5,4),(7,3)
6	27	(0,(1,(2,((3,4)5,6)7)8)9)10	(8,2),(9,1),(10,0),(5,4),(7,3)
6	27	(0,(1,(2,((3,4)5,6)7)8)9)10	(8,2),(9,1),(10,0),(5,4),(7,3)
6	28	(0,(1,((2,(3,4)5)6,7)8)9)10	(8,2),(9,1),(10,0),(5,4),(6,3)
6	28	(0,(1,((2,(3,4)5)6,7)8)9)10	(8,2),(9,1),(10,0),(5,4),(6,3)
6	28	(0,(1,((2,(3,4)5)6,7)8)9)10	(8,2),(9,1),(10,0),(5,4),(6,3)
6	28	(0,(1,((2,(3,4)5)6,7)8)9)10	(8,2),(9,1),(10,0),(5,4),(6,3)
6	28	(0,(1,((2,(3,4)5)6,7)8)9)10	(8,2),(9,1),(10,0),(5,4),(6,3)
6	28	(0,(1,((2,(3,4)5)6,7)8)9)10	(8,2),(9,1),(10,0),(5,4),(6,3)
6	28	(0,(1,((2,(3,4)5)6,7)8)9)10	(8,2),(9,1),(10,0),(5,4),(6,3)
6	28	(0,(1,((2,(3,4)5)6,7)8)9)10	(8,2),(9,1),(10,0),(5,4),(6,3)
6	28	(0,(1,((2,(3,4)5)6,7)8)9)10	(8,2),(9,1),(10,0),(5,4),(6,3)
6	28	(0,(1,((2,(3,4)5)6,7)8)9)10	(8,2),(9,1),(10,0),(5,4),(6,3)
6	29	(((0,1)2,(3,4)5)6,(7,8)9)10	(9,1),(10,0),(2,3),(6,2),(5,4)
6	29	(((0,1)2,(3,4)5)6,(7,8)9)10	(9,1),(10,0),(2,3),(6,2),(5,4)
6	29	(((0,1)2,(3,4)5)6,(7,8)9)10	(9,2),(10,0),(2,3),(6,1),(5,4)
6	29	(((0,1)2,(3,4)5)6,(7,8)9)10	(9,4),(10,0),(2,2),(6,1),(5,3)
6	29	(((0,1)2,(3,4)5)6,(7,8)9)10	(9,3),(10,0),(2,4),(5,2),(6,1)
6	29	(((0,1)2,(3,4)5)6,(7,8)9)10	(9,3),(10,0),(2,4),(5,2),(6,1)
6	29	(((0,1)2,(3,4)5)6,(7,8)9)10	(9,2),(10,0),(2,3),(6,1),(5,4)
6	29	(((0,1)2,(3,4)5)6,(7,8)9)10	(9,3),(10,0),(2,4),(5,2),(6,1)
6	29	(((0,1)2,(3,4)5)6,(7,8)9)10	(9,3),(10,0),(2,4),(5,2),(6,1)
6	29	(((0,1)2,(3,4)5)6,(7,8)9)10	(9,4),(10,0),(2,3),(5,2),(6,1)
6	30	(0,(((1,2)3,4)5,(6,7)8)9)10	(8,4),(9,1),(10,0),(3,3),(5,2)
6	30	(0,(((1,2)3,4)5,(6,7)8)9)10	(8,3),(9,1),(10,0),(3,4),(5,2)
6	30	(0,(((1,2)3,4)5,(6,7)8)9)10	(8,4),(9,1),(10,0),(3,3),(5,2)
6	30	(0,(((1,2)3,4)5,(6,7)8)9)10	(8,3),(9,1),(10,0),(3,4),(5,2)
6	30	(0,(((1,2)3,4)5,(6,7)8)9)10	(8,4),(9,1),(10,0),(3,3),(5,2)
6	30	(0,(((1,2)3,4)5,(6,7)8)9)10	(8,3),(9,1),(10,0),(3,4),(5,2)
6	30	(0,(((1,2)3,4)5,(6,7)8)9)10	(8,3),(9,1),(10,0),(3,4),(5,2)
6	30	(0,(((1,2)3,4)5,(6,7)8)9)10	(8,2),(9,1),(10,0),(3,4),(5,3)
6	30	(0,(((1,2)3,4)5,(6,7)8)9)10	(8,3),(9,1),(10,0),(3,4),(5,2)
6	30	(0,(((1,2)3,4)5,(6,7)8)9)10	(8,3),(9,1),(10,0),(3,4),(5,2)
6	31	(0,(((1,2)3,(4,5)6)7,8)9)10	(9,1),(10,0),(3,4),(6,3),(7,2)
6	31	(0,(((1,2)3,(4,5)6)7,8)9)10	(9,1),(10,0),(3,3),(6,4),(7,2)
6	31	(0,(((1,2)3,(4,5)6)7,8)9)10	(9,1),(10,0),(3,3),(6,4),(7,2)
6	31	(0,(((1,2)3,(4,5)6)7,8)9)10	(9,1),(10,0),(3,3),(6,4),(7,2)
6	31	(0,(((1,2)3,(4,5)6)7,8)9)10	(9,1),(10,0),(3,3),(6,4),(7,2)
6	31	(0,(((1,2)3,(4,5)6)7,8)9)10	(9,1),(10,0),(3,3),(6,4),(7,2)
6	31	(0,(((1,2)3,(4,5)6)7,8)9)10	(9,1),(10,0),(3,4),(6,3),(7,2)
6	31	(0,(((1,2)3,(4,5)6)7,8)9)10	(9,1),(10,0),(3,3),(6,4),(7,2)
6	31	(0,(((1,2)3,(4,5)6)7,8)9)10	(9,1),(10,0),(3,4),(6,3),(7,2)
6	31	(0,(((1,2)3,(4,5)6)7,8)9)10	(9,1),(10,0),(3,4),(6,3),(7,2)
6	32	(0,((1,(2,3)4)5,(6,7)8)9)10	(8,4),(9,1),(10,0),(4,3),(5,2)
6	32	(0,((1,(2,3)4)5,(6,7)8)9)10	(8,3),(9,1),(10,0),(4,4),(5,2)
6	32	(0,((1,(2,3)4)5,(6,7)8)9)10	(8,3),(9,1),(10,0),(4,4),(5,2)
6	32	(0,((1,(2,3)4)5,(6,7)8)9)10	(8,2),(9,1),(10,0),(4,4),(5,3)
6	32	(0,((1,(2,3)4)5,(6,7)8)9)10	(8,3),(9,1),(10,0),(4,4),(5,2)
6	32	(0,((1,(2,3)4)5,(6,7)8)9)10	(8,4),(9,1),(10,0),(4,3),(5,2)
6	32	(0,((1,(2,3)4)5,(6,7)8)9)10	(8,4),(9,1),(10,0),(4,3),(5,2)
6	32	(0,((1,(2,3)4)5,(6,7)8)9)10	(8,2),(9,1),(10,0),(4,4),(5,3)
6	32	(0,((1,(2,3)4)5,(6,7)8)9)10	(8,3),(9,1),(10,0),(4,4),(5,2)
6	32	(0,((1,(2,3)4)5,(6,7)8)9)10	(8,3),(9,1),(10,0),(4,4),(5,2)
6	33	((((0,1)2,3)4,5)6,(7,8)9)10	(9,3),(10,0),(4,2),(2,4),(6,1)
6	33	((((0,1)2,3)4,5)6,(7,8)9)10	(9,4),(10,0),(4,2),(2,3),(6,1)
6	33	((((0,1)2,3)4,5)6,(7,8)9)10	(9,3),(10,0),(4,2),(2,4),(6,1)
6	33	((((0,1)2,3)4,5)6,(7,8)9)10	(9,3),(10,0),(4,2),(2,4),(6,1)
6	33	((((0,1)2,3)4,5)6,(7,8)9)10	(9,1),(10,0),(4,3),(2,4),(6,2)
6	33	((((0,1)2,3)4,5)6,(7,8)9)10	(9,3),(10,0),(4,2),(2,4),(6,1)
6	33	((((0,1)2,3)4,5)6,(7,8)9)10	(9,4),(10,0),(4,2),(2,3),(6,1)
6	33	((((0,1)2,3)4,5)6,(7,8)9)10	(9,2),(10,0),(4,3),(2,4),(6,1)
6	33	((((0,1)2,3)4,5)6,(7,8)9)10	(9,2),(10,0),(4,3),(2,4),(6,1)
6	33	((((0,1)2,3)4,5)6,(7,8)9)10	(9,4),(10,0),(4,2),(2,3),(6,1)
6	34	(((((0,1)2,3)4,5)6,7)8,9)10	(8,1),(10,0),(4,3),(2,4),(6,2)
6	34	(((((0,1)2,3)4,5)6,7)8,9)10	(8,1),(10,0),(4,3),(2,4),(6,2)
6	34	(((((0,1)2,3)4,5)6,7)8,9)10	(8,1),(10,0),(4,3),(2,4),(6,2)
6	34	(((((0,1)2,3)4,5)6,7)8,9)10	(8,1),(10,0),(4,3),(2,4),(6,2)
6	34	(((((0,1)2,3)4,5)6,7)8,9)10	(8,1),(10,0),(4,3),(2,4),(6,2)
6	34	(((((0,1)2,3)4,5)6,7)8,9)10	(8,1),(10,0),(4,3),(2,4),(6,2)
6	34	(((((0,1)2,3)4,5)6,7)8,9)10	(8,1),(10,0),(4,3),(2,4),(6,2)
6	34	(((((0,1)2,3)4,5)6,7)8,9)10	(8,1),(10,0),(4,3),(2,4),(6,2)
6	34	(((((0,1)2,3)4,5)6,7)8,9)10	(8,1),(10,0),(4,3),(2,4),(6,2)
6	34	(((((0,1)2,3)4,5)6,7)8,9)10	(8,1),(10,0),(4,3),(2,4),(6,2)
6	35	(0,(1,((2,(3,4)5)6,7)8)9)10	(8,2),(9,1),(10,0),(5,4),(6,3)
6	35	(0,(1,((2,(3,4)5)6,7)8)9)10	(8,2),(9,1),(10,0),(5,4),(6,3)
6	35	(0,(1,((2,(3,4)5)6,7)8)9)10	(8,2),(9,1),(10,0),(5,4),(6,3)
6	35	(0,(1,((2,(3,4)5)6,7)8)9)10	(8,2),(9,1),(10,0),(5,4),(6,3)
6	35	(0,(1,((2,(3,4)5)6,7)8)9)10	(8,2),(9,1),(10,0),(5,4),(6,3)
6	35	(0,(1,((2,(3,4)5)6,7)8)9)10	(8,2),(9,1),(10,0),(5,4),(6,3)
6	35	(0,(1,((2,(3,4)5)6,7)8)9)10	(8,2),(9,1),(10,0),(5,4),(6,3)
6	35	(0,(1,((2,(3,4)5)6,7)8)9)10	(8,2),(9,1),(10,0),(5,4),(6,3)
6	35	(0,(1,((2,(3,4)5)6,7)8)9)10	(8,2),(9,1),(10,0),(5,4),(6,3)
6	35	(0,(1,((2,(3,4)5)6,7)8)9)10	(8,2),(9,1),(10,0),(5,4),(6,3)
6	36	(0,(1,(2,((3,4)5,6)7)8)9)10	(8,2),(9,1),(10,0),(5,4),(7,3)
6	36	(0,(1,(2,((3,4)5,6)7)8)9)10	(8,2),(9,1),(10,0),(5,4),(7,3)
6	36	(0,(1,(2,((3,4)5,6)7)8)9)10	(8,2),(9,1),(10,0),(5,4),(7,3)
6	36	(0,(1,(2,((3,4)5,6)7)8)9)10	(8,2),(9,1),(10,0),(5,4),(7,3)
6	36	(0,(1,(2,((3,4)5,6)7)8)9)10	(8,2),(9,1),(10,0),(5,4),(7,3)
6	36	(0,(1,(2,((3,4)5,6)7)8)9)10	(8,2),(9,1),(10,0),(5,4),(7,3)
6	36	(0,(1,(2,((3,4)5,6)7)8)9)10	(8,2),(9,1),(10,0),(5,4),(7,3)
6	36	(0,(1,(2,((3,4)5,6)7)8)9)10	(8,2),(9,1),(10,0),(5,4),(7,3)
6	36	(0,(1,(2,((3,4)5,6)7)8)9)10	(8,2),(9,1),(10,0),(5,4),(7,3)
6	36	(0,(1,(2,((3,4)5,6)7)8)9)10	(8,2),(9,1),(10,0),(5,4),(7,3)
6	37	(0,((1,(2,(3,4)5)6)7,8)9)10	(9,1),(10,0),(5,4),(6,3),(7,2)
6	37	(0,((1,(2,(3,4)5)6)7,8)9)10	(9,1),(10,0),(5,4),(6,3),(7,2)
6	37	(0,((1,(2,(3,4)5)6)7,8)9)10	(9,1),(10,0),(5,4),(6,3),(7,2)
6	37	(0,((1,(2,(3,4)5)6)7,8)9)10	(9,1),(10,0),(5,4),(6,3),(7,2)
6	37	(0,((1,(2,(3,4)5)6)7,8)9)10	(9,1),(10,0),(5,4),(6,3),(7,2)
6	37	(0,((1,(2,(3,4)5)6)7,8)9)10	(9,1),(10,0),(5,4),(6,3),(7,2)
6	37	(0,((1,(2,(3,4)5)6)7,8)9)10	(9,1),(10,0),(5,4),(6,3),(7,2)
6	37	(0,((1,(2,(3,4)5)6)7,8)9)10	(9,1),(10,0),(5,4),(6,3),(7,2)
6	37	(0,((1,(2,(3,4)5)6)7,8)9)10	(9,1),(10,0),(5,4),(6,3),(7,2)
6	37	(0,((1,(2,(3,4)5)6)7,8)9)10	(9,1),(10,0),(5,4),(6,3),(7,2)
6	38	(0,((((1,2)3,4)5,6)7,8)9)10	(9,1),(10,0),(3,4),(5,3),(7,2)
6	38	(0,((((1,2)3,4)5,6)7,8)9)10	(9,1),(10,0),(3,4),(5,3),(7,2)
6	38	(0,((((1,2)3,4)5,6)7,8)9)10	(9,1),(10,0),(3,4),(5,3),(7,2)
6	38	(0,((((1,2)3,4)5,6)7,8)9)10	(9,1),(10,0),(3,4),(5,3),(7,2)
6	38	(0,((((1,2)3,4)5,6)7,8)9)10	(9,1),(10,0),(3,4),(5,3),(7,2)
6	38	(0,((((1,2)3,4)5,6)7,8)9)10	(9,1),(10,0),(3,4),(5,3),(7,2)
6	38	(0,((((1,2)3,4)5,6)7,8)9)10	(9,1),(10,0),(3,4),(5,3),(7,2)
6	38	(0,((((1,2)3,4)5,6)7,8)9)10	(9,1),(10,0),(3,4),(5,3),(7,2)
6	38	(0,((((1,2)3,4)5,6)7,8)9)10	(9,1),(10,0),(3,4),(5,3),(7,2)
6	38	(0,((((1,2)3,4)5,6)7,8)9)10	(9,1),(10,0),(3,4),(5,3),(7,2)
6	39	((0,1)2,((3,(4,5)6)7,8)9)10	(9,2),(10,0),(2,1),(6,4),(7,3)
6	39	((0,1)2,((3,(4,5)6)7,8)9)10	(9,1),(10,0),(2,2),(6,4),(7,3)
6	39	((0,1)2,((3,(4,5)6)7,8)9)10	(9,1),(10,0),(2,3),(6,4),(7,2)
6	39	((0,1)2,((3,(4,5)6)7,8)9)10	(9,2),(10,0),(2,1),(6,4),(7,3)
6	39	((0,1)2,((3,(4,5)6)7,8)9)10	(9,1),(10,0),(2,2),(6,4),(7,3)
6	39	((0,1)2,((3,(4,5)6)7,8)9)10	(9,1),(10,0),(2,2),(6,4),(7,3)
6	39	((0,1)2,((3,(4,5)6)7,8)9)10	(9,2),(10,0),(2,1),(6,4),(7,3)
6	39	((0,1)2,((3,(4,5)6)7,8)9)10	(9,2),(10,0),(2,1),(6,4),(7,3)
6	39	((0,1)2,((3,(4,5)6)7,8)9)10	(9,1),(10,0),(2,2),(6,4),(7,3)
6	39	((0,1)2,((3,(4,5)6)7,8)9)10	(9,2),(10,0),(2,1),(6,4),(7,3)
6	40	((0,(1,((2,3)4,5)6)7)8,9)10	(8,1),(10,0),(4,4),(6,3),(7,2)
6	40	((0,(1,((2,3)4,5)6)7)8,9)10	(8,1),(10,0),(4,4),(6,3),(7,2)
6	40	((0,(1,((2,3)4,5)6)7)8,9)10	(8,1),(10,0),(4,4),(6,3),(7,2)
6	40	((0,(1,((2,3)4,5)6)7)8,9)10	(8,1),(10,0),(4,4),(6,3),(7,2)
6	40	((0,(1,((2,3)4,5)6)7)8,9)10	(8,1),(10,0),(4,4),(6,3),(7,2)
6	40	((0,(1,((2,3)4,5)6)7)8,9)10	(8,1),(10,0),(4,4),(6,3),(7,2)
6	40	((0,(1,((2,3)4,5)6)7)8,9)10	(8,1),(10,0),(4,4),(6,3),(7,2)
6	40	((0,(1,((2,3)4,5)6)7)8,9)10	(8,1),(10,0),(4,4),(6,3),(7,2)
6	40	((0,(1,((2,3)4,5)6)7)8,9)10	(8,1),(10,0),(4,4),(6,3),(7,2)
6	40	((0,(1,((2,3)4,5)6)7)8,9)10	(8,1),(10,0),(4,4),(6,3),(7,2)
6	41	(0,((1,2)3,(4,(5,6)7)8)9)10	(8,2),(9,1),(10,0),(3,3),(7,4)
6	41	(0,((1,2)3,(4,(5,6)7)8)9)10	(8,2),(9,1),(10,0),(3,3),(7,4)
6	41	(0,((1,2)3,(4,(5,6)7)8)9)10	(8,3),(9,1),(10,0),(3,2),(7,4)
6	41	(0,((1,2)3,(4,(5,6)7)8)9)10	(8,2),(9,1),(10,0),(3,3),(7,4)
6	41	(0,((1,2)3,(4,(5,6)7)8)9)10	(8,3),(9,1),(10,0),(3,2),(7,4)
6	41	(0,((1,2)3,(4,(5,6)7)8)9)10	(8,2),(9,1),(10,0),(3,3),(7,4)
6	41	(0,((1,2)3,(4,(5,6)7)8)9)10	(8,3),(9,1),(10,0),(3,2),(7,4)
6	41	(0,((1,2)3,(4,(5,6)7)8)9)10	(8,2),(9,1),(10,0),(3,3),(7,4)
6	41	(0,((1,2)3,(4,(5,6)7)8)9)10	(8,2),(9,1),(10,0),(3,3),(7,4)
6	41	(0,((1,2)3,(4,(5,6)7)8)9)10	(8,2),(9,1),(10,0),(3,3),(7,4)
6	42	((0,(1,(2,3)4)5)6,(7,8)9)10	(9,3),(10,0),(4,4),(5,2),(6,1)
6	42	((0,(1,(2,3)4)5)6,(7,8)9)10	(9,3),(10,0),(4,4),(5,2),(6,1)
6	42	((0,(1,(2,3)4)5)6,(7,8)9)10	(9,1),(10,0),(4,4),(5,3),(6,2)
6	42	((0,(1,(2,3)4)5)6,(7,8)9)10	(9,1),(10,0),(4,4),(5,3),(6,2)
6	42	((0,(1,(2,3)4)5)6,(7,8)9)10	(9,4),(10,0),(4,3),(5,2),(6,1)
6	42	((0,(1,(2,3)4)5)6,(7,8)9)10	(9,3),(10,0),(4,4),(5,2),(6,1)
6	42	((0,(1,(2,3)4)5)6,(7,8)9)10	(9,3),(10,0),(4,4),(5,2),(6,1)
6	42	((0,(1,(2,3)4)5)6,(7,8)9)10	(9,1),(10,0),(4,4),(5,3),(6,2)
6	42	((0,(1,(2,3)4)5)6,(7,8)9)10	(9,4),(10,0),(4,3),(5,2),(6,1)
6	42	((0,(1,(2,3)4)5)6,(7,8)9)10	(9,1),(10,0),(4,4),(5,3),(6,2)
6	43	((((0,(1,2)3)4,5)6,7)8,9)10	(8,1),(10,0),(3,4),(4,3),(6,2)
6	43	((((0,(1,2)3)4,5)6,7)8,9)10	(8,1),(10,0),(3,4),(4,3),(6,2)
6	43	((((0,(1,2)3)4,5)6,7)8,9)10	(8,1),(10,0),(3,4),(4,3),(6,2)
6	43	((((0,(1,2)3)4,5)6,7)8,9)10	(8,1),(10,0),(3,4),(4,3),(6,2)
6	43	((((0,(1,2)3)4,5)6,7)8,9)10	(8,1),(10,0),(3,4),(4,3),(6,2)
6	43	((((0,(1,2)3)4,5)6,7)8,9)10	(8,1),(10,0),(3,4),(4,3),(6,2)
6	43	((((0,(1,2)3)4,5)6,7)8,9)10	(8,1),(10,0),(3,4),(4,3),(6,2)
6	43	((((0,(1,2)3)4,5)6,7)8,9)10	(8,1),(10,0),(3,4),(4,3),(6,2)
6	43	((((0,(1,2)3)4,5)6,7)8,9)10	(8,1),(10,0),(3,4),(4,3),(6,2)
6	43	((((0,(1,2)3)4,5)6,7)8,9)10	(8,1),(10,0),(3,4),(4,3),(6,2)
6	44	(0,(1,((2,3)4,(5,6)7)8)9)10	(8,2),(9,1),(10,0),(4,3),(7,4)
6	44	(0,(1,((2,3)4,(5,6)7)8)9)10	(8,2),(9,1),(10,0),(4,4),(7,3)
6	44	(0,(1,((2,3)4,(5,6)7)8)9)10	(8,2),(9,1),(10,0),(4,3),(7,4)
6	44	(0,(1,((2,3)4,(5,6)7)8)9)10	(8,2),(9,1),(10,0),(4,4),(7,3)
6	44	(0,(1,((2,3)4,(5,6)7)8)9)10	(8,2),(9,1),(10,0),(4,4),(7,3)
6	44	(0,(1,((2,3)4,(5,6)7)8)9)10	(8,2),(9,1),(10,0),(4,4),(7,3)
6	44	(0,(1,((2,3)4,(5,6)7)8)9)10	(8,2),(9,1),(10,0),(4,4),(7,3)
6	44	(0,(1,((2,3)4,(5,6)7)8)9)10	(8,2),(9,1),(10,0),(4,3),(7,4)
6	44	(0,(1,((2,3)4,(5,6)7)8)9)10	(8,2),(9,1),(10,0),(4,3),(7,4)
6	44	(0,(1,((2,3)4,(5,6)7)8)9)10	(8,2),(9,1),(10,0),(4,4),(7,3)
6	45	((0,1)2,(((3,4)5,6)7,8)9)10	(9,2),(10,0),(5,4),(2,1),(7,3)
6	45	((0,1)2,(((3,4)5,6)7,8)9)10	(9,2),(10,0),(5,4),(2,1),(7,3)
6	45	((0,1)2,(((3,4)5,6)7,8)9)10	(9,2),(10,0),(5,4),(2,1),(7,3)
6	45	((0,1)2,(((3,4)5,6)7,8)9)10	(9,2),(10,0),(5,4),(2,1),(7,3)
6	45	((0,1)2,(((3,4)5,6)7,8)9)10	(9,2),(10,0),(5,4),(2,1),(7,3)
6	45	((0,1)2,(((3,4)5,6)7,8)9)10	(9,2),(10,0),(5,4),(2,1),(7,3)
6	45	((0,1)2,(((3,4)5,6)7,8)9)10	(9,1),(10,0),(2,4),(5,3),(7,2)
6	45	((0,1)2,(((3,4)5,6)7,8)9)10	(9,1),(10,0),(5,4),(2,2),(7,3)
6	45	((0,1)2,(((3,4)5,6)7,8)9)10	(9,1),(10,0),(5,4),(2,2),(7,3)
6	45	((0,1)2,(((3,4)5,6)7,8)9)10	(9,1),(10,0),(5,4),(2,2),(7,3)
6	46	((0,(1,(2,3)4)5)6,(7,8)9)10	(9,3),(10,0),(4,4),(5,2),(6,1)
6	46	((0,(1,(2,3)4)5)6,(7,8)9)10	(9,4),(10,0),(4,3),(5,2),(6,1)
6	46	((0,(1,(2,3)4)5)6,(7,8)9)10	(9,2),(10,0),(4,4),(5,3),(6,1)
6	46	((0,(1,(2,3)4)5)6,(7,8)9)10	(9,3),(10,0),(4,4),(5,2),(6,1)
6	46	((0,(1,(2,3)4)5)6,(7,8)9)10	(9,4),(10,0),(4,3),(5,2),(6,1)
6	46	((0,(1,(2,3)4)5)6,(7,8)9)10	(9,1),(10,0),(4,4),(5,3),(6,2)
6	46	((0,(1,(2,3)4)5)6,(7,8)9)10	(9,2),(10,0),(4,4),(5,3),(6,1)
6	46	((0,(1,(2,3)4)5)6,(7,8)9)10	(9,1),(10,0),(4,4),(5,3),(6,2)
6	46	((0,(1,(2,3)4)5)6,(7,8)9)10	(9,3),(10,0),(4,4),(5,2),(6,1)
6	46	((0,(1,(2,3)4)5)6,(7,8)9)10	(9,3),(10,0),(4,4),(5,2),(6,1)
6	47	((0,1)2,(3,(4,(5,6)7)8)9)10	(8,2),(9,1),(10,0),(2,3),(7,4)
6	47	((0,1)2,(3,(4,(5,6)7)8)9)10	(8,2),(9,1),(10,0),(2,3),(7,4)
6	47	((0,1)2,(3,(4,(5,6)7)8)9)10	(8,3),(9,1),(10,0),(2,2),(7,4)
6	47	((0,1)2,(3,(4,(5,6)7)8)9)10	(8,2),(9,1),(10,0),(2,3),(7,4)
6	47	((0,1)2,(3,(4,(5,6)7)8)9)10	(8,3),(9,1),(10,0),(2,2),(7,4)
6	47	((0,1)2,(3,(4,(5,6)7)8)9)10	(8,2),(9,1),(10,0),(2,4),(7,3)
6	47	((0,1)2,(3,(4,(5,6)7)8)9)10	(8,3),(9,1),(10,0),(2,2),(7,4)
6	47	((0,1)2,(3,(4,(5,6)7)8)9)10	(8,2),(9,1),(10,0),(2,4),(7,3)
6	47	((0,1)2,(3,(4,(5,6)7)8)9)10	(8,2),(9,1),(10,0),(2,4),(7,3)
6	47	((0,1)2,(3,(4,(5,6)7)8)9)10	(8,2),(9,1),(10,0),(2,4),(7,3)
6	48	((0,1)2,(3,((4,5)6,7)8)9)10	(8,2),(9,1),(10,0),(2,3),(6,4)
6	48	((0,1)2,(3,((4,5)6,7)8)9)10	(8,3),(9,1),(10,0),(2,2),(6,4)
6	48	((0,1)2,(3,((4,5)6,7)8)9)10	(8,3),(9,2),(10,0),(2,1),(6,4)
6	48	((0,1)2,(3,((4,5)6,7)8)9)10	(8,2),(9,1),(10,0),(2,3),(6,4)
6	48	((0,1)2,(3,((4,5)6,7)8)9)10	(8,3),(9,2),(10,0),(2,1),(6,4)
6	48	((0,1)2,(3,((4,5)6,7)8)9)10	(8,2),(9,1),(10,0),(2,3),(6,4)
6	48	((0,1)2,(3,((4,5)6,7)8)9)10	(8,3),(9,2),(10,0),(2,1),(6,4)
6	48	((0,1)2,(3,((4,5)6,7)8)9)10	(8,3),(9,2),(10,0),(2,1),(6,4)
6	48	((0,1)2,(3,((4,5)6,7)8)9)10	(8,2),(9,1),(10,0),(2,4),(6,3)
6	48	((0,1)2,(3,((4,5)6,7)8)9)10	(8,2),(9,1),(10,0),(2,3),(6,4)
6	49	((0,1)2,(((3,4)5,6)7,8)9)10	(9,1),(10,0),(5,4),(2,3),(7,2)
6	49	((0,1)2,(((3,4)5,6)7,8)9)10	(9,1),(10,0),(2,4),(5,3),(7,2)
6	49	((0,1)2,(((3,4)5,6)7,8)9)10	(9,1),(10,0),(5,4),(2,2),(7,3)
6	49	((0,1)2,(((3,4)5,6)7,8)9)10	(9,1),(10,0),(5,4),(2,3),(7,2)
6	49	((0,1)2,(((3,4)5,6)7,8)9)10	(9,2),(10,0),(5,4),(2,1),(7,3)
6	49	((0,1)2,(((3,4)5,6)7,8)9)10	(9,1),(10,0),(2,4),(5,3),(7,2)
6	49	((0,1)2,(((3,4)5,6)7,8)9)10	(9,1),(10,0),(5,4),(2,2),(7,3)
6	49	((0,1)2,(((3,4)5,6)7,8)9)10	(9,1),(10,0),(5,4),(2,3),(7,2)
6	49	((0,1)2,(((3,4)5,6)7,8)9)10	(9,1),(10,0),(5,4),(2,2),(7,3)
6	49	((0,1)2,(((3,4)5,6)7,8)9)10	(9,2),(10,0),(5,4),(2,1),(7,3)
6	50	((0,(1,(2,3)4)5)6,(7,8)9)10	(9,2),(10,0),(4,4),(5,3),(6,1)
6	50	((0,(1,(2,3)4)5)6,(7,8)9)10	(9,1),(10,0),(4,4),(5,3),(6,2)
6	50	((0,(1,(2,3)4)5)6,(7,8)9)10	(9,2),(10,0),(4,4),(5,3),(6,1)
6	50	((0,(1,(2,3)4)5)6,(7,8)9)10	(9,3),(10,0),(4,4),(5,2),(6,1)
6	50	((0,(1,(2,3)4)5)6,(7,8)9)10	(9,3),(10,0),(4,4),(5,2),(6,1)
6	50	((0,(1,(2,3)4)5)6,(7,8)9)10	(9,1),(10,0),(4,4),(5,3),(6,2)
6	50	((0,(1,(2,3)4)5)6,(7,8)9)10	(9,2),(10,0),(4,4),(5,3),(6,1)
6	50	((0,(1,(2,3)4)5)6,(7,8)9)10	(9,1),(10,0),(4,4),(5,3),(6,2)
6	50	((0,(1,(2,3)4)5)6,(7,8)9)10	(9,4),(10,0),(4,3),(5,2),(6,1)
6	50	((0,(1,(2,3)4)5)6,(7,8)9)10	(9,2),(10,0),(4,4),(5,3),(6,1)
6	51	(0,((1,2)3,(4,(5,6)7)8)9)10	(8,2),(9,1),(10,0),(3,3),(7,4)
6	51	(0,((1,2)3,(4,(5,6)7)8)9)10	(8,2),(9,1),(10,0),(3,3),(7,4)
6	51	(0,((1,2)3,(4,(5,6)7)8)9)10	(8,2),(9,1),(10,0),(3,3),(7,4)
6	51	(0,((1,2)3,(4,(5,6)7)8)9)10	(8,3),(9,1),(10,0),(3,2),(7,4)
6	51	(0,((1,2)3,(4,(5,6)7)8)9)10	(8,2),(9,1),(10,0),(3,4),(7,3)
6	51	(0,((1,2)3,(4,(5,6)7)8)9)10	(8,2),(9,1),(10,0),(3,3),(7,4)
6	51	(0,((1,2)3,(4,(5,6)7)8)9)10	(8,2),(9,1),(10,0),(3,4),(7,3)
6	51	(0,((1,2)3,(4,(5,6)7)8)9)10	(8,3),(9,1),(10,0),(3,2),(7,4)
6	51	(0,((1,2)3,(4,(5,6)7)8)9)10	(8,3),(9,1),(10,0),(3,2),(7,4)
6	51	(0,((1,2)3,(4,(5,6)7)8)9)10	(8,2),(9,1),(10,0),(3,3),(7,4)
6	52	(0,(1,(2,(3,(4,5)6)7)8)9)10	(8,2),(9,1),(10,0),(6,4),(7,3)
6	52	(0,(1,(2,(3,(4,5)6)7)8)9)10	(8,2),(9,1),(10,0),(6,4),(7,3)
6	52	(0,(1,(2,(3,(4,5)6)7)8)9)10	(8,2),(9,1),(10,0),(6,4),(7,3)
6	52	(0,(1,(2,(3,(4,5)6)7)8)9)10	(8,2),(9,1),(10,0),(6,4),(7,3)
6	52	(0,(1,(2,(3,(4,5)6)7)8)9)10	(8,2),(9,1),(10,0),(6,4),(7,3)
6	52	(0,(1,(2,(3,(4,5)6)7)8)9)10	(8,2),(9,1),(10,0),(6,4),(7,3)
6	52	(0,(1,(2,(3,(4,5)6)7)8)9)10	(8,2),(9,1),(10,0),(6,4),(7,3)
6	52	(0,(1,(2,(3,(4,5)6)7)8)9)10	(8,2),(9,1),(10,0),(6,4),(7,3)
6	52	(0,(1,(2,(3,(4,5)6)7)8)9)10	(8,2),(9,1),(10,0),(6,4),(7,3)
6	52	(0,(1,(2,(3,(4,5)6)7)8)9)10	(8,2),(9,1),(10,0),(6,4),(7,3)
6	53	((((0,(1,2)3)4,5)6,7)8,9)10	(8,1),(10,0),(3,4),(4,3),(6,2)
6	53	((((0,(1,2)3)4,5)6,7)8,9)10	(8,1),(10,0),(3,4),(4,3),(6,2)
6	53	((((0,(1,2)3)4,5)6,7)8,9)10	(8,1),(10,0),(3,4),(4,3),(6,2)
6	53	((((0,(1,2)3)4,5)6,7)8,9)10	(8,1),(10,0),(3,4),(4,3),(6,2)
6	53	((((0,(1,2)3)4,5)6,7)8,9)10	(8,1),(10,0),(3,4),(4,3),(6,2)
6	53	((((0,(1,2)3)4,5)6,7)8,9)10	(8,1),(10,0),(3,4),(4,3),(6,2)
6	53	((((0,(1,2)3)4,5)6,7)8,9)10	(8,1),(10,0),(3,4),(4,3),(6,2)
6	53	((((0,(1,2)3)4,5)6,7)8,9)10	(8,1),(10,0),(3,4),(4,3),(6,2)
6	53	((((0,(1,2)3)4,5)6,7)8,9)10	(8,1),(10,0),(3,4),(4,3),(6,2)
6	53	((((0,(1,2)3)4,5)6,7)8,9)10	(8,1),(10,0),(3,4),(4,3),(6,2)
6	54	(0,(((1,2)3,4)5,(6,7)8)9)10	(8,4),(9,1),(10,0),(3,3),(5,2)
6	54	(0,(((1,2)3,4)5,(6,7)8)9)10	(8,4),(9,1),(10,0),(3,3),(5,2)
6	54	(0,(((1,2)3,4)5,(6,7)8)9)10	(8,2),(9,1),(10,0),(3,4),(5,3)
6	54	(0,(((1,2)3,4)5,(6,7)8)9)10	(8,2),(9,1),(10,0),(3,4),(5,3)
6	54	(0,(((1,2)3,4)5,(6,7)8)9)10	(8,2),(9,1),(10,0),(3,4),(5,3)
6	54	(0,(((1,2)3,4)5,(6,7)8)9)10	(8,2),(9,1),(10,0),(3,4),(5,3)
6	54	(0,(((1,2)3,4)5,(6,7)8)9)10	(8,4),(9,1),(10,0),(3,3),(5,2)
6	54	(0,(((1,2)3,4)5,(6,7)8)9)10	(8,3),(9,1),(10,0),(3,4),(5,2)
6	54	(0,(((1,2)3,4)5,(6,7)8)9)10	(8,4),(9,1),(10,0),(3,3),(5,2)
6	54	(0,(((1,2)3,4)5,(6,7)8)9)10	(8,3),(9,1),(10,0),(3,4),(5,2)
6	55	(0,(((1,2)3,4)5,(6,7)8)9)10	(8,3),(9,1),(10,0),(3,4),(5,2)
6	55	(0,(((1,2)3,4)5,(6,7)8)9)10	(8,4),(9,1),(10,0),(3,3),(5,2)
6	55	(0,(((1,2)3,4)5,(6,7)8)9)10	(8,2),(9,1),(10,0),(3,4),(5,3)
6	55	(0,(((1,2)3,4)5,(6,7)8)9)10	(8,3),(9,1),(10,0),(3,4),(5,2)
6	55	(0,(((1,2)3,4)5,(6,7)8)9)10	(8,3),(9,1),(10,0),(3,4),(5,2)
6	55	(0,(((1,2)3,4)5,(6,7)8)9)10	(8,4),(9,1),(10,0),(3,3),(5,2)
6	55	(0,(((1,2)3,4)5,(6,7)8)9)10	(8,2),(9,1),(10,0),(3,4),(5,3)
6	55	(0,(((1,2)3,4)5,(6,7)8)9)10	(8,4),(9,1),(10,0),(3,3),(5,2)
6	55	(0,(((1,2)3,4)5,(6,7)8)9)10	(8,2),(9,1),(10,0),(3,4),(5,3)
6	55	(0,(((1,2)3,4)5,(6,7)8)9)10	(8,2),(9,1),(10,0),(3,4),(5,3)
6	56	((0,1)2,((3,(4,5)6)7,8)9)10	(9,1),(10,0),(2,2),(6,4),(7,3)
6	56	((0,1)2,((3,(4,5)6)7,8)9)10	(9,1),(10,0),(2,2),(6,4),(7,3)
6	56	((0,1)2,((3,(4,5)6)7,8)9)10	(9,2),(10,0),(2,1),(6,4),(7,3)
6	56	((0,1)2,((3,(4,5)6)7,8)9)10	(9,1),(10,0),(2,3),(6,4),(7,2)
6	56	((0,1)2,((3,(4,5)6)7,8)9)10	(9,1),(10,0),(2,3),(6,4),(7,2)
6	56	((0,1)2,((3,(4,5)6)7,8)9)10	(9,2),(10,0),(2,1),(6,4),(7,3)
6	56	((0,1)2,((3,(4,5)6)7,8)9)10	(9,2),(10,0),(2,1),(6,4),(7,3)
6	56	((0,1)2,((3,(4,5)6)7,8)9)10	(9,1),(10,0),(2,2),(6,4),(7,3)
6	56	((0,1)2,((3,(4,5)6)7,8)9)10	(9,1),(10,0),(2,4),(6,3),(7,2)
6	56	((0,1)2,((3,(4,5)6)7,8)9)10	(9,2),(10,0),(2,1),(6,4),(7,3)
6	57	(0,(1,((2,(3,4)5)6,7)8)9)10	(8,2),(9,1),(10,0),(5,4),(6,3)
6	57	(0,(1,((2,(3,4)5)6,7)8)9)10	(8,2),(9,1),(10,0),(5,4),(6,3)
6	57	(0,(1,((2,(3,4)5)6,7)8)9)10	(8,2),(9,1),(10,0),(5,4),(6,3)
6	57	(0,(1,((2,(3,4)5)6,7)8)9)10	(8,2),(9,1),(10,0),(5,4),(6,3)
6	57	(0,(1,((2,(3,4)5)6,7)8)9)10	(8,2),(9,1),(10,0),(5,4),(6,3)
6	57	(0,(1,((2,(3,4)5)6,7)8)9)10	(8,2),(9,1),(10,0),(5,4),(6,3)
6	57	(0,(1,((2,(3,4)5)6,7)8)9)10	(8,2),(9,1),(10,0),(5,4),(6,3)
6	57	(0,(1,((2,(3,4)5)6,7)8)9)10	(8,2),(9,1),(10,0),(5,4),(6,3)
6	57	(0,(1,((2,(3,4)5)6,7)8)9)10	(8,2),(9,1),(10,0),(5,4),(6,3)
6	57	(0,(1,((2,(3,4)5)6,7)8)9)10	(8,2),(9,1),(10,0),(5,4),(6,3)
6	58	((((0,1)2,3)4,(5,6)7)8,9)10	(8,1),(10,0),(4,2),(2,3),(7,4)
6	58	((((0,1)2,3)4,(5,6)7)8,9)10	(8,1),(10,0),(4,2),(2,3),(7,4)
6	58	((((0,1)2,3)4,(5,6)7)8,9)10	(8,1),(10,0),(4,2),(2,4),(7,3)
6	58	((((0,1)2,3)4,(5,6)7)8,9)10	(8,1),(10,0),(4,2),(2,4),(7,3)
6	58	((((0,1)2,3)4,(5,6)7)8,9)10	(8,1),(10,0),(4,3),(2,4),(7,2)
6	58	((((0,1)2,3)4,(5,6)7)8,9)10	(8,1),(10,0),(4,2),(2,3),(7,4)
6	58	((((0,1)2,3)4,(5,6)7)8,9)10	(8,1),(10,0),(4,3),(2,4),(7,2)
6	58	((((0,1)2,3)4,(5,6)7)8,9)10	(8,1),(10,0),(4,2),(2,4),(7,3)
6	58	((((0,1)2,3)4,(5,6)7)8,9)10	(8,1),(10,0),(4,2),(2,4),(7,3)
6	58	((((0,1)2,3)4,(5,6)7)8,9)10	(8,1),(10,0),(4,2),(2,4),(7,3)
6	59	(0,(((1,2)3,(4,5)6)7,8)9)10	(9,1),(10,0),(3,4),(6,3),(7,2)
6	59	(0,(((1,2)3,(4,5)6)7,8)9)10	(9,1),(10,0),(3,4),(6,3),(7,2)
6	59	(0,(((1,2)3,(4,5)6)7,8)9)10	(9,1),(10,0),(3,4),(6,3),(7,2)
6	59	(0,(((1,2)3,(4,5)6)7,8)9)10	(9,1),(10,0),(3,3),(6,4),(7,2)
6	59	(0,(((1,2)3,(4,5)6)7,8)9)10	(9,1),(10,0),(3,4),(6,3),(7,2)
6	59	(0,(((1,2)3,(4,5)6)7,8)9)10	(9,1),(10,0),(3,3),(6,4),(7,2)
6	59	(0,(((1,2)3,(4,5)6)7,8)9)10	(9,1),(10,0),(3,4),(6,3),(7,2)
6	59	(0,(((1,2)3,(4,5)6)7,8)9)10	(9,1),(10,0),(3,3),(6,4),(7,2)
6	59	(0,(((1,2)3,(4,5)6)7,8)9)10	(9,1),(10,0),(3,3),(6,4),(7,2)
6	59	(0,(((1,2)3,(4,5)6)7,8)9)10	(9,1),(10,0),(3,3),(6,4),(7,2)
6	60	((0,((1,2)3,4)5)6,(7,8)9)10	(9,2),(10,0),(3,4),(5,3),(6,1)
6	60	((0,((1,2)3,4)5)6,(7,8)9)10	(9,2),(10,0),(3,4),(5,3),(6,1)
6	60	((0,((1,2)3,4)5)6,(7,8)9)10	(9,1),(10,0),(3,4),(5,3),(6,2)
6	60	((0,((1,2)3,4)5)6,(7,8)9)10	(9,2),(10,0),(3,4),(5,3),(6,1)
6	60	((0,((1,2)3,4)5)6,(7,8)9)10	(9,3),(10,0),(3,4),(5,2),(6,1)
6	60	((0,((1,2)3,4)5)6,(7,8)9)10	(9,2),(10,0),(3,4),(5,3),(6,1)
6	60	((0,((1,2)3,4)5)6,(7,8)9)10	(9,1),(10,0),(3,4),(5,3),(6,2)
6	60	((0,((1,2)3,4)5)6,(7,8)9)10	(9,4),(10,0),(3,3),(5,2),(6,1)
6	60	((0,((1,2)3,4)5)6,(7,8)9)10	(9,4),(10,0),(3,3),(5,2),(6,1)
6	60	((0,((1,2)3,4)5)6,(7,8)9)10	(9,3),(10,0),(3,4),(5,2),(6,1)
6	61	(0,((1,((2,3)4,5)6)7,8)9)10	(9,1),(10,0),(4,4),(6,3),(7,2)
6	61	(0,((1,((2,3)4,5)6)7,8)9)10	(9,1),(10,0),(4,4),(6,3),(7,2)
6	61	(0,((1,((2,3)4,5)6)7,8)9)10	(9,1),(10,0),(4,4),(6,3),(7,2)
6	61	(0,((1,((2,3)4,5)6)7,8)9)10	(9,1),(10,0),(4,4),(6,3),(7,2)
6	61	(0,((1,((2,3)4,5)6)7,8)9)10	(9,1),(10,0),(4,4),(6,3),(7,2)
6	61	(0,((1,((2,3)4,5)6)7,8)9)10	(9,1),(10,0),(4,4),(6,3),(7,2)
6	61	(0,((1,((2,3)4,5)6)7,8)9)10	(9,1),(10,0),(4,4),(6,3),(7,2)
6	61	(0,((1,((2,3)4,5)6)7,8)9)10	(9,1),(10,0),(4,4),(6,3),(7,2)
6	61	(0,((1,((2,3)4,5)6)7,8)9)10	(9,1),(10,0),(4,4),(6,3),(7,2)
6	61	(0,((1,((2,3)4,5)6)7,8)9)10	(9,1),(10,0),(4,4),(6,3),(7,2)
6	62	(((0,(1,2)3)4,(5,6)7)8,9)10	(8,1),(10,0),(3,4),(4,2),(7,3)
6	62	(((0,(1,2)3)4,(5,6)7)8,9)10	(8,1),(10,0),(3,4),(4,2),(7,3)
6	62	(((0,(1,2)3)4,(5,6)7)8,9)10	(8,1),(10,0),(3,4),(4,3),(7,2)
6	62	(((0,(1,2)3)4,(5,6)7)8,9)10	(8,1),(10,0),(3,4),(4,2),(7,3)
6	62	(((0,(1,2)3)4,(5,6)7)8,9)10	(8,1),(10,0),(3,3),(4,2),(7,4)
6	62	(((0,(1,2)3)4,(5,6)7)8,9)10	(8,1),(10,0),(3,3),(4,2),(7,4)
6	62	(((0,(1,2)3)4,(5,6)7)8,9)10	(8,1),(10,0),(3,4),(4,3),(7,2)
6	62	(((0,(1,2)3)4,(5,6)7)8,9)10	(8,1),(10,0),(3,4),(4,2),(7,3)
6	62	(((0,(1,2)3)4,(5,6)7)8,9)10	(8,1),(10,0),(3,3),(4,2),(7,4)
6	62	(((0,(1,2)3)4,(5,6)7)8,9)10	(8,1),(10,0),(3,4),(4,2),(7,3)
6	63	(0,(1,(2,((3,4)5,6)7)8)9)10	(8,2),(9,1),(10,0),(5,4),(7,3)
6	63	(0,(1,(2,((3,4)5,6)7)8)9)10	(8,2),(9,1),(10,0),(5,4),(7,3)
6	63	(0,(1,(2,((3,4)5,6)7)8)9)10	(8,2),(9,1),(10,0),(5,4),(7,3)
6	63	(0,(1,(2,((3,4)5,6)7)8)9)10	(8,2),(9,1),(10,0),(5,4),(7,3)
6	63	(0,(1,(2,((3,4)5,6)7)8)9)10	(8,2),(9,1),(10,0),(5,4),(7,3)
6	63	(0,(1,(2,((3,4)5,6)7)8)9)10	(8,2),(9,1),(10,0),(5,4),(7,3)
6	63	(0,(1,(2,((3,4)5,6)7)8)9)10	(8,2),(9,1),(10,0),(5,4),(7,3)
6	63	(0,(1,(2,((3,4)5,6)7)8)9)10	(8,2),(9,1),(10,0),(5,4),(7,3)
6	63	(0,(1,(2,((3,4)5,6)7)8)9)10	(8,2),(9,1),(10,0),(5,4),(7,3)
6	63	(0,(1,(2,((3,4)5,6)7)8)9)10	(8,2),(9,1),(10,0),(5,4),(7,3)
6	64	((0,1)2,((3,4)5,(6,7)8)9)10	(8,3),(9,1),(10,0),(2,4),(5,2)
6	64	((0,1)2,((3,4)5,(6,7)8)9)10	(8,2),(9,1),(10,0),(2,3),(5,4)
6	64	((0,1)2,((3,4)5,(6,7)8)9)10	(8,3),(9,1),(10,0),(2,2),(5,4)
6	64	((0,1)2,((3,4)5,(6,7)8)9)10	(8,3),(9,1),(10,0),(2,4),(5,2)
6	64	((0,1)2,((3,4)5,(6,7)8)9)10	(8,4),(9,1),(10,0),(2,2),(5,3)
6	64	((0,1)2,((3,4)5,(6,7)8)9)10	(8,4),(9,1),(10,0),(2,2),(5,3)
6	64	((0,1)2,((3,4)5,(6,7)8)9)10	(8,3),(9,2),(10,0),(2,1),(5,4)
6	64	((0,1)2,((3,4)5,(6,7)8)9)10	(8,3),(9,1),(10,0),(2,2),(5,4)
6	64	((0,1)2,((3,4)5,(6,7)8)9)10	(8,2),(9,1),(10,0),(2,3),(5,4)
6	64	((0,1)2,((3,4)5,(6,7)8)9)10	(8,3),(9,1),(10,0),(2,4),(5,2)
6	65	((0,((1,(2,3)4)5,6)7)8,9)10	(8,1),(10,0),(4,4),(5,3),(7,2)
6	65	((0,((1,(2,3)4)5,6)7)8,9)10	(8,1),(10,0),(4,4),(5,3),(7,2)
6	65	((0,((1,(2,3)4)5,6)7)8,9)10	(8,1),(10,0),(4,4),(5,3),(7,2)
6	65	((0,((1,(2,3)4)5,6)7)8,9)10	(8,1),(10,0),(4,4),(5,3),(7,2)
6	65	((0,((1,(2,3)4)5,6)7)8,9)10	(8,1),(10,0),(4,4),(5,3),(7,2)
6	65	((0,((1,(2,3)4)5,6)7)8,9)10	(8,1),(10,0),(4,4),(5,3),(7,2)
6	65	((0,((1,(2,3)4)5,6)7)8,9)10	(8,1),(10,0),(4,4),(5,3),(7,2)
6	65	((0,((1,(2,3)4)5,6)7)8,9)10	(8,1),(10,0),(4,4),(5,3),(7,2)
6	65	((0,((1,(2,3)4)5,6)7)8,9)10	(8,1),(10,0),(4,4),(5,3),(7,2)
6	65	((0,((1,(2,3)4)5,6)7)8,9)10	(8,1),(10,0),(4,4),(5,3),(7,2)
6	66	(0,((1,2)3,((4,5)6,7)8)9)10	(8,2),(9,1),(10,0),(3,4),(6,3)
6	66	(0,((1,2)3,((4,5)6,7)8)9)10	(8,2),(9,1),(10,0),(3,3),(6,4)
6	66	(0,((1,2)3,((4,5)6,7)8)9)10	(8,3),(9,1),(10,0),(3,2),(6,4)
6	66	(0,((1,2)3,((4,5)6,7)8)9)10	(8,3),(9,1),(10,0),(3,2),(6,4)
6	66	(0,((1,2)3,((4,5)6,7)8)9)10	(8,2),(9,1),(10,0),(3,4),(6,3)
6	66	(0,((1,2)3,((4,5)6,7)8)9)10	(8,2),(9,1),(10,0),(3,3),(6,4)
6	66	(0,((1,2)3,((4,5)6,7)8)9)10	(8,2),(9,1),(10,0),(3,3),(6,4)
6	66	(0,((1,2)3,((4,5)6,7)8)9)10	(8,2),(9,1),(10,0),(3,3),(6,4)
6	66	(0,((1,2)3,((4,5)6,7)8)9)10	(8,2),(9,1),(10,0),(3,3),(6,4)
6	66	(0,((1,2)3,((4,5)6,7)8)9)10	(8,2),(9,1),(10,0),(3,3),(6,4)
6	67	(((0,(1,2)3)4,5)6,(7,8)9)10	(9,1),(10,0),(3,4),(4,3),(6,2)
6	67	(((0,(1,2)3)4,5)6,(7,8)9)10	(9,2),(10,0),(3,4),(4,3),(6,1)
6	67	(((0,(1,2)3)4,5)6,(7,8)9)10	(9,3),(10,0),(3,4),(4,2),(6,1)
6	67	(((0,(1,2)3)4,5)6,(7,8)9)10	(9,4),(10,0),(3,3),(4,2),(6,1)
6	67	(((0,(1,2)3)4,5)6,(7,8)9)10	(9,1),(10,0),(3,4),(4,3),(6,2)
6	67	(((0,(1,2)3)4,5)6,(7,8)9)10	(9,2),(10,0),(3,4),(4,3),(6,1)
6	67	(((0,(1,2)3)4,5)6,(7,8)9)10	(9,1),(10,0),(3,4),(4,3),(6,2)
6	67	(((0,(1,2)3)4,5)6,(7,8)9)10	(9,2),(10,0),(3,4),(4,3),(6,1)
6	67	(((0,(1,2)3)4,5)6,(7,8)9)10	(9,3),(10,0),(3,4),(4,2),(6,1)
6	67	(((0,(1,2)3)4,5)6,(7,8)9)10	(9,3),(10,0),(3,4),(4,2),(6,1)
6	68	((0,1)2,(3,((4,5)6,7)8)9)10	(8,2),(9,1),(10,0),(2,4),(6,3)
6	68	((0,1)2,(3,((4,5)6,7)8)9)10	(8,2),(9,1),(10,0),(2,4),(6,3)
6	68	((0,1)2,(3,((4,5)6,7)8)9)10	(8,3),(9,2),(10,0),(2,1),(6,4)
6	68	((0,1)2,(3,((4,5)6,7)8)9)10	(8,3),(9,2),(10,0),(2,1),(6,4)
6	68	((0,1)2,(3,((4,5)6,7)8)9)10	(8,2),(9,1),(10,0),(2,4),(6,3)
6	68	((0,1)2,(3,((4,5)6,7)8)9)10	(8,2),(9,1),(10,0),(2,3),(6,4)
6	68	((0,1)2,(3,((4,5)6,7)8)9)10	(8,2),(9,1),(10,0),(2,3),(6,4)
6	68	((0,1)2,(3,((4,5)6,7)8)9)10	(8,3),(9,1),(10,0),(2,2),(6,4)
6	68	((0,1)2,(3,((4,5)6,7)8)9)10	(8,3),(9,1),(10,0),(2,2),(6,4)
6	68	((0,1)2,(3,((4,5)6,7)8)9)10	(8,3),(9,1),(10,0),(2,2),(6,4)
6	69	(0,(((1,2)3,4)5,(6,7)8)9)10	(8,2),(9,1),(10,0),(3,4),(5,3)
6	69	(0,(((1,2)3,4)5,(6,7)8)9)10	(8,3),(9,1),(10,0),(3,4),(5,2)
6	69	(0,(((1,2)3,4)5,(6,7)8)9)10	(8,2),(9,1),(10,0),(3,4),(5,3)
6	69	(0,(((1,2)3,4)5,(6,7)8)9)10	(8,3),(9,1),(10,0),(3,4),(5,2)
6	69	(0,(((1,2)3,4)5,(6,7)8)9)10	(8,2),(9,1),(10,0),(3,4),(5,3)
6	69	(0,(((1,2)3,4)5,(6,7)8)9)10	(8,4),(9,1),(10,0),(3,3),(5,2)
6	69	(0,(((1,2)3,4)5,(6,7)8)9)10	(8,4),(9,1),(10,0),(3,3),(5,2)
6	69	(0,(((1,2)3,4)5,(6,7)8)9)10	(8,4),(9,1),(10,0),(3,3),(5,2)
6	69	(0,(((1,2)3,4)5,(6,7)8)9)10	(8,2),(9,1),(10,0),(3,4),(5,3)
6	69	(0,(((1,2)3,4)5,(6,7)8)9)10	(8,4),(9,1),(10,0),(3,3),(5,2)
6	70	(((0,1)2,(3,(4,5)6)7)8,9)10	(8,1),(10,0),(2,2),(6,4),(7,3)
6	70	(((0,1)2,(3,(4,5)6)7)8,9)10	(8,1),(10,0),(2,2),(6,4),(7,3)
6	70	(((0,1)2,(3,(4,5)6)7)8,9)10	(8,1),(10,0),(2,3),(6,4),(7,2)
6	70	(((0,1)2,(3,(4,5)6)7)8,9)10	(8,1),(10,0),(2,3),(6,4),(7,2)
6	70	(((0,1)2,(3,(4,5)6)7)8,9)10	(8,1),(10,0),(2,3),(6,4),(7,2)
6	70	(((0,1)2,(3,(4,5)6)7)8,9)10	(8,1),(10,0),(2,3),(6,4),(7,2)
6	70	(((0,1)2,(3,(4,5)6)7)8,9)10	(8,1),(10,0),(2,2),(6,4),(7,3)
6	70	(((0,1)2,(3,(4,5)6)7)8,9)10	(8,1),(10,0),(2,2),(6,4),(7,3)
6	70	(((0,1)2,(3,(4,5)6)7)8,9)10	(8,1),(10,0),(2,3),(6,4),(7,2)
6	70	(((0,1)2,(3,(4,5)6)7)8,9)10	(8,1),(10,0),(2,4),(6,3),(7,2)
6	71	((0,(1,(2,(3,4)5)6)7)8,9)10	(8,1),(10,0),(5,4),(6,3),(7,2)
6	71	((0,(1,(2,(3,4)5)6)7)8,9)10	(8,1),(10,0),(5,4),(6,3),(7,2)
6	71	((0,(1,(2,(3,4)5)6)7)8,9)10	(8,1),(10,0),(5,4),(6,3),(7,2)
6	71	((0,(1,(2,(3,4)5)6)7)8,9)10	(8,1),(10,0),(5,4),(6,3),(7,2)
6	71	((0,(1,(2,(3,4)5)6)7)8,9)10	(8,1),(10,0),(5,4),(6,3),(7,2)
6	71	((0,(1,(2,(3,4)5)6)7)8,9)10	(8,1),(10,0),(5,4),(6,3),(7,2)
6	71	((0,(1,(2,(3,4)5)6)7)8,9)10	(8,1),(10,0),(5,4),(6,3),(7,2)
6	71	((0,(1,(2,(3,4)5)6)7)8,9)10	(8,1),(10,0),(5,4),(6,3),(7,2)
6	71	((0,(1,(2,(3,4)5)6)7)8,9)10	(8,1),(10,0),(5,4),(6,3),(7,2)
6	71	((0,(1,(2,(3,4)5)6)7)8,9)10	(8,1),(10,0),(5,4),(6,3),(7,2)
6	72	(0,((1,(2,(3,4)5)6)7,8)9)10	(9,1),(10,0),(5,4),(6,3),(7,2)
6	72	(0,((1,(2,(3,4)5)6)7,8)9)10	(9,1),(10,0),(5,4),(6,3),(7,2)
6	72	(0,((1,(2,(3,4)5)6)7,8)9)10	(9,1),(10,0),(5,4),(6,3),(7,2)
6	72	(0,((1,(2,(3,4)5)6)7,8)9)10	(9,1),(10,0),(5,4),(6,3),(7,2)
6	72	(0,((1,(2,(3,4)5)6)7,8)9)10	(9,1),(10,0),(5,4),(6,3),(7,2)
6	72	(0,((1,(2,(3,4)5)6)7,8)9)10	(9,1),(10,0),(5,4),(6,3),(7,2)
6	72	(0,((1,(2,(3,4)5)6)7,8)9)10	(9,1),(10,0),(5,4),(6,3),(7,2)
6	72	(0,((1,(2,(3,4)5)6)7,8)9)10	(9,1),(10,0),(5,4),(6,3),(7,2)
6	72	(0,((1,(2,(3,4)5)6)7,8)9)10	(9,1),(10,0),(5,4),(6,3),(7,2)
6	72	(0,((1,(2,(3,4)5)6)7,8)9)10	(9,1),(10,0),(5,4),(6,3),(7,2)
6	73	(0,(1,(((2,3)4,5)6,7)8)9)10	(8,2),(9,1),(10,0),(4,4),(6,3)
6	73	(0,(1,(((2,3)4,5)6,7)8)9)10	(8,2),(9,1),(10,0),(4,4),(6,3)
6	73	(0,(1,(((2,3)4,5)6,7)8)9)10	(8,2),(9,1),(10,0),(4,4),(6,3)
6	73	(0,(1,(((2,3)4,5)6,7)8)9)10	(8,2),(9,1),(10,0),(4,4),(6,3)
6	73	(0,(1,(((2,3)4,5)6,7)8)9)10	(8,2),(9,1),(10,0),(4,4),(6,3)
6	73	(0,(1,(((2,3)4,5)6,7)8)9)10	(8,2),(9,1),(10,0),(4,4),(6,3)
6	73	(0,(1,(((2,3)4,5)6,7)8)9)10	(8,2),(9,1),(10,0),(4,4),(6,3)
6	73	(0,(1,(((2,3)4,5)6,7)8)9)10	(8,2),(9,1),(10,0),(4,4),(6,3)
6	73	(0,(1,(((2,3)4,5)6,7)8)9)10	(8,2),(9,1),(10,0),(4,4),(6,3)
6	73	(0,(1,(((2,3)4,5)6,7)8)9)10	(8,2),(9,1),(10,0),(4,4),(6,3)
6	74	(0,(((1,(2,3)4)5,6)7,8)9)10	(9,1),(10,0),(4,4),(5,3),(7,2)
6	74	(0,(((1,(2,3)4)5,6)7,8)9)10	(9,1),(10,0),(4,4),(5,3),(7,2)
6	74	(0,(((1,(2,3)4)5,6)7,8)9)10	(9,1),(10,0),(4,4),(5,3),(7,2)
6	74	(0,(((1,(2,3)4)5,6)7,8)9)10	(9,1),(10,0),(4,4),(5,3),(7,2)
6	74	(0,(((1,(2,3)4)5,6)7,8)9)10	(9,1),(10,0),(4,4),(5,3),(7,2)
6	74	(0,(((1,(2,3)4)5,6)7,8)9)10	(9,1),(10,0),(4,4),(5,3),(7,2)
6	74	(0,(((1,(2,3)4)5,6)7,8)9)10	(9,1),(10,0),(4,4),(5,3),(7,2)
6	74	(0,(((1,(2,3)4)5,6)7,8)9)10	(9,1),(10,0),(4,4),(5,3),(7,2)
6	74	(0,(((1,(2,3)4)5,6)7,8)9)10	(9,1),(10,0),(4,4),(5,3),(7,2)
6	74	(0,(((1,(2,3)4)5,6)7,8)9)10	(9,1),(10,0),(4,4),(5,3),(7,2)
6	75	((0,((1,2)3,4)5)6,(7,8)9)10	(9,3),(10,0),(3,4),(5,2),(6,1)
6	75	((0,((1,2)3,4)5)6,(7,8)9)10	(9,1),(10,0),(3,4),(5,3),(6,2)
6	75	((0,((1,2)3,4)5)6,(7,8)9)10	(9,2),(10,0),(3,4),(5,3),(6,1)
6	75	((0,((1,2)3,4)5)6,(7,8)9)10	(9,3),(10,0),(3,4),(5,2),(6,1)
6	75	((0,((1,2)3,4)5)6,(7,8)9)10	(9,4),(10,0),(3,3),(5,2),(6,1)
6	75	((0,((1,2)3,4)5)6,(7,8)9)10	(9,3),(10,0),(3,4),(5,2),(6,1)
6	75	((0,((1,2)3,4)5)6,(7,8)9)10	(9,3),(10,0),(3,4),(5,2),(6,1)
6	75	((0,((1,2)3,4)5)6,(7,8)9)10	(9,2),(10,0),(3,4),(5,3),(6,1)
6	75	((0,((1,2)3,4)5)6,(7,8)9)10	(9,4),(10,0),(3,3),(5,2),(6,1)
6	75	((0,((1,2)3,4)5)6,(7,8)9)10	(9,4),(10,0),(3,3),(5,2),(6,1)
6	76	(0,((1,2)3,(4,(5,6)7)8)9)10	(8,2),(9,1),(10,0),(3,4),(7,3)
6	76	(0,((1,2)3,(4,(5,6)7)8)9)10	(8,2),(9,1),(10,0),(3,4),(7,3)
6	76	(0,((1,2)3,(4,(5,6)7)8)9)10	(8,2),(9,1),(10,0),(3,3),(7,4)
6	76	(0,((1,2)3,(4,(5,6)7)8)9)10	(8,2),(9,1),(10,0),(3,3),(7,4)
6	76	(0,((1,2)3,(4,(5,6)7)8)9)10	(8,3),(9,1),(10,0),(3,2),(7,4)
6	76	(0,((1,2)3,(4,(5,6)7)8)9)10	(8,2),(9,1),(10,0),(3,3),(7,4)
6	76	(0,((1,2)3,(4,(5,6)7)8)9)10	(8,2),(9,1),(10,0),(3,3),(7,4)
6	76	(0,((1,2)3,(4,(5,6)7)8)9)10	(8,3),(9,1),(10,0),(3,2),(7,4)
6	76	(0,((1,2)3,(4,(5,6)7)8)9)10	(8,3),(9,1),(10,0),(3,2),(7,4)
6	76	(0,((1,2)3,(4,(5,6)7)8)9)10	(8,2),(9,1),(10,0),(3,4),(7,3)
6	77	(((0,1)2,3)4,((5,6)7,8)9)10	(9,1),(10,0),(4,2),(2,3),(7,4)
6	77	(((0,1)2,3)4,((5,6)7,8)9)10	(9,1),(10,0),(4,2),(2,3),(7,4)
6	77	(((0,1)2,3)4,((5,6)7,8)9)10	(9,3),(10,0),(4,1),(2,2),(7,4)
6	77	(((0,1)2,3)4,((5,6)7,8)9)10	(9,1),(10,0),(4,2),(2,3),(7,4)
6	77	(((0,1)2,3)4,((5,6)7,8)9)10	(9,1),(10,0),(4,3),(2,4),(7,2)
6	77	(((0,1)2,3)4,((5,6)7,8)9)10	(9,3),(10,0),(4,1),(2,2),(7,4)
6	77	(((0,1)2,3)4,((5,6)7,8)9)10	(9,2),(10,0),(4,1),(2,3),(7,4)
6	77	(((0,1)2,3)4,((5,6)7,8)9)10	(9,3),(10,0),(4,1),(2,2),(7,4)
6	77	(((0,1)2,3)4,((5,6)7,8)9)10	(9,1),(10,0),(4,2),(2,4),(7,3)
6	77	(((0,1)2,3)4,((5,6)7,8)9)10	(9,3),(10,0),(4,1),(2,2),(7,4)
6	78	((((0,1)2,3)4,(5,6)7)8,9)10	(8,1),(10,0),(4,2),(2,4),(7,3)
6	78	((((0,1)2,3)4,(5,6)7)8,9)10	(8,1),(10,0),(4,3),(2,4),(7,2)
6	78	((((0,1)2,3)4,(5,6)7)8,9)10	(8,1),(10,0),(4,3),(2,4),(7,2)
6	78	((((0,1)2,3)4,(5,6)7)8,9)10	(8,1),(10,0),(4,2),(2,3),(7,4)
6	78	((((0,1)2,3)4,(5,6)7)8,9)10	(8,1),(10,0),(4,2),(2,3),(7,4)
6	78	((((0,1)2,3)4,(5,6)7)8,9)10	(8,1),(10,0),(4,2),(2,4),(7,3)
6	78	((((0,1)2,3)4,(5,6)7)8,9)10	(8,1),(10,0),(4,2),(2,3),(7,4)
6	78	((((0,1)2,3)4,(5,6)7)8,9)10	(8,1),(10,0),(4,2),(2,3),(7,4)
6	78	((((0,1)2,3)4,(5,6)7)8,9)10	(8,1),(10,0),(4,2),(2,4),(7,3)
6	78	((((0,1)2,3)4,(5,6)7)8,9)10	(8,1),(10,0),(4,2),(2,3),(7,4)
6	79	((0,(1,((2,3)4,5)6)7)8,9)10	(8,1),(10,0),(4,4),(6,3),(7,2)
6	79	((0,(1,((2,3)4,5)6)7)8,9)10	(8,1),(10,0),(4,4),(6,3),(7,2)
6	79	((0,(1,((2,3)4,5)6)7)8,9)10	(8,1),(10,0),(4,4),(6,3),(7,2)
6	79	((0,(1,((2,3)4,5)6)7)8,9)10	(8,1),(10,0),(4,4),(6,3),(7,2)
6	79	((0,(1,((2,3)4,5)6)7)8,9)10	(8,1),(10,0),(4,4),(6,3),(7,2)
6	79	((0,(1,((2,3)4,5)6)7)8,9)10	(8,1),(10,0),(4,4),(6,3),(7,2)
6	79	((0,(1,((2,3)4,5)6)7)8,9)10	(8,1),(10,0),(4,4),(6,3),(7,2)
6	79	((0,(1,((2,3)4,5)6)7)8,9)10	(8,1),(10,0),(4,4),(6,3),(7,2)
6	79	((0,(1,((2,3)4,5)6)7)8,9)10	(8,1),(10,0),(4,4),(6,3),(7,2)
6	79	((0,(1,((2,3)4,5)6)7)8,9)10	(8,1),(10,0),(4,4),(6,3),(7,2)
6	80	(((0,1)2,(3,(4,5)6)7)8,9)10	(8,1),(10,0),(2,4),(6,3),(7,2)
6	80	(((0,1)2,(3,(4,5)6)7)8,9)10	(8,1),(10,0),(2,2),(6,4),(7,3)
6	80	(((0,1)2,(3,(4,5)6)7)8,9)10	(8,1),(10,0),(2,4),(6,3),(7,2)
6	80	(((0,1)2,(3,(4,5)6)7)8,9)10	(8,1),(10,0),(2,4),(6,3),(7,2)
6	80	(((0,1)2,(3,(4,5)6)7)8,9)10	(8,1),(10,0),(2,2),(6,4),(7,3)
6	80	(((0,1)2,(3,(4,5)6)7)8,9)10	(8,1),(10,0),(2,2),(6,4),(7,3)
6	80	(((0,1)2,(3,(4,5)6)7)8,9)10	(8,1),(10,0),(2,4),(6,3),(7,2)
6	80	(((0,1)2,(3,(4,5)6)7)8,9)10	(8,1),(10,0),(2,4),(6,3),(7,2)
6	80	(((0,1)2,(3,(4,5)6)7)8,9)10	(8,1),(10,0),(2,3),(6,4),(7,2)
6	80	(((0,1)2,(3,(4,5)6)7)8,9)10	(8,1),(10,0),(2,2),(6,4),(7,3)
6	81	((0,(1,2)3)4,(5,(6,7)8)9)10	(8,4),(9,1),(10,0),(3,3),(4,2)
6	81	((0,(1,2)3)4,(5,(6,7)8)9)10	(8,4),(9,3),(10,0),(3,2),(4,1)
6	81	((0,(1,2)3)4,(5,(6,7)8)9)10	(8,2),(9,1),(10,0),(3,4),(4,3)
6	81	((0,(1,2)3)4,(5,(6,7)8)9)10	(8,4),(9,3),(10,0),(3,2),(4,1)
6	81	((0,(1,2)3)4,(5,(6,7)8)9)10	(8,3),(9,1),(10,0),(3,4),(4,2)
6	81	((0,(1,2)3)4,(5,(6,7)8)9)10	(8,3),(9,2),(10,0),(3,4),(4,1)
6	81	((0,(1,2)3)4,(5,(6,7)8)9)10	(8,3),(9,2),(10,0),(3,4),(4,1)
6	81	((0,(1,2)3)4,(5,(6,7)8)9)10	(8,4),(9,1),(10,0),(3,3),(4,2)
6	81	((0,(1,2)3)4,(5,(6,7)8)9)10	(8,4),(9,2),(10,0),(3,3),(4,1)
6	81	((0,(1,2)3)4,(5,(6,7)8)9)10	(8,2),(9,1),(10,0),(3,4),(4,3)
6	82	(0,((1,(2,3)4)5,(6,7)8)9)10	(8,3),(9,1),(10,0),(4,4),(5,2)
6	82	(0,((1,(2,3)4)5,(6,7)8)9)10	(8,2),(9,1),(10,0),(4,4),(5,3)
6	82	(0,((1,(2,3)4)5,(6,7)8)9)10	(8,2),(9,1),(10,0),(4,4),(5,3)
6	82	(0,((1,(2,3)4)5,(6,7)8)9)10	(8,2),(9,1),(10,0),(4,4),(5,3)
6	82	(0,((1,(2,3)4)5,(6,7)8)9)10	(8,4),(9,1),(10,0),(4,3),(5,2)
6	82	(0,((1,(2,3)4)5,(6,7)8)9)10	(8,4),(9,1),(10,0),(4,3),(5,2)
6	82	(0,((1,(2,3)4)5,(6,7)8)9)10	(8,3),(9,1),(10,0),(4,4),(5,2)
6	82	(0,((1,(2,3)4)5,(6,7)8)9)10	(8,4),(9,1),(10,0),(4,3),(5,2)
6	82	(0,((1,(2,3)4)5,(6,7)8)9)10	(8,2),(9,1),(10,0),(4,4),(5,3)
6	82	(0,((1,(2,3)4)5,(6,7)8)9)10	(8,4),(9,1),(10,0),(4,3),(5,2)
6	83	((0,1)2,(((3,4)5,6)7,8)9)10	(9,1),(10,0),(5,4),(2,3),(7,2)
6	83	((0,1)2,(((3,4)5,6)7,8)9)10	(9,2),(10,0),(5,4),(2,1),(7,3)
6	83	((0,1)2,(((3,4)5,6)7,8)9)10	(9,1),(10,0),(5,4),(2,3),(7,2)
6	83	((0,1)2,(((3,4)5,6)7,8)9)10	(9,1),(10,0),(2,4),(5,3),(7,2)
6	83	((0,1)2,(((3,4)5,6)7,8)9)10	(9,1),(10,0),(5,4),(2,2),(7,3)
6	83	((0,1)2,(((3,4)5,6)7,8)9)10	(9,2),(10,0),(5,4),(2,1),(7,3)
6	83	((0,1)2,(((3,4)5,6)7,8)9)10	(9,2),(10,0),(5,4),(2,1),(7,3)
6	83	((0,1)2,(((3,4)5,6)7,8)9)10	(9,2),(10,0),(5,4),(2,1),(7,3)
6	83	((0,1)2,(((3,4)5,6)7,8)9)10	(9,1),(10,0),(5,4),(2,3),(7,2)
6	83	((0,1)2,(((3,4)5,6)7,8)9)10	(9,1),(10,0),(5,4),(2,3),(7,2)
6	84	((0,1)2,((3,(4,5)6)7,8)9)10	(9,2),(10,0),(2,1),(6,4),(7,3)
6	84	((0,1)2,((3,(4,5)6)7,8)9)10	(9,1),(10,0),(2,4),(6,3),(7,2)
6	84	((0,1)2,((3,(4,5)6)7,8)9)10	(9,2),(10,0),(2,1),(6,4),(7,3)
6	84	((0,1)2,((3,(4,5)6)7,8)9)10	(9,1),(10,0),(2,2),(6,4),(7,3)
6	84	((0,1)2,((3,(4,5)6)7,8)9)10	(9,1),(10,0),(2,3),(6,4),(7,2)
6	84	((0,1)2,((3,(4,5)6)7,8)9)10	(9,1),(10,0),(2,2),(6,4),(7,3)
6	84	((0,1)2,((3,(4,5)6)7,8)9)10	(9,1),(10,0),(2,4),(6,3),(7,2)
6	84	((0,1)2,((3,(4,5)6)7,8)9)10	(9,2),(10,0),(2,1),(6,4),(7,3)
6	84	((0,1)2,((3,(4,5)6)7,8)9)10	(9,1),(10,0),(2,4),(6,3),(7,2)
6	84	((0,1)2,((3,(4,5)6)7,8)9)10	(9,1),(10,0),(2,3),(6,4),(7,2)
6	85	((0,((1,2)3,(4,5)6)7)8,9)10	(8,1),(10,0),(3,3),(6,4),(7,2)
6	85	((0,((1,2)3,(4,5)6)7)8,9)10	(8,1),(10,0),(3,4),(6,3),(7,2)
6	85	((0,((1,2)3,(4,5)6)7)8,9)10	(8,1),(10,0),(3,3),(6,4),(7,2)
6	85	((0,((1,2)3,(4,5)6)7)8,9)10	(8,1),(10,0),(3,4),(6,3),(7,2)
6	85	((0,((1,2)3,(4,5)6)7)8,9)10	(8,1),(10,0),(3,3),(6,4),(7,2)
6	85	((0,((1,2)3,(4,5)6)7)8,9)10	(8,1),(10,0),(3,3),(6,4),(7,2)
6	85	((0,((1,2)3,(4,5)6)7)8,9)10	(8,1),(10,0),(3,4),(6,3),(7,2)
6	85	((0,((1,2)3,(4,5)6)7)8,9)10	(8,1),(10,0),(3,4),(6,3),(7,2)
6	85	((0,((1,2)3,(4,5)6)7)8,9)10	(8,1),(10,0),(3,3),(6,4),(7,2)
6	85	((0,((1,2)3,(4,5)6)7)8,9)10	(8,1),(10,0),(3,3),(6,4),(7,2)
6	86	(((0,1)2,(3,(4,5)6)7)8,9)10	(8,1),(10,0),(2,2),(6,4),(7,3)
6	86	(((0,1)2,(3,(4,5)6)7)8,9)10	(8,1),(10,0),(2,4),(6,3),(7,2)
6	86	(((0,1)2,(3,(4,5)6)7)8,9)10	(8,1),(10,0),(2,4),(6,3),(7,2)
6	86	(((0,1)2,(3,(4,5)6)7)8,9)10	(8,1),(10,0),(2,4),(6,3),(7,2)
6	86	(((0,1)2,(3,(4,5)6)7)8,9)10	(8,1),(10,0),(2,2),(6,4),(7,3)
6	86	(((0,1)2,(3,(4,5)6)7)8,9)10	(8,1),(10,0),(2,2),(6,4),(7,3)
6	86	(((0,1)2,(3,(4,5)6)7)8,9)10	(8,1),(10,0),(2,4),(6,3),(7,2)
6	86	(((0,1)2,(3,(4,5)6)7)8,9)10	(8,1),(10,0),(2,3),(6,4),(7,2)
6	86	(((0,1)2,(3,(4,5)6)7)8,9)10	(8,1),(10,0),(2,2),(6,4),(7,3)
6	86	(((0,1)2,(3,(4,5)6)7)8,9)10	(8,1),(10,0),(2,3),(6,4),(7,2)
6	87	((((0,1)2,3)4,(5,6)7)8,9)10	(8,1),(10,0),(4,2),(2,4),(7,3)
6	87	((((0,1)2,3)4,(5,6)7)8,9)10	(8,1),(10,0),(4,2),(2,4),(7,3)
6	87	((((0,1)2,3)4,(5,6)7)8,9)10	(8,1),(10,0),(4,3),(2,4),(7,2)
6	87	((((0,1)2,3)4,(5,6)7)8,9)10	(8,1),(10,0),(4,2),(2,3),(7,4)
6	87	((((0,1)2,3)4,(5,6)7)8,9)10	(8,1),(10,0),(4,2),(2,3),(7,4)
6	87	((((0,1)2,3)4,(5,6)7)8,9)10	(8,1),(10,0),(4,2),(2,4),(7,3)
6	87	((((0,1)2,3)4,(5,6)7)8,9)10	(8,1),(10,0),(4,2),(2,3),(7,4)
6	87	((((0,1)2,3)4,(5,6)7)8,9)10	(8,1),(10,0),(4,2),(2,3),(7,4)
6	87	((((0,1)2,3)4,(5,6)7)8,9)10	(8,1),(10,0),(4,2),(2,3),(7,4)
6	87	((((0,1)2,3)4,(5,6)7)8,9)10	(8,1),(10,0),(4,3),(2,4),(7,2)
6	88	(((0,1)2,((3,4)5,6)7)8,9)10	(8,1),(10,0),(5,4),(2,2),(7,3)
6	88	(((0,1)2,((3,4)5,6)7)8,9)10	(8,1),(10,0),(2,4),(5,3),(7,2)
6	88	(((0,1)2,((3,4)5,6)7)8,9)10	(8,1),(10,0),(5,4),(2,3),(7,2)
6	88	(((0,1)2,((3,4)5,6)7)8,9)10	(8,1),(10,0),(2,4),(5,3),(7,2)
6	88	(((0,1)2,((3,4)5,6)7)8,9)10	(8,1),(10,0),(2,4),(5,3),(7,2)
6	88	(((0,1)2,((3,4)5,6)7)8,9)10	(8,1),(10,0),(2,4),(5,3),(7,2)
6	88	(((0,1)2,((3,4)5,6)7)8,9)10	(8,1),(10,0),(5,4),(2,2),(7,3)
6	88	(((0,1)2,((3,4)5,6)7)8,9)10	(8,1),(10,0),(5,4),(2,2),(7,3)
6	88	(((0,1)2,((3,4)5,6)7)8,9)10	(8,1),(10,0),(5,4),(2,2),(7,3)
6	88	(((0,1)2,((3,4)5,6)7)8,9)10	(8,1),(10,0),(5,4),(2,2),(7,3)
6	89	((((0,1)2,3)4,(5,6)7)8,9)10	(8,1),(10,0),(4,2),(2,4),(7,3)
6	89	((((0,1)2,3)4,(5,6)7)8,9)10	(8,1),(10,0),(4,2),(2,3),(7,4)
6	89	((((0,1)2,3)4,(5,6)7)8,9)10	(8,1),(10,0),(4,3),(2,4),(7,2)
6	89	((((0,1)2,3)4,(5,6)7)8,9)10	(8,1),(10,0),(4,2),(2,3),(7,4)
6	89	((((0,1)2,3)4,(5,6)7)8,9)10	(8,1),(10,0),(4,2),(2,4),(7,3)
6	89	((((0,1)2,3)4,(5,6)7)8,9)10	(8,1),(10,0),(4,2),(2,3),(7,4)
6	89	((((0,1)2,3)4,(5,6)7)8,9)10	(8,1),(10,0),(4,3),(2,4),(7,2)
6	89	((((0,1)2,3)4,(5,6)7)8,9)10	(8,1),(10,0),(4,2),(2,4),(7,3)
6	89	((((0,1)2,3)4,(5,6)7)8,9)10	(8,1),(10,0),(4,2),(2,4),(7,3)
6	89	((((0,1)2,3)4,(5,6)7)8,9)10	(8,1),(10,0),(4,3),(2,4),(7,2)
6	90	(0,(1,((2,3)4,(5,6)7)8)9)10	(8,2),(9,1),(10,0),(4,3),(7,4)
6	90	(0,(1,((2,3)4,(5,6)7)8)9)10	(8,2),(9,1),(10,0),(4,3),(7,4)
6	90	(0,(1,((2,3)4,(5,6)7)8)9)10	(8,2),(9,1),(10,0),(4,3),(7,4)
6	90	(0,(1,((2,3)4,(5,6)7)8)9)10	(8,2),(9,1),(10,0),(4,3),(7,4)
6	90	(0,(1,((2,3)4,(5,6)7)8)9)10	(8,2),(9,1),(10,0),(4,4),(7,3)
6	90	(0,(1,((2,3)4,(5,6)7)8)9)10	(8,2),(9,1),(10,0),(4,4),(7,3)
6	90	(0,(1,((2,3)4,(5,6)7)8)9)10	(8,2),(9,1),(10,0),(4,4),(7,3)
6	90	(0,(1,((2,3)4,(5,6)7)8)9)10	(8,2),(9,1),(10,0),(4,4),(7,3)
6	90	(0,(1,((2,3)4,(5,6)7)8)9)10	(8,2),(9,1),(10,0),(4,4),(7,3)
6	90	(0,(1,((2,3)4,(5,6)7)8)9)10	(8,2),(9,1),(10,0),(4,3),(7,4)
6	91	(((0,(1,2)3)4,(5,6)7)8,9)10	(8,1),(10,0),(3,4),(4,2),(7,3)
6	91	(((0,(1,2)3)4,(5,6)7)8,9)10	(8,1),(10,0),(3,4),(4,3),(7,2)
6	91	(((0,(1,2)3)4,(5,6)7)8,9)10	(8,1),(10,0),(3,3),(4,2),(7,4)
6	91	(((0,(1,2)3)4,(5,6)7)8,9)10	(8,1),(10,0),(3,4),(4,2),(7,3)
6	91	(((0,(1,2)3)4,(5,6)7)8,9)10	(8,1),(10,0),(3,3),(4,2),(7,4)
6	91	(((0,(1,2)3)4,(5,6)7)8,9)10	(8,1),(10,0),(3,4),(4,2),(7,3)
6	91	(((0,(1,2)3)4,(5,6)7)8,9)10	(8,1),(10,0),(3,4),(4,3),(7,2)
6	91	(((0,(1,2)3)4,(5,6)7)8,9)10	(8,1),(10,0),(3,3),(4,2),(7,4)
6	91	(((0,(1,2)3)4,(5,6)7)8,9)10	(8,1),(10,0),(3,4),(4,3),(7,2)
6	91	(((0,(1,2)3)4,(5,6)7)8,9)10	(8,1),(10,0),(3,4),(4,2),(7,3)
6	92	((0,1)2,(3,((4,5)6,7)8)9)10	(8,2),(9,1),(10,0),(2,4),(6,3)
6	92	((0,1)2,(3,((4,5)6,7)8)9)10	(8,3),(9,2),(10,0),(2,1),(6,4)
6	92	((0,1)2,(3,((4,5)6,7)8)9)10	(8,2),(9,1),(10,0),(2,4),(6,3)
6	92	((0,1)2,(3,((4,5)6,7)8)9)10	(8,3),(9,1),(10,0),(2,2),(6,4)
6	92	((0,1)2,(3,((4,5)6,7)8)9)10	(8,3),(9,2),(10,0),(2,1),(6,4)
6	92	((0,1)2,(3,((4,5)6,7)8)9)10	(8,2),(9,1),(10,0),(2,4),(6,3)
6	92	((0,1)2,(3,((4,5)6,7)8)9)10	(8,3),(9,2),(10,0),(2,1),(6,4)
6	92	((0,1)2,(3,((4,5)6,7)8)9)10	(8,2),(9,1),(10,0),(2,3),(6,4)
6	92	((0,1)2,(3,((4,5)6,7)8)9)10	(8,2),(9,1),(10,0),(2,4),(6,3)
6	92	((0,1)2,(3,((4,5)6,7)8)9)10	(8,3),(9,2),(10,0),(2,1),(6,4)
6	93	((0,((1,2)3,4)5)6,(7,8)9)10	(9,4),(10,0),(3,3),(5,2),(6,1)
6	93	((0,((1,2)3,4)5)6,(7,8)9)10	(9,3),(10,0),(3,4),(5,2),(6,1)
6	93	((0,((1,2)3,4)5)6,(7,8)9)10	(9,4),(10,0),(3,3),(5,2),(6,1)
6	93	((0,((1,2)3,4)5)6,(7,8)9)10	(9,4),(10,0),(3,3),(5,2),(6,1)
6	93	((0,((1,2)3,4)5)6,(7,8)9)10	(9,1),(10,0),(3,4),(5,3),(6,2)
6	93	((0,((1,2)3,4)5)6,(7,8)9)10	(9,3),(10,0),(3,4),(5,2),(6,1)
6	93	((0,((1,2)3,4)5)6,(7,8)9)10	(9,2),(10,0),(3,4),(5,3),(6,1)
6	93	((0,((1,2)3,4)5)6,(7,8)9)10	(9,2),(10,0),(3,4),(5,3),(6,1)
6	93	((0,((1,2)3,4)5)6,(7,8)9)10	(9,4),(10,0),(3,3),(5,2),(6,1)
6	93	((0,((1,2)3,4)5)6,(7,8)9)10	(9,4),(10,0),(3,3),(5,2),(6,1)
6	94	(((0,((1,2)3,4)5)6,7)8,9)10	(8,1),(10,0),(3,4),(5,3),(6,2)
6	94	(((0,((1,2)3,4)5)6,7)8,9)10	(8,1),(10,0),(3,4),(5,3),(6,2)
6	94	(((0,((1,2)3,4)5)6,7)8,9)10	(8,1),(10,0),(3,4),(5,3),(6,2)
6	94	(((0,((1,2)3,4)5)6,7)8,9)10	(8,1),(10,0),(3,4),(5,3),(6,2)
6	94	(((0,((1,2)3,4)5)6,7)8,9)10	(8,1),(10,0),(3,4),(5,3),(6,2)
6	94	(((0,((1,2)3,4)5)6,7)8,9)10	(8,1),(10,0),(3,4),(5,3),(6,2)
6	94	(((0,((1,2)3,4)5)6,7)8,9)10	(8,1),(10,0),(3,4),(5,3),(6,2)
6	94	(((0,((1,2)3,4)5)6,7)8,9)10	(8,1),(10,0),(3,4),(5,3),(6,2)
6	94	(((0,((1,2)3,4)5)6,7)8,9)10	(8,1),(10,0),(3,4),(5,3),(6,2)
6	94	(((0,((1,2)3,4)5)6,7)8,9)10	(8,1),(10,0),(3,4),(5,3),(6,2)
6	95	((0,(1,((2,3)4,5)6)7)8,9)10	(8,1),(10,0),(4,4),(6,3),(7,2)
6	95	((0,(1,((2,3)4,5)6)7)8,9)10	(8,1),(10,0),(4,4),(6,3),(7,2)
6	95	((0,(1,((2,3)4,5)6)7)8,9)10	(8,1),(10,0),(4,4),(6,3),(7,2)
6	95	((0,(1,((2,3)4,5)6)7)8,9)10	(8,1),(10,0),(4,4),(6,3),(7,2)
6	95	((0,(1,((2,3)4,5)6)7)8,9)10	(8,1),(10,0),(4,4),(6,3),(7,2)
6	95	((0,(1,((2,3)4,5)6)7)8,9)10	(8,1),(10,0),(4,4),(6,3),(7,2)
6	95	((0,(1,((2,3)4,5)6)7)8,9)10	(8,1),(10,0),(4,4),(6,3),(7,2)
6	95	((0,(1,((2,3)4,5)6)7)8,9)10	(8,1),(10,0),(4,4),(6,3),(7,2)
6	95	((0,(1,((2,3)4,5)6)7)8,9)10	(8,1),(10,0),(4,4),(6,3),(7,2)
6	95	((0,(1,((2,3)4,5)6)7)8,9)10	(8,1),(10,0),(4,4),(6,3),(7,2)
6	96	((0,1)2,(3,(4,(5,6)7)8)9)10	(8,3),(9,2),(10,0),(2,1),(7,4)
6	96	((0,1)2,(3,(4,(5,6)7)8)9)10	(8,2),(9,1),(10,0),(2,4),(7,3)
6	96	((0,1)2,(3,(4,(5,6)7)8)9)10	(8,2),(9,1),(10,0),(2,3),(7,4)
6	96	((0,1)2,(3,(4,(5,6)7)8)9)10	(8,2),(9,1),(10,0),(2,4),(7,3)
6	96	((0,1)2,(3,(4,(5,6)7)8)9)10	(8,3),(9,1),(10,0),(2,2),(7,4)
6	96	((0,1)2,(3,(4,(5,6)7)8)9)10	(8,3),(9,1),(10,0),(2,2),(7,4)
6	96	((0,1)2,(3,(4,(5,6)7)8)9)10	(8,3),(9,2),(10,0),(2,1),(7,4)
6	96	((0,1)2,(3,(4,(5,6)7)8)9)10	(8,2),(9,1),(10,0),(2,3),(7,4)
6	96	((0,1)2,(3,(4,(5,6)7)8)9)10	(8,3),(9,2),(10,0),(2,1),(7,4)
6	96	((0,1)2,(3,(4,(5,6)7)8)9)10	(8,2),(9,1),(10,0),(2,3),(7,4)
6	97	((0,1)2,((3,(4,5)6)7,8)9)10	(9,1),(10,0),(2,2),(6,4),(7,3)
6	97	((0,1)2,((3,(4,5)6)7,8)9)10	(9,1),(10,0),(2,3),(6,4),(7,2)
6	97	((0,1)2,((3,(4,5)6)7,8)9)10	(9,1),(10,0),(2,2),(6,4),(7,3)
6	97	((0,1)2,((3,(4,5)6)7,8)9)10	(9,2),(10,0),(2,1),(6,4),(7,3)
6	97	((0,1)2,((3,(4,5)6)7,8)9)10	(9,2),(10,0),(2,1),(6,4),(7,3)
6	97	((0,1)2,((3,(4,5)6)7,8)9)10	(9,1),(10,0),(2,4),(6,3),(7,2)
6	97	((0,1)2,((3,(4,5)6)7,8)9)10	(9,1),(10,0),(2,3),(6,4),(7,2)
6	97	((0,1)2,((3,(4,5)6)7,8)9)10	(9,2),(10,0),(2,1),(6,4),(7,3)
6	97	((0,1)2,((3,(4,5)6)7,8)9)10	(9,2),(10,0),(2,1),(6,4),(7,3)
6	97	((0,1)2,((3,(4,5)6)7,8)9)10	(9,1),(10,0),(2,2),(6,4),(7,3)
6	98	(0,((1,2)3,(4,(5,6)7)8)9)10	(8,2),(9,1),(10,0),(3,4),(7,3)
6	98	(0,((1,2)3,(4,(5,6)7)8)9)10	(8,3),(9,1),(10,0),(3,2),(7,4)
6	98	(0,((1,2)3,(4,(5,6)7)8)9)10	(8,3),(9,1),(10,0),(3,2),(7,4)
6	98	(0,((1,2)3,(4,(5,6)7)8)9)10	(8,2),(9,1),(10,0),(3,3),(7,4)
6	98	(0,((1,2)3,(4,(5,6)7)8)9)10	(8,3),(9,1),(10,0),(3,2),(7,4)
6	98	(0,((1,2)3,(4,(5,6)7)8)9)10	(8,2),(9,1),(10,0),(3,4),(7,3)
6	98	(0,((1,2)3,(4,(5,6)7)8)9)10	(8,3),(9,1),(10,0),(3,2),(7,4)
6	98	(0,((1,2)3,(4,(5,6)7)8)9)10	(8,2),(9,1),(10,0),(3,3),(7,4)
6	98	(0,((1,2)3,(4,(5,6)7)8)9)10	(8,3),(9,1),(10,0),(3,2),(7,4)
6	98	(0,((1,2)3,(4,(5,6)7)8)9)10	(8,2),(9,1),(10,0),(3,4),(7,3)
6	99	(0,((((1,2)3,4)5,6)7,8)9)10	(9,1),(10,0),(3,4),(5,3),(7,2)
6	99	(0,((((1,2)3,4)5,6)7,8)9)10	(9,1),(10,0),(3,4),(5,3),(7,2)
6	99	(0,((((1,2)3,4)5,6)7,8)9)10	(9,1),(10,0),(3,4),(5,3),(7,2)
6	99	(0,((((1,2)3,4)5,6)7,8)9)10	(9,1),(10,0),(3,4),(5,3),(7,2)
6	99	(0,((((1,2)3,4)5,6)7,8)9)10	(9,1),(10,0),(3,4),(5,3),(7,2)
6	99	(0,((((1,2)3,4)5,6)7,8)9)10	(9,1),(10,0),(3,4),(5,3),(7,2)
6	99	(0,((((1,2)3,4)5,6)7,8)9)10	(9,1),(10,0),(3,4),(5,3),(7,2)
6	99	(0,((((1,2)3,4)5,6)7,8)9)10	(9,1),(10,0),(3,4),(5,3),(7,2)
6	99	(0,((((1,2)3,4)5,6)7,8)9)10	(9,1),(10,0),(3,4),(5,3),(7,2)
6	99	(0,((((1,2)3,4)5,6)7,8)9)10	(9,1),(10,0),(3,4),(5,3),(7,2)
