#size tree	index tree	tree
15	0	(0,(1,(2,(3,(4,(5,(6,(7,(8,(9,(10,(11,(12,(13,14)15)16)17)18)19)20)21)22)23)24)25)26)27)28
15	1	(((0,(1,2)3)4,((5,6)7,(8,9)10)11)12,(((13,14)15,(16,17)18)19,((20,21)22,(23,24)25)26)27)28
15	2	(((((0,1)2,3)4,(5,6)7)8,(((9,10)11,(12,(13,14)15)16)17,(18,19)20)21)22,((23,24)25,26)27)28
15	3	((0,(((1,(2,3)4)5,(6,7)8)9,(10,11)12)13)14,((15,((16,17)18,(19,20)21)22)23,(24,25)26)27)28
15	4	((0,(1,2)3)4,(5,(((6,(7,((8,(9,(10,(11,12)13)14)15)16,17)18)19)20,(21,22)23)24,25)26)27)28
15	5	((0,((1,((2,3)4,5)6)7,8)9)10,(11,(((((12,13)14,(15,16)17)18,19)20,(21,22)23)24,25)26)27)28
15	6	(((0,(1,(2,3)4)5)6,(((7,8)9,(((10,11)12,13)14,(15,((16,17)18,19)20)21)22)23,24)25)26,27)28
15	7	(((0,(((1,((2,(3,4)5)6,((7,(8,9)10)11,12)13)14)15,(16,17)18)19,20)21)22,(23,24)25)26,27)28
15	8	((0,1)2,(3,((((4,5)6,7)8,(9,(10,((11,((12,13)14,15)16)17,18)19)20)21)22,(23,24)25)26)27)28
15	9	(0,((1,(2,(3,4)5)6)7,((8,9)10,(11,(12,(((13,14)15,16)17,((18,19)20,21)22)23)24)25)26)27)28
15	10	(0,((((1,(2,3)4)5,(6,((7,(((((8,9)10,11)12,13)14,15)16,17)18)19,20)21)22)23,24)25,26)27)28
15	11	(0,(((1,((2,3)4,(5,6)7)8)9,10)11,(12,((13,(14,((15,16)17,18)19)20)21,(22,23)24)25)26)27)28
15	12	(((0,1)2,((3,((((4,5)6,7)8,9)10,(11,(12,((13,(14,15)16)17,18)19)20)21)22)23,24)25)26,27)28
15	13	((((0,(((1,2)3,4)5,(6,7)8)9)10,11)12,13)14,(15,((16,(((17,18)19,20)21,22)23)24,25)26)27)28
15	14	((0,1)2,(3,(4,((5,((((6,7)8,9)10,11)12,(((13,(14,15)16)17,18)19,20)21)22)23,24)25)26)27)28
15	15	((((((0,1)2,3)4,5)6,(7,8)9)10,((11,12)13,(((14,(15,(16,17)18)19)20,21)22,23)24)25)26,27)28
15	16	(0,(1,((((((((2,3)4,5)6,(7,8)9)10,11)12,13)14,15)16,((17,18)19,20)21)22,(23,24)25)26)27)28
15	17	((((((0,(((1,2)3,(4,(5,(6,7)8)9)10)11,((12,13)14,15)16)17)18,19)20,21)22,23)24,25)26,27)28
15	18	((0,(1,((2,3)4,(5,6)7)8)9)10,((((11,12)13,14)15,((((16,17)18,19)20,21)22,23)24)25,26)27)28
15	19	(((0,1)2,((((3,4)5,6)7,8)9,(10,(((11,((12,(13,14)15)16,17)18)19,20)21,22)23)24)25)26,27)28
15	20	((0,((1,((2,3)4,(5,(6,(((7,8)9,10)11,((12,13)14,15)16)17)18)19)20)21,22)23)24,(25,26)27)28
15	21	(0,((1,((((2,3)4,(5,(((6,7)8,(9,(10,11)12)13)14,(15,16)17)18)19)20,21)22,23)24)25,26)27)28
15	22	(0,((((1,((2,3)4,((5,6)7,(8,9)10)11)12)13,14)15,((16,17)18,(19,20)21)22)23,(24,25)26)27)28
15	23	(0,(((1,(2,3)4)5,(((((6,7)8,9)10,(((11,12)13,14)15,16)17)18,19)20,21)22)23,(24,25)26)27)28
15	24	((0,(((1,((((2,3)4,5)6,((((7,8)9,(10,11)12)13,14)15,16)17)18,19)20)21,22)23,24)25)26,27)28
15	25	(((0,1)2,((((3,4)5,(6,(7,((8,(9,((10,11)12,13)14)15)16,17)18)19)20)21,22)23,24)25)26,27)28
15	26	(((0,(1,((2,3)4,5)6)7)8,((9,10)11,(((12,(13,((14,15)16,17)18)19)20,21)22,23)24)25)26,27)28
15	27	(((0,((1,(((2,(3,4)5)6,((7,8)9,10)11)12,(13,14)15)16)17,((18,19)20,21)22)23)24,25)26,27)28
15	28	((((((0,1)2,((3,4)5,6)7)8,(9,(10,(11,(12,(13,14)15)16)17)18)19)20,21)22,23)24,(25,26)27)28
15	29	(((0,1)2,3)4,((((((5,6)7,(8,9)10)11,(12,13)14)15,((16,17)18,(19,20)21)22)23,24)25,26)27)28
15	30	((((((0,(1,2)3)4,(5,(6,(7,8)9)10)11)12,(13,(14,15)16)17)18,19)20,(21,22)23)24,(25,26)27)28
15	31	(0,(((((1,(2,(3,4)5)6)7,8)9,(10,11)12)13,((14,(15,(16,17)18)19)20,21)22)23,(24,25)26)27)28
15	32	((0,1)2,(((((3,4)5,6)7,(8,((9,10)11,(12,(((13,14)15,16)17,18)19)20)21)22)23,24)25,26)27)28
15	33	(((0,(((1,2)3,4)5,(6,7)8)9)10,((11,12)13,(14,15)16)17)18,(19,(20,((21,22)23,24)25)26)27)28
15	34	((((((0,1)2,3)4,((5,6)7,8)9)10,(11,12)13)14,15)16,(17,(18,(19,(20,(21,22)23)24)25)26)27)28
15	35	(((0,(1,((2,3)4,5)6)7)8,9)10,((11,(((12,(13,(14,15)16)17)18,19)20,(21,22)23)24)25,26)27)28
15	36	(((0,(1,2)3)4,(5,6)7)8,((9,((((10,11)12,13)14,(((15,16)17,18)19,20)21)22,23)24)25,26)27)28
15	37	((((0,1)2,3)4,(5,6)7)8,(9,((10,((11,12)13,14)15)16,((((17,18)19,20)21,22)23,24)25)26)27)28
15	38	((((0,(((1,2)3,4)5,6)7)8,((9,10)11,((12,13)14,15)16)17)18,(19,20)21)22,(23,(24,25)26)27)28
15	39	(0,(1,(((2,3)4,5)6,(7,(8,((9,((10,11)12,(13,((14,15)16,17)18)19)20)21,22)23)24)25)26)27)28
15	40	((0,((1,2)3,((4,(((5,(6,7)8)9,((10,11)12,13)14)15,((16,17)18,19)20)21)22,23)24)25)26,27)28
15	41	(((0,1)2,(((3,(4,5)6)7,(((8,9)10,((11,12)13,(14,15)16)17)18,19)20)21,(22,23)24)25)26,27)28
15	42	(0,(1,(((2,3)4,(((((5,6)7,8)9,10)11,(12,13)14)15,((16,(17,18)19)20,21)22)23)24,25)26)27)28
15	43	((0,((((1,2)3,(((4,((5,(6,(7,8)9)10)11,(12,13)14)15)16,17)18,19)20)21,22)23,24)25)26,27)28
15	44	((((0,1)2,3)4,(5,(((6,7)8,9)10,((11,(12,13)14)15,16)17)18)19)20,(21,((22,23)24,25)26)27)28
15	45	((0,(1,((2,(((3,4)5,6)7,(((8,(9,(10,11)12)13)14,15)16,17)18)19)20,(21,22)23)24)25)26,27)28
15	46	(((0,(1,(((2,3)4,(5,6)7)8,9)10)11)12,(13,14)15)16,((((17,18)19,20)21,(22,23)24)25,26)27)28
15	47	(((0,(((1,2)3,(4,5)6)7,8)9)10,(11,12)13)14,(15,((16,(17,(18,19)20)21)22,(23,24)25)26)27)28
15	48	(0,(1,((2,3)4,((5,6)7,((8,(9,(10,((11,12)13,14)15)16)17)18,(19,(20,21)22)23)24)25)26)27)28
15	49	(((0,1)2,((3,4)5,(((6,((7,8)9,10)11)12,(((13,14)15,16)17,(18,19)20)21)22,23)24)25)26,27)28
15	50	(0,((1,(2,3)4)5,(6,(7,(((((((8,9)10,11)12,13)14,15)16,17)18,(19,20)21)22,23)24)25)26)27)28
15	51	(0,(((((1,(2,3)4)5,6)7,8)9,(((10,(11,12)13)14,(15,((16,17)18,19)20)21)22,23)24)25,26)27)28
15	52	(0,(((1,2)3,((4,(5,(6,7)8)9)10,(11,(12,(13,((14,15)16,(17,18)19)20)21)22)23)24)25,26)27)28
15	53	((0,1)2,(3,(((4,5)6,(((7,(8,(9,(10,11)12)13)14)15,16)17,(18,19)20)21)22,(23,24)25)26)27)28
15	54	(((0,(1,(((2,((3,4)5,6)7)8,(((9,10)11,(12,(13,14)15)16)17,18)19)20,21)22)23)24,25)26,27)28
15	55	((0,1)2,(3,(4,(((5,6)7,(8,9)10)11,(((12,(13,14)15)16,((17,18)19,20)21)22,23)24)25)26)27)28
15	56	((((0,((1,(2,(3,((((4,5)6,7)8,9)10,11)12)13)14)15,16)17)18,(19,20)21)22,23)24,(25,26)27)28
15	57	(0,(((((((1,2)3,4)5,((6,((7,(8,(9,10)11)12)13,14)15)16,17)18)19,20)21,22)23,24)25,26)27)28
15	58	((((((0,(1,(2,3)4)5)6,7)8,((9,10)11,((12,13)14,(15,(16,17)18)19)20)21)22,23)24,25)26,27)28
15	59	((0,(((1,((2,(3,4)5)6,(7,8)9)10)11,(12,(13,((14,15)16,17)18)19)20)21,(22,23)24)25)26,27)28
15	60	(0,((1,((2,((3,4)5,(6,7)8)9)10,(11,12)13)14)15,((((16,17)18,(19,20)21)22,23)24,25)26)27)28
15	61	(0,((1,((2,3)4,5)6)7,(8,(9,(10,((11,(12,13)14)15,(((16,17)18,19)20,21)22)23)24)25)26)27)28
15	62	(0,(((1,((2,3)4,5)6)7,8)9,(10,(((11,12)13,14)15,((16,17)18,(19,(20,21)22)23)24)25)26)27)28
15	63	(0,((((1,2)3,((4,((5,(((6,7)8,9)10,(11,12)13)14)15,(16,17)18)19)20,21)22)23,24)25,26)27)28
15	64	(0,(((((((1,(((2,3)4,(5,6)7)8,9)10)11,12)13,14)15,(16,17)18)19,20)21,22)23,(24,25)26)27)28
15	65	(0,(((((1,((2,(3,4)5)6,(7,((8,(9,10)11)12,13)14)15)16)17,18)19,(20,21)22)23,24)25,26)27)28
15	66	((0,(1,2)3)4,(5,(6,(7,((8,9)10,((11,(12,13)14)15,(((16,17)18,19)20,21)22)23)24)25)26)27)28
15	67	(0,(((1,2)3,((4,(5,((6,7)8,9)10)11)12,((13,14)15,16)17)18)19,((20,(21,22)23)24,25)26)27)28
15	68	((((((0,1)2,3)4,(5,(6,7)8)9)10,11)12,(13,(14,15)16)17)18,(19,(20,((21,22)23,24)25)26)27)28
15	69	((((0,1)2,((3,(4,5)6)7,(8,(9,((10,((11,12)13,14)15)16,17)18)19)20)21)22,(23,24)25)26,27)28
15	70	(((0,(((1,2)3,((4,5)6,(7,(8,9)10)11)12)13,(14,15)16)17)18,19)20,(21,((22,23)24,25)26)27)28
15	71	(0,(((((1,2)3,4)5,(6,7)8)9,(10,11)12)13,(14,((15,(16,17)18)19,(20,(21,22)23)24)25)26)27)28
15	72	(((0,(1,2)3)4,5)6,(((((7,(8,9)10)11,(12,(13,14)15)16)17,18)19,20)21,((22,23)24,25)26)27)28
15	73	(((0,(((((1,(2,(((3,4)5,6)7,((8,9)10,11)12)13)14)15,16)17,18)19,20)21,22)23)24,25)26,27)28
15	74	((((0,1)2,3)4,((5,6)7,(8,((9,(10,11)12)13,14)15)16)17)18,((19,20)21,(22,(23,24)25)26)27)28
15	75	(((0,(1,2)3)4,(((5,6)7,((8,9)10,(11,12)13)14)15,((16,((17,18)19,20)21)22,23)24)25)26,27)28
15	76	((0,(1,2)3)4,((((5,6)7,((8,9)10,11)12)13,14)15,(16,(((17,(18,19)20)21,22)23,24)25)26)27)28
15	77	(((0,((1,2)3,4)5)6,(7,8)9)10,(11,((12,(13,(14,((15,16)17,(18,19)20)21)22)23)24,25)26)27)28
15	78	((0,(1,(2,((((3,(4,(5,6)7)8)9,10)11,12)13,((14,15)16,17)18)19)20)21)22,((23,24)25,26)27)28
15	79	(0,((1,((((2,3)4,5)6,(7,8)9)10,(11,((12,13)14,15)16)17)18)19,(((20,21)22,23)24,25)26)27)28
15	80	(0,(1,(((2,(3,((4,(5,(6,7)8)9)10,11)12)13)14,15)16,((17,(18,(19,20)21)22)23,24)25)26)27)28
15	81	(((0,1)2,(((3,((4,5)6,(7,(8,9)10)11)12)13,((14,15)16,(17,(18,19)20)21)22)23,24)25)26,27)28
15	82	(0,((1,(2,(3,((4,5)6,((7,((8,9)10,(11,12)13)14)15,(16,(17,18)19)20)21)22)23)24)25,26)27)28
15	83	((0,(1,(2,(3,((4,(((5,(6,7)8)9,10)11,(12,13)14)15)16,(17,(18,19)20)21)22)23)24)25)26,27)28
15	84	(((((0,1)2,(3,4)5)6,(7,8)9)10,(11,((((12,13)14,15)16,((17,18)19,20)21)22,23)24)25)26,27)28
15	85	((((0,(1,2)3)4,(((((5,(6,7)8)9,10)11,(12,13)14)15,16)17,(18,19)20)21)22,23)24,(25,26)27)28
15	86	(0,(((1,(2,3)4)5,((6,((7,8)9,(((10,11)12,13)14,15)16)17)18,(19,20)21)22)23,(24,25)26)27)28
15	87	((0,((((((((1,2)3,4)5,((6,7)8,9)10)11,12)13,14)15,16)17,(18,(19,20)21)22)23,24)25)26,27)28
15	88	(0,((1,(((((2,3)4,(5,6)7)8,(9,10)11)12,13)14,(15,16)17)18)19,((20,(21,22)23)24,25)26)27)28
15	89	(0,(((1,(2,((((3,(4,((5,6)7,8)9)10)11,12)13,14)15,16)17)18)19,20)21,((22,23)24,25)26)27)28
15	90	(((0,1)2,(3,4)5)6,(7,(((8,(9,(10,(11,12)13)14)15)16,(17,(18,19)20)21)22,(23,24)25)26)27)28
15	91	(0,(1,(((((2,(3,4)5)6,7)8,9)10,((((11,12)13,14)15,(16,17)18)19,(20,21)22)23)24,25)26)27)28
15	92	(((0,1)2,3)4,((5,((((6,7)8,9)10,((11,(12,13)14)15,16)17)18,(19,20)21)22)23,(24,25)26)27)28
15	93	(((0,(1,((2,3)4,(5,(((6,(7,8)9)10,((11,12)13,(14,15)16)17)18,19)20)21)22)23)24,25)26,27)28
15	94	(0,(1,(((2,3)4,5)6,(((7,((((8,9)10,11)12,13)14,15)16)17,((18,19)20,21)22)23,24)25)26)27)28
15	95	((0,((1,(2,3)4)5,((6,(7,(8,9)10)11)12,(13,14)15)16)17)18,(19,((20,21)22,(23,24)25)26)27)28
15	96	((0,(((1,2)3,(4,(((((5,6)7,8)9,10)11,12)13,14)15)16)17,18)19)20,(21,(22,(23,24)25)26)27)28
15	97	(0,((1,((2,((3,(4,((5,6)7,8)9)10)11,12)13)14,((15,16)17,18)19)20)21,((22,23)24,25)26)27)28
15	98	(((((0,(1,((2,(3,4)5)6,7)8)9)10,11)12,13)14,((15,16)17,(18,19)20)21)22,((23,24)25,26)27)28
15	99	((0,((1,2)3,((4,(5,6)7)8,(((9,10)11,12)13,((14,15)16,17)18)19)20)21)22,(23,(24,25)26)27)28
