#size tree	index tree	tree
9	0	(0,(1,(2,(3,(4,(5,(6,(7,8)9)10)11)12)13)14)15)16
9	1	(((0,1)2,(3,4)5)6,((7,8)9,(10,(11,12)13)14)15)16
9	2	(((0,1)2,(3,(((4,5)6,(7,8)9)10,11)12)13)14,15)16
9	3	((0,((1,((2,3)4,5)6)7,(8,9)10)11)12,(13,14)15)16
9	4	(0,(((1,2)3,((4,5)6,((7,8)9,10)11)12)13,14)15)16
9	5	((((0,1)2,(3,4)5)6,(((7,8)9,10)11,12)13)14,15)16
9	6	(0,(((1,(2,3)4)5,(((6,7)8,9)10,11)12)13,14)15)16
9	7	(((0,((1,(2,(3,4)5)6)7,8)9)10,11)12,(13,14)15)16
9	8	((0,((1,(2,(3,((4,5)6,7)8)9)10)11,12)13)14,15)16
9	9	(((0,1)2,((3,((4,5)6,(7,8)9)10)11,12)13)14,15)16
9	10	((0,((1,(2,(3,(4,5)6)7)8)9,(10,11)12)13)14,15)16
9	11	((((0,1)2,3)4,(5,((6,(7,8)9)10,11)12)13)14,15)16
9	12	(((0,((1,2)3,4)5)6,(7,8)9)10,(11,(12,13)14)15)16
9	13	((0,((1,2)3,4)5)6,(7,((8,9)10,(11,12)13)14)15)16
9	14	((0,(1,((2,(3,4)5)6,((7,8)9,10)11)12)13)14,15)16
9	15	(0,((1,2)3,(4,(((5,6)7,(8,9)10)11,12)13)14)15)16
9	16	(0,(((1,(2,3)4)5,(6,(7,8)9)10)11,(12,13)14)15)16
9	17	((0,(1,(2,(3,4)5)6)7)8,(((9,10)11,12)13,14)15)16
9	18	((0,((((1,2)3,4)5,(6,7)8)9,10)11)12,(13,14)15)16
9	19	((0,((1,2)3,(4,5)6)7)8,((9,10)11,(12,13)14)15)16
9	20	(((0,((1,2)3,((4,5)6,7)8)9)10,11)12,(13,14)15)16
9	21	((0,(1,(2,((3,4)5,(6,7)8)9)10)11)12,(13,14)15)16
9	22	((0,1)2,((((3,4)5,6)7,(8,(9,10)11)12)13,14)15)16
9	23	((0,(1,((2,3)4,5)6)7)8,((9,(10,11)12)13,14)15)16
9	24	((0,(((((1,2)3,4)5,6)7,8)9,(10,11)12)13)14,15)16
9	25	(0,(((1,(((2,3)4,5)6,7)8)9,10)11,(12,13)14)15)16
9	26	((((((0,(1,2)3)4,5)6,(7,8)9)10,11)12,13)14,15)16
9	27	((0,(1,((2,3)4,5)6)7)8,(((9,10)11,12)13,14)15)16
9	28	(0,(((1,2)3,4)5,((6,7)8,((9,10)11,12)13)14)15)16
9	29	((((((0,1)2,3)4,5)6,7)8,((9,10)11,12)13)14,15)16
9	30	(0,(1,(2,(((3,4)5,((6,7)8,9)10)11,12)13)14)15)16
9	31	((0,(((1,2)3,4)5,((6,(7,8)9)10,11)12)13)14,15)16
9	32	(((0,(1,((2,3)4,(5,6)7)8)9)10,11)12,(13,14)15)16
9	33	(0,(1,((2,(3,4)5)6,((7,8)9,(10,11)12)13)14)15)16
9	34	(((((0,(1,(2,3)4)5)6,7)8,(9,10)11)12,13)14,15)16
9	35	(((((((0,1)2,(3,4)5)6,7)8,9)10,11)12,13)14,15)16
9	36	(((0,((((1,2)3,(4,5)6)7,8)9,10)11)12,13)14,15)16
9	37	(0,((1,2)3,(((4,((5,6)7,8)9)10,11)12,13)14)15)16
9	38	(((0,(1,(2,3)4)5)6,((7,8)9,10)11)12,(13,14)15)16
9	39	((0,(((1,(2,3)4)5,6)7,((8,9)10,11)12)13)14,15)16
9	40	(0,(1,((((2,3)4,5)6,7)8,(9,(10,11)12)13)14)15)16
9	41	((0,(1,((2,3)4,(5,(6,(7,8)9)10)11)12)13)14,15)16
9	42	(0,(1,(((((2,3)4,5)6,(7,8)9)10,11)12,13)14)15)16
9	43	(((0,1)2,3)4,(((5,6)7,8)9,(10,(11,12)13)14)15)16
9	44	(((((((0,1)2,3)4,(5,6)7)8,9)10,11)12,13)14,15)16
9	45	((0,(1,((2,(3,4)5)6,(7,8)9)10)11)12,(13,14)15)16
9	46	((((((0,1)2,(3,4)5)6,(7,8)9)10,11)12,13)14,15)16
9	47	((0,1)2,(3,(4,(5,((6,(7,8)9)10,11)12)13)14)15)16
9	48	((0,(1,((2,3)4,5)6)7)8,(9,(10,(11,12)13)14)15)16
9	49	(((0,1)2,3)4,((5,(6,((7,8)9,10)11)12)13,14)15)16
9	50	(0,((((1,((2,3)4,(5,6)7)8)9,10)11,12)13,14)15)16
9	51	(0,((((1,((2,3)4,5)6)7,8)9,(10,11)12)13,14)15)16
9	52	(((0,1)2,(((3,4)5,6)7,8)9)10,((11,12)13,14)15)16
9	53	((0,1)2,((3,(4,(5,6)7)8)9,((10,11)12,13)14)15)16
9	54	(0,(1,((2,(3,4)5)6,(7,(8,(9,10)11)12)13)14)15)16
9	55	(0,(1,(((2,(3,4)5)6,(7,8)9)10,(11,12)13)14)15)16
9	56	((((0,1)2,3)4,((((5,6)7,8)9,10)11,12)13)14,15)16
9	57	((0,1)2,(((3,4)5,(6,7)8)9,(10,(11,12)13)14)15)16
9	58	(((0,1)2,(3,(4,5)6)7)8,((9,(10,11)12)13,14)15)16
9	59	((((((0,((1,2)3,4)5)6,7)8,9)10,11)12,13)14,15)16
9	60	(0,((1,((2,((3,4)5,(6,7)8)9)10,11)12)13,14)15)16
9	61	(((0,(((1,(2,3)4)5,6)7,(8,9)10)11)12,13)14,15)16
9	62	((0,((1,2)3,(4,5)6)7)8,((9,(10,11)12)13,14)15)16
9	63	((((0,(1,2)3)4,(5,6)7)8,9)10,((11,12)13,14)15)16
9	64	(((0,1)2,((3,4)5,(6,(7,(8,9)10)11)12)13)14,15)16
9	65	((0,(1,2)3)4,(5,((6,7)8,(9,(10,11)12)13)14)15)16
9	66	(((((0,1)2,3)4,(5,6)7)8,(9,10)11)12,(13,14)15)16
9	67	((0,(((((1,(2,3)4)5,6)7,8)9,10)11,12)13)14,15)16
9	68	(0,((1,(2,((3,4)5,((6,7)8,9)10)11)12)13,14)15)16
9	69	((0,1)2,((3,4)5,((((6,7)8,9)10,11)12,13)14)15)16
9	70	(0,(1,(2,((((3,(4,5)6)7,8)9,10)11,12)13)14)15)16
9	71	(((0,1)2,3)4,(((5,6)7,8)9,((10,11)12,13)14)15)16
9	72	((0,1)2,((3,(4,(5,((6,7)8,9)10)11)12)13,14)15)16
9	73	(0,((1,2)3,(4,(5,(6,(7,(8,9)10)11)12)13)14)15)16
9	74	((0,((1,(2,(3,4)5)6)7,(8,(9,10)11)12)13)14,15)16
9	75	(((0,(1,(2,3)4)5)6,(7,8)9)10,((11,12)13,14)15)16
9	76	((((0,1)2,(3,(4,(5,6)7)8)9)10,(11,12)13)14,15)16
9	77	(0,(1,((2,((3,4)5,(6,7)8)9)10,(11,12)13)14)15)16
9	78	((0,(1,(((2,3)4,5)6,7)8)9)10,((11,12)13,14)15)16
9	79	(((0,1)2,3)4,((5,6)7,((8,9)10,(11,12)13)14)15)16
9	80	(((0,1)2,(((3,(4,(5,6)7)8)9,10)11,12)13)14,15)16
9	81	(0,(((1,(2,(((3,4)5,6)7,8)9)10)11,12)13,14)15)16
9	82	((((((0,(1,2)3)4,5)6,7)8,9)10,(11,12)13)14,15)16
9	83	(((0,(((((1,2)3,4)5,6)7,8)9,10)11)12,13)14,15)16
9	84	((0,(1,(2,((3,4)5,(6,7)8)9)10)11)12,(13,14)15)16
9	85	(((0,(((1,(2,3)4)5,(6,7)8)9,10)11)12,13)14,15)16
9	86	(0,(((((1,2)3,4)5,(6,7)8)9,10)11,(12,13)14)15)16
9	87	((0,1)2,(((3,(((4,5)6,7)8,9)10)11,12)13,14)15)16
9	88	(0,(1,(2,((((3,4)5,6)7,(8,9)10)11,12)13)14)15)16
9	89	((0,1)2,(((((3,4)5,6)7,(8,9)10)11,12)13,14)15)16
9	90	(((0,((1,2)3,4)5)6,(7,(8,(9,10)11)12)13)14,15)16
9	91	(0,(1,((((2,3)4,5)6,7)8,((9,10)11,12)13)14)15)16
9	92	((0,1)2,(3,(((4,5)6,7)8,((9,10)11,12)13)14)15)16
9	93	(((0,1)2,(3,((4,5)6,((7,8)9,10)11)12)13)14,15)16
9	94	((0,((1,(2,3)4)5,(6,(7,8)9)10)11)12,(13,14)15)16
9	95	((0,(1,2)3)4,(((5,((6,7)8,9)10)11,12)13,14)15)16
9	96	((0,(1,(2,(3,((4,5)6,(7,8)9)10)11)12)13)14,15)16
9	97	((0,1)2,((3,((4,5)6,((7,8)9,10)11)12)13,14)15)16
9	98	(((0,1)2,((3,((4,(5,6)7)8,9)10)11,12)13)14,15)16
9	99	((0,1)2,(3,((4,(((5,6)7,8)9,10)11)12,13)14)15)16
