#size tree	index tree	unranked tree	ranking
8	0	(0,(1,(2,(3,(4,(5,(6,7)8)9)10)11)12)13)14	(8,6),(9,5),(10,4),(11,3),(12,2),(13,1),(14,0)
8	0	(0,(1,(2,(3,(4,(5,(6,7)8)9)10)11)12)13)14	(8,6),(9,5),(10,4),(11,3),(12,2),(13,1),(14,0)
8	0	(0,(1,(2,(3,(4,(5,(6,7)8)9)10)11)12)13)14	(8,6),(9,5),(10,4),(11,3),(12,2),(13,1),(14,0)
8	0	(0,(1,(2,(3,(4,(5,(6,7)8)9)10)11)12)13)14	(8,6),(9,5),(10,4),(11,3),(12,2),(13,1),(14,0)
8	0	(0,(1,(2,(3,(4,(5,(6,7)8)9)10)11)12)13)14	(8,6),(9,5),(10,4),(11,3),(12,2),(13,1),(14,0)
8	0	(0,(1,(2,(3,(4,(5,(6,7)8)9)10)11)12)13)14	(8,6),(9,5),(10,4),(11,3),(12,2),(13,1),(14,0)
8	0	(0,(1,(2,(3,(4,(5,(6,7)8)9)10)11)12)13)14	(8,6),(9,5),(10,4),(11,3),(12,2),(13,1),(14,0)
8	0	(0,(1,(2,(3,(4,(5,(6,7)8)9)10)11)12)13)14	(8,6),(9,5),(10,4),(11,3),(12,2),(13,1),(14,0)
8	0	(0,(1,(2,(3,(4,(5,(6,7)8)9)10)11)12)13)14	(8,6),(9,5),(10,4),(11,3),(12,2),(13,1),(14,0)
8	0	(0,(1,(2,(3,(4,(5,(6,7)8)9)10)11)12)13)14	(8,6),(9,5),(10,4),(11,3),(12,2),(13,1),(14,0)
8	1	(((0,1)2,(3,4)5)6,((7,8)9,(10,11)12)13)14	(2,6),(5,4),(6,2),(9,3),(12,5),(13,1),(14,0)
8	1	(((0,1)2,(3,4)5)6,((7,8)9,(10,11)12)13)14	(2,5),(5,6),(6,1),(9,3),(12,4),(13,2),(14,0)
8	1	(((0,1)2,(3,4)5)6,((7,8)9,(10,11)12)13)14	(2,3),(5,5),(6,1),(9,4),(12,6),(13,2),(14,0)
8	1	(((0,1)2,(3,4)5)6,((7,8)9,(10,11)12)13)14	(2,2),(5,4),(6,1),(9,5),(12,6),(13,3),(14,0)
8	1	(((0,1)2,(3,4)5)6,((7,8)9,(10,11)12)13)14	(2,5),(5,6),(6,3),(9,4),(12,2),(13,1),(14,0)
8	1	(((0,1)2,(3,4)5)6,((7,8)9,(10,11)12)13)14	(2,3),(5,5),(6,2),(9,4),(12,6),(13,1),(14,0)
8	1	(((0,1)2,(3,4)5)6,((7,8)9,(10,11)12)13)14	(2,6),(5,4),(6,3),(9,2),(12,5),(13,1),(14,0)
8	1	(((0,1)2,(3,4)5)6,((7,8)9,(10,11)12)13)14	(2,4),(5,5),(6,1),(9,6),(12,3),(13,2),(14,0)
8	1	(((0,1)2,(3,4)5)6,((7,8)9,(10,11)12)13)14	(2,2),(5,5),(6,1),(9,6),(12,4),(13,3),(14,0)
8	1	(((0,1)2,(3,4)5)6,((7,8)9,(10,11)12)13)14	(2,5),(5,3),(6,2),(9,4),(12,6),(13,1),(14,0)
8	2	(0,((1,(((2,3)4,5)6,(7,8)9)10)11,12)13)14	(4,6),(6,5),(9,4),(10,3),(11,2),(13,1),(14,0)
8	2	(0,((1,(((2,3)4,5)6,(7,8)9)10)11,12)13)14	(4,6),(6,5),(9,4),(10,3),(11,2),(13,1),(14,0)
8	2	(0,((1,(((2,3)4,5)6,(7,8)9)10)11,12)13)14	(4,6),(6,5),(9,4),(10,3),(11,2),(13,1),(14,0)
8	2	(0,((1,(((2,3)4,5)6,(7,8)9)10)11,12)13)14	(4,6),(6,5),(9,4),(10,3),(11,2),(13,1),(14,0)
8	2	(0,((1,(((2,3)4,5)6,(7,8)9)10)11,12)13)14	(4,5),(6,4),(9,6),(10,3),(11,2),(13,1),(14,0)
8	2	(0,((1,(((2,3)4,5)6,(7,8)9)10)11,12)13)14	(4,5),(6,4),(9,6),(10,3),(11,2),(13,1),(14,0)
8	2	(0,((1,(((2,3)4,5)6,(7,8)9)10)11,12)13)14	(4,6),(6,5),(9,4),(10,3),(11,2),(13,1),(14,0)
8	2	(0,((1,(((2,3)4,5)6,(7,8)9)10)11,12)13)14	(4,6),(6,5),(9,4),(10,3),(11,2),(13,1),(14,0)
8	2	(0,((1,(((2,3)4,5)6,(7,8)9)10)11,12)13)14	(4,6),(6,4),(9,5),(10,3),(11,2),(13,1),(14,0)
8	2	(0,((1,(((2,3)4,5)6,(7,8)9)10)11,12)13)14	(4,5),(6,4),(9,6),(10,3),(11,2),(13,1),(14,0)
8	3	((0,((1,2)3,4)5)6,((7,(8,9)10)11,12)13)14	(3,3),(5,2),(6,1),(10,6),(11,5),(13,4),(14,0)
8	3	((0,((1,2)3,4)5)6,((7,(8,9)10)11,12)13)14	(3,5),(5,4),(6,1),(10,6),(11,3),(13,2),(14,0)
8	3	((0,((1,2)3,4)5)6,((7,(8,9)10)11,12)13)14	(3,5),(5,2),(6,1),(10,6),(11,4),(13,3),(14,0)
8	3	((0,((1,2)3,4)5)6,((7,(8,9)10)11,12)13)14	(3,6),(5,5),(6,2),(10,4),(11,3),(13,1),(14,0)
8	3	((0,((1,2)3,4)5)6,((7,(8,9)10)11,12)13)14	(3,6),(5,5),(6,3),(10,4),(11,2),(13,1),(14,0)
8	3	((0,((1,2)3,4)5)6,((7,(8,9)10)11,12)13)14	(3,6),(5,5),(6,3),(10,4),(11,2),(13,1),(14,0)
8	3	((0,((1,2)3,4)5)6,((7,(8,9)10)11,12)13)14	(3,6),(5,3),(6,2),(10,5),(11,4),(13,1),(14,0)
8	3	((0,((1,2)3,4)5)6,((7,(8,9)10)11,12)13)14	(3,4),(5,2),(6,1),(10,6),(11,5),(13,3),(14,0)
8	3	((0,((1,2)3,4)5)6,((7,(8,9)10)11,12)13)14	(3,4),(5,3),(6,1),(10,6),(11,5),(13,2),(14,0)
8	3	((0,((1,2)3,4)5)6,((7,(8,9)10)11,12)13)14	(3,6),(5,4),(6,2),(10,5),(11,3),(13,1),(14,0)
8	4	((((0,1)2,3)4,(5,((6,7)8,9)10)11)12,13)14	(2,4),(4,3),(8,6),(10,5),(11,2),(12,1),(14,0)
8	4	((((0,1)2,3)4,(5,((6,7)8,9)10)11)12,13)14	(2,5),(4,3),(8,6),(10,4),(11,2),(12,1),(14,0)
8	4	((((0,1)2,3)4,(5,((6,7)8,9)10)11)12,13)14	(2,6),(4,5),(8,4),(10,3),(11,2),(12,1),(14,0)
8	4	((((0,1)2,3)4,(5,((6,7)8,9)10)11)12,13)14	(2,5),(4,2),(8,6),(10,4),(11,3),(12,1),(14,0)
8	4	((((0,1)2,3)4,(5,((6,7)8,9)10)11)12,13)14	(2,4),(4,2),(8,6),(10,5),(11,3),(12,1),(14,0)
8	4	((((0,1)2,3)4,(5,((6,7)8,9)10)11)12,13)14	(2,3),(4,2),(8,6),(10,5),(11,4),(12,1),(14,0)
8	4	((((0,1)2,3)4,(5,((6,7)8,9)10)11)12,13)14	(2,3),(4,2),(8,6),(10,5),(11,4),(12,1),(14,0)
8	4	((((0,1)2,3)4,(5,((6,7)8,9)10)11)12,13)14	(2,3),(4,2),(8,6),(10,5),(11,4),(12,1),(14,0)
8	4	((((0,1)2,3)4,(5,((6,7)8,9)10)11)12,13)14	(2,5),(4,2),(8,6),(10,4),(11,3),(12,1),(14,0)
8	4	((((0,1)2,3)4,(5,((6,7)8,9)10)11)12,13)14	(2,4),(4,2),(8,6),(10,5),(11,3),(12,1),(14,0)
8	5	(0,(1,((((2,(3,4)5)6,7)8,9)10,11)12)13)14	(5,6),(6,5),(8,4),(10,3),(12,2),(13,1),(14,0)
8	5	(0,(1,((((2,(3,4)5)6,7)8,9)10,11)12)13)14	(5,6),(6,5),(8,4),(10,3),(12,2),(13,1),(14,0)
8	5	(0,(1,((((2,(3,4)5)6,7)8,9)10,11)12)13)14	(5,6),(6,5),(8,4),(10,3),(12,2),(13,1),(14,0)
8	5	(0,(1,((((2,(3,4)5)6,7)8,9)10,11)12)13)14	(5,6),(6,5),(8,4),(10,3),(12,2),(13,1),(14,0)
8	5	(0,(1,((((2,(3,4)5)6,7)8,9)10,11)12)13)14	(5,6),(6,5),(8,4),(10,3),(12,2),(13,1),(14,0)
8	5	(0,(1,((((2,(3,4)5)6,7)8,9)10,11)12)13)14	(5,6),(6,5),(8,4),(10,3),(12,2),(13,1),(14,0)
8	5	(0,(1,((((2,(3,4)5)6,7)8,9)10,11)12)13)14	(5,6),(6,5),(8,4),(10,3),(12,2),(13,1),(14,0)
8	5	(0,(1,((((2,(3,4)5)6,7)8,9)10,11)12)13)14	(5,6),(6,5),(8,4),(10,3),(12,2),(13,1),(14,0)
8	5	(0,(1,((((2,(3,4)5)6,7)8,9)10,11)12)13)14	(5,6),(6,5),(8,4),(10,3),(12,2),(13,1),(14,0)
8	5	(0,(1,((((2,(3,4)5)6,7)8,9)10,11)12)13)14	(5,6),(6,5),(8,4),(10,3),(12,2),(13,1),(14,0)
8	6	(0,((1,(2,3)4)5,((6,(7,8)9)10,11)12)13)14	(4,6),(5,2),(9,5),(10,4),(12,3),(13,1),(14,0)
8	6	(0,((1,(2,3)4)5,((6,(7,8)9)10,11)12)13)14	(4,3),(5,2),(9,6),(10,5),(12,4),(13,1),(14,0)
8	6	(0,((1,(2,3)4)5,((6,(7,8)9)10,11)12)13)14	(4,6),(5,3),(9,5),(10,4),(12,2),(13,1),(14,0)
8	6	(0,((1,(2,3)4)5,((6,(7,8)9)10,11)12)13)14	(4,4),(5,2),(9,6),(10,5),(12,3),(13,1),(14,0)
8	6	(0,((1,(2,3)4)5,((6,(7,8)9)10,11)12)13)14	(4,6),(5,4),(9,5),(10,3),(12,2),(13,1),(14,0)
8	6	(0,((1,(2,3)4)5,((6,(7,8)9)10,11)12)13)14	(4,5),(5,4),(9,6),(10,3),(12,2),(13,1),(14,0)
8	6	(0,((1,(2,3)4)5,((6,(7,8)9)10,11)12)13)14	(4,6),(5,3),(9,5),(10,4),(12,2),(13,1),(14,0)
8	6	(0,((1,(2,3)4)5,((6,(7,8)9)10,11)12)13)14	(4,3),(5,2),(9,6),(10,5),(12,4),(13,1),(14,0)
8	6	(0,((1,(2,3)4)5,((6,(7,8)9)10,11)12)13)14	(4,4),(5,3),(9,6),(10,5),(12,2),(13,1),(14,0)
8	6	(0,((1,(2,3)4)5,((6,(7,8)9)10,11)12)13)14	(4,6),(5,3),(9,5),(10,4),(12,2),(13,1),(14,0)
8	7	(0,(((1,2)3,4)5,(6,((7,8)9,10)11)12)13)14	(3,4),(5,3),(9,6),(11,5),(12,2),(13,1),(14,0)
8	7	(0,(((1,2)3,4)5,(6,((7,8)9,10)11)12)13)14	(3,6),(5,2),(9,5),(11,4),(12,3),(13,1),(14,0)
8	7	(0,(((1,2)3,4)5,(6,((7,8)9,10)11)12)13)14	(3,3),(5,2),(9,6),(11,5),(12,4),(13,1),(14,0)
8	7	(0,(((1,2)3,4)5,(6,((7,8)9,10)11)12)13)14	(3,4),(5,2),(9,6),(11,5),(12,3),(13,1),(14,0)
8	7	(0,(((1,2)3,4)5,(6,((7,8)9,10)11)12)13)14	(3,3),(5,2),(9,6),(11,5),(12,4),(13,1),(14,0)
8	7	(0,(((1,2)3,4)5,(6,((7,8)9,10)11)12)13)14	(3,5),(5,3),(9,6),(11,4),(12,2),(13,1),(14,0)
8	7	(0,(((1,2)3,4)5,(6,((7,8)9,10)11)12)13)14	(3,3),(5,2),(9,6),(11,5),(12,4),(13,1),(14,0)
8	7	(0,(((1,2)3,4)5,(6,((7,8)9,10)11)12)13)14	(3,5),(5,4),(9,6),(11,3),(12,2),(13,1),(14,0)
8	7	(0,(((1,2)3,4)5,(6,((7,8)9,10)11)12)13)14	(3,6),(5,4),(9,5),(11,3),(12,2),(13,1),(14,0)
8	7	(0,(((1,2)3,4)5,(6,((7,8)9,10)11)12)13)14	(3,5),(5,2),(9,6),(11,4),(12,3),(13,1),(14,0)
8	8	(0,((1,((2,3)4,5)6)7,((8,9)10,11)12)13)14	(4,5),(6,4),(7,2),(10,6),(12,3),(13,1),(14,0)
8	8	(0,((1,((2,3)4,5)6)7,((8,9)10,11)12)13)14	(4,6),(6,5),(7,4),(10,3),(12,2),(13,1),(14,0)
8	8	(0,((1,((2,3)4,5)6)7,((8,9)10,11)12)13)14	(4,6),(6,3),(7,2),(10,5),(12,4),(13,1),(14,0)
8	8	(0,((1,((2,3)4,5)6)7,((8,9)10,11)12)13)14	(4,5),(6,3),(7,2),(10,6),(12,4),(13,1),(14,0)
8	8	(0,((1,((2,3)4,5)6)7,((8,9)10,11)12)13)14	(4,6),(6,3),(7,2),(10,5),(12,4),(13,1),(14,0)
8	8	(0,((1,((2,3)4,5)6)7,((8,9)10,11)12)13)14	(4,4),(6,3),(7,2),(10,6),(12,5),(13,1),(14,0)
8	8	(0,((1,((2,3)4,5)6)7,((8,9)10,11)12)13)14	(4,6),(6,4),(7,2),(10,5),(12,3),(13,1),(14,0)
8	8	(0,((1,((2,3)4,5)6)7,((8,9)10,11)12)13)14	(4,5),(6,3),(7,2),(10,6),(12,4),(13,1),(14,0)
8	8	(0,((1,((2,3)4,5)6)7,((8,9)10,11)12)13)14	(4,6),(6,4),(7,2),(10,5),(12,3),(13,1),(14,0)
8	8	(0,((1,((2,3)4,5)6)7,((8,9)10,11)12)13)14	(4,4),(6,3),(7,2),(10,6),(12,5),(13,1),(14,0)
8	9	((((0,1)2,(3,(4,5)6)7)8,(9,10)11)12,13)14	(2,5),(6,4),(7,3),(8,2),(11,6),(12,1),(14,0)
8	9	((((0,1)2,(3,(4,5)6)7)8,(9,10)11)12,13)14	(2,4),(6,6),(7,5),(8,3),(11,2),(12,1),(14,0)
8	9	((((0,1)2,(3,(4,5)6)7)8,(9,10)11)12,13)14	(2,4),(6,6),(7,5),(8,2),(11,3),(12,1),(14,0)
8	9	((((0,1)2,(3,(4,5)6)7)8,(9,10)11)12,13)14	(2,4),(6,6),(7,3),(8,2),(11,5),(12,1),(14,0)
8	9	((((0,1)2,(3,(4,5)6)7)8,(9,10)11)12,13)14	(2,6),(6,5),(7,3),(8,2),(11,4),(12,1),(14,0)
8	9	((((0,1)2,(3,(4,5)6)7)8,(9,10)11)12,13)14	(2,3),(6,5),(7,4),(8,2),(11,6),(12,1),(14,0)
8	9	((((0,1)2,(3,(4,5)6)7)8,(9,10)11)12,13)14	(2,5),(6,4),(7,3),(8,2),(11,6),(12,1),(14,0)
8	9	((((0,1)2,(3,(4,5)6)7)8,(9,10)11)12,13)14	(2,4),(6,5),(7,3),(8,2),(11,6),(12,1),(14,0)
8	9	((((0,1)2,(3,(4,5)6)7)8,(9,10)11)12,13)14	(2,4),(6,6),(7,3),(8,2),(11,5),(12,1),(14,0)
8	9	((((0,1)2,(3,(4,5)6)7)8,(9,10)11)12,13)14	(2,6),(6,5),(7,4),(8,2),(11,3),(12,1),(14,0)
8	10	((0,1)2,(3,((4,5)6,((7,8)9,10)11)12)13)14	(2,4),(6,6),(9,5),(11,3),(12,2),(13,1),(14,0)
8	10	((0,1)2,(3,((4,5)6,((7,8)9,10)11)12)13)14	(2,6),(6,4),(9,5),(11,3),(12,2),(13,1),(14,0)
8	10	((0,1)2,(3,((4,5)6,((7,8)9,10)11)12)13)14	(2,3),(6,6),(9,5),(11,4),(12,2),(13,1),(14,0)
8	10	((0,1)2,(3,((4,5)6,((7,8)9,10)11)12)13)14	(2,3),(6,5),(9,6),(11,4),(12,2),(13,1),(14,0)
8	10	((0,1)2,(3,((4,5)6,((7,8)9,10)11)12)13)14	(2,1),(6,4),(9,6),(11,5),(12,3),(13,2),(14,0)
8	10	((0,1)2,(3,((4,5)6,((7,8)9,10)11)12)13)14	(2,2),(6,5),(9,6),(11,4),(12,3),(13,1),(14,0)
8	10	((0,1)2,(3,((4,5)6,((7,8)9,10)11)12)13)14	(2,5),(6,6),(9,4),(11,3),(12,2),(13,1),(14,0)
8	10	((0,1)2,(3,((4,5)6,((7,8)9,10)11)12)13)14	(2,6),(6,5),(9,4),(11,3),(12,2),(13,1),(14,0)
8	10	((0,1)2,(3,((4,5)6,((7,8)9,10)11)12)13)14	(2,5),(6,6),(9,4),(11,3),(12,2),(13,1),(14,0)
8	10	((0,1)2,(3,((4,5)6,((7,8)9,10)11)12)13)14	(2,5),(6,6),(9,4),(11,3),(12,2),(13,1),(14,0)
8	11	(((0,1)2,3)4,((5,((6,7)8,9)10)11,12)13)14	(2,6),(4,3),(8,5),(10,4),(11,2),(13,1),(14,0)
8	11	(((0,1)2,3)4,((5,((6,7)8,9)10)11,12)13)14	(2,3),(4,1),(8,6),(10,5),(11,4),(13,2),(14,0)
8	11	(((0,1)2,3)4,((5,((6,7)8,9)10)11,12)13)14	(2,3),(4,1),(8,6),(10,5),(11,4),(13,2),(14,0)
8	11	(((0,1)2,3)4,((5,((6,7)8,9)10)11,12)13)14	(2,5),(4,1),(8,6),(10,4),(11,3),(13,2),(14,0)
8	11	(((0,1)2,3)4,((5,((6,7)8,9)10)11,12)13)14	(2,2),(4,1),(8,6),(10,5),(11,4),(13,3),(14,0)
8	11	(((0,1)2,3)4,((5,((6,7)8,9)10)11,12)13)14	(2,3),(4,2),(8,6),(10,5),(11,4),(13,1),(14,0)
8	11	(((0,1)2,3)4,((5,((6,7)8,9)10)11,12)13)14	(2,6),(4,1),(8,5),(10,4),(11,3),(13,2),(14,0)
8	11	(((0,1)2,3)4,((5,((6,7)8,9)10)11,12)13)14	(2,6),(4,3),(8,5),(10,4),(11,2),(13,1),(14,0)
8	11	(((0,1)2,3)4,((5,((6,7)8,9)10)11,12)13)14	(2,3),(4,2),(8,6),(10,5),(11,4),(13,1),(14,0)
8	11	(((0,1)2,3)4,((5,((6,7)8,9)10)11,12)13)14	(2,4),(4,1),(8,6),(10,5),(11,3),(13,2),(14,0)
8	12	(((0,(1,2)3)4,5)6,(7,((8,9)10,11)12)13)14	(3,6),(4,4),(6,2),(10,5),(12,3),(13,1),(14,0)
8	12	(((0,(1,2)3)4,5)6,(7,((8,9)10,11)12)13)14	(3,4),(4,3),(6,2),(10,6),(12,5),(13,1),(14,0)
8	12	(((0,(1,2)3)4,5)6,(7,((8,9)10,11)12)13)14	(3,6),(4,3),(6,1),(10,5),(12,4),(13,2),(14,0)
8	12	(((0,(1,2)3)4,5)6,(7,((8,9)10,11)12)13)14	(3,4),(4,2),(6,1),(10,6),(12,5),(13,3),(14,0)
8	12	(((0,(1,2)3)4,5)6,(7,((8,9)10,11)12)13)14	(3,6),(4,3),(6,1),(10,5),(12,4),(13,2),(14,0)
8	12	(((0,(1,2)3)4,5)6,(7,((8,9)10,11)12)13)14	(3,6),(4,5),(6,4),(10,3),(12,2),(13,1),(14,0)
8	12	(((0,(1,2)3)4,5)6,(7,((8,9)10,11)12)13)14	(3,4),(4,3),(6,1),(10,6),(12,5),(13,2),(14,0)
8	12	(((0,(1,2)3)4,5)6,(7,((8,9)10,11)12)13)14	(3,5),(4,4),(6,2),(10,6),(12,3),(13,1),(14,0)
8	12	(((0,(1,2)3)4,5)6,(7,((8,9)10,11)12)13)14	(3,6),(4,3),(6,1),(10,5),(12,4),(13,2),(14,0)
8	12	(((0,(1,2)3)4,5)6,(7,((8,9)10,11)12)13)14	(3,4),(4,3),(6,1),(10,6),(12,5),(13,2),(14,0)
8	13	(0,(1,(2,((3,(4,(5,6)7)8)9,10)11)12)13)14	(7,6),(8,5),(9,4),(11,3),(12,2),(13,1),(14,0)
8	13	(0,(1,(2,((3,(4,(5,6)7)8)9,10)11)12)13)14	(7,6),(8,5),(9,4),(11,3),(12,2),(13,1),(14,0)
8	13	(0,(1,(2,((3,(4,(5,6)7)8)9,10)11)12)13)14	(7,6),(8,5),(9,4),(11,3),(12,2),(13,1),(14,0)
8	13	(0,(1,(2,((3,(4,(5,6)7)8)9,10)11)12)13)14	(7,6),(8,5),(9,4),(11,3),(12,2),(13,1),(14,0)
8	13	(0,(1,(2,((3,(4,(5,6)7)8)9,10)11)12)13)14	(7,6),(8,5),(9,4),(11,3),(12,2),(13,1),(14,0)
8	13	(0,(1,(2,((3,(4,(5,6)7)8)9,10)11)12)13)14	(7,6),(8,5),(9,4),(11,3),(12,2),(13,1),(14,0)
8	13	(0,(1,(2,((3,(4,(5,6)7)8)9,10)11)12)13)14	(7,6),(8,5),(9,4),(11,3),(12,2),(13,1),(14,0)
8	13	(0,(1,(2,((3,(4,(5,6)7)8)9,10)11)12)13)14	(7,6),(8,5),(9,4),(11,3),(12,2),(13,1),(14,0)
8	13	(0,(1,(2,((3,(4,(5,6)7)8)9,10)11)12)13)14	(7,6),(8,5),(9,4),(11,3),(12,2),(13,1),(14,0)
8	13	(0,(1,(2,((3,(4,(5,6)7)8)9,10)11)12)13)14	(7,6),(8,5),(9,4),(11,3),(12,2),(13,1),(14,0)
8	14	((((0,((1,2)3,4)5)6,7)8,9)10,(11,12)13)14	(3,5),(5,4),(6,3),(8,2),(10,1),(13,6),(14,0)
8	14	((((0,((1,2)3,4)5)6,7)8,9)10,(11,12)13)14	(3,6),(5,5),(6,4),(8,3),(10,2),(13,1),(14,0)
8	14	((((0,((1,2)3,4)5)6,7)8,9)10,(11,12)13)14	(3,6),(5,4),(6,3),(8,2),(10,1),(13,5),(14,0)
8	14	((((0,((1,2)3,4)5)6,7)8,9)10,(11,12)13)14	(3,5),(5,4),(6,3),(8,2),(10,1),(13,6),(14,0)
8	14	((((0,((1,2)3,4)5)6,7)8,9)10,(11,12)13)14	(3,6),(5,5),(6,3),(8,2),(10,1),(13,4),(14,0)
8	14	((((0,((1,2)3,4)5)6,7)8,9)10,(11,12)13)14	(3,6),(5,4),(6,3),(8,2),(10,1),(13,5),(14,0)
8	14	((((0,((1,2)3,4)5)6,7)8,9)10,(11,12)13)14	(3,6),(5,5),(6,4),(8,3),(10,2),(13,1),(14,0)
8	14	((((0,((1,2)3,4)5)6,7)8,9)10,(11,12)13)14	(3,6),(5,5),(6,4),(8,3),(10,2),(13,1),(14,0)
8	14	((((0,((1,2)3,4)5)6,7)8,9)10,(11,12)13)14	(3,6),(5,5),(6,4),(8,3),(10,2),(13,1),(14,0)
8	14	((((0,((1,2)3,4)5)6,7)8,9)10,(11,12)13)14	(3,6),(5,5),(6,4),(8,3),(10,2),(13,1),(14,0)
8	15	(((((0,1)2,3)4,5)6,(7,(8,9)10)11)12,13)14	(2,6),(4,5),(6,2),(10,4),(11,3),(12,1),(14,0)
8	15	(((((0,1)2,3)4,5)6,(7,(8,9)10)11)12,13)14	(2,4),(4,3),(6,2),(10,6),(11,5),(12,1),(14,0)
8	15	(((((0,1)2,3)4,5)6,(7,(8,9)10)11)12,13)14	(2,6),(4,4),(6,3),(10,5),(11,2),(12,1),(14,0)
8	15	(((((0,1)2,3)4,5)6,(7,(8,9)10)11)12,13)14	(2,6),(4,3),(6,2),(10,5),(11,4),(12,1),(14,0)
8	15	(((((0,1)2,3)4,5)6,(7,(8,9)10)11)12,13)14	(2,6),(4,5),(6,2),(10,4),(11,3),(12,1),(14,0)
8	15	(((((0,1)2,3)4,5)6,(7,(8,9)10)11)12,13)14	(2,6),(4,4),(6,3),(10,5),(11,2),(12,1),(14,0)
8	15	(((((0,1)2,3)4,5)6,(7,(8,9)10)11)12,13)14	(2,6),(4,4),(6,2),(10,5),(11,3),(12,1),(14,0)
8	15	(((((0,1)2,3)4,5)6,(7,(8,9)10)11)12,13)14	(2,5),(4,3),(6,2),(10,6),(11,4),(12,1),(14,0)
8	15	(((((0,1)2,3)4,5)6,(7,(8,9)10)11)12,13)14	(2,6),(4,4),(6,3),(10,5),(11,2),(12,1),(14,0)
8	15	(((((0,1)2,3)4,5)6,(7,(8,9)10)11)12,13)14	(2,6),(4,5),(6,2),(10,4),(11,3),(12,1),(14,0)
8	16	(0,(1,((((2,3)4,(5,6)7)8,9)10,11)12)13)14	(4,5),(7,6),(8,4),(10,3),(12,2),(13,1),(14,0)
8	16	(0,(1,((((2,3)4,(5,6)7)8,9)10,11)12)13)14	(4,6),(7,5),(8,4),(10,3),(12,2),(13,1),(14,0)
8	16	(0,(1,((((2,3)4,(5,6)7)8,9)10,11)12)13)14	(4,6),(7,5),(8,4),(10,3),(12,2),(13,1),(14,0)
8	16	(0,(1,((((2,3)4,(5,6)7)8,9)10,11)12)13)14	(4,6),(7,5),(8,4),(10,3),(12,2),(13,1),(14,0)
8	16	(0,(1,((((2,3)4,(5,6)7)8,9)10,11)12)13)14	(4,6),(7,5),(8,4),(10,3),(12,2),(13,1),(14,0)
8	16	(0,(1,((((2,3)4,(5,6)7)8,9)10,11)12)13)14	(4,6),(7,5),(8,4),(10,3),(12,2),(13,1),(14,0)
8	16	(0,(1,((((2,3)4,(5,6)7)8,9)10,11)12)13)14	(4,5),(7,6),(8,4),(10,3),(12,2),(13,1),(14,0)
8	16	(0,(1,((((2,3)4,(5,6)7)8,9)10,11)12)13)14	(4,5),(7,6),(8,4),(10,3),(12,2),(13,1),(14,0)
8	16	(0,(1,((((2,3)4,(5,6)7)8,9)10,11)12)13)14	(4,6),(7,5),(8,4),(10,3),(12,2),(13,1),(14,0)
8	16	(0,(1,((((2,3)4,(5,6)7)8,9)10,11)12)13)14	(4,5),(7,6),(8,4),(10,3),(12,2),(13,1),(14,0)
8	17	(0,((1,(2,3)4)5,((6,7)8,(9,10)11)12)13)14	(4,5),(5,2),(8,4),(11,6),(12,3),(13,1),(14,0)
8	17	(0,((1,(2,3)4)5,((6,7)8,(9,10)11)12)13)14	(4,5),(5,2),(8,4),(11,6),(12,3),(13,1),(14,0)
8	17	(0,((1,(2,3)4)5,((6,7)8,(9,10)11)12)13)14	(4,6),(5,3),(8,4),(11,5),(12,2),(13,1),(14,0)
8	17	(0,((1,(2,3)4)5,((6,7)8,(9,10)11)12)13)14	(4,5),(5,2),(8,4),(11,6),(12,3),(13,1),(14,0)
8	17	(0,((1,(2,3)4)5,((6,7)8,(9,10)11)12)13)14	(4,6),(5,2),(8,5),(11,4),(12,3),(13,1),(14,0)
8	17	(0,((1,(2,3)4)5,((6,7)8,(9,10)11)12)13)14	(4,5),(5,2),(8,4),(11,6),(12,3),(13,1),(14,0)
8	17	(0,((1,(2,3)4)5,((6,7)8,(9,10)11)12)13)14	(4,6),(5,5),(8,4),(11,3),(12,2),(13,1),(14,0)
8	17	(0,((1,(2,3)4)5,((6,7)8,(9,10)11)12)13)14	(4,6),(5,3),(8,4),(11,5),(12,2),(13,1),(14,0)
8	17	(0,((1,(2,3)4)5,((6,7)8,(9,10)11)12)13)14	(4,4),(5,2),(8,6),(11,5),(12,3),(13,1),(14,0)
8	17	(0,((1,(2,3)4)5,((6,7)8,(9,10)11)12)13)14	(4,5),(5,3),(8,4),(11,6),(12,2),(13,1),(14,0)
8	18	((0,((1,2)3,((4,5)6,7)8)9)10,(11,12)13)14	(3,4),(6,5),(8,3),(9,2),(10,1),(13,6),(14,0)
8	18	((0,((1,2)3,((4,5)6,7)8)9)10,(11,12)13)14	(3,4),(6,6),(8,5),(9,3),(10,2),(13,1),(14,0)
8	18	((0,((1,2)3,((4,5)6,7)8)9)10,(11,12)13)14	(3,6),(6,5),(8,4),(9,3),(10,1),(13,2),(14,0)
8	18	((0,((1,2)3,((4,5)6,7)8)9)10,(11,12)13)14	(3,5),(6,6),(8,3),(9,2),(10,1),(13,4),(14,0)
8	18	((0,((1,2)3,((4,5)6,7)8)9)10,(11,12)13)14	(3,4),(6,5),(8,3),(9,2),(10,1),(13,6),(14,0)
8	18	((0,((1,2)3,((4,5)6,7)8)9)10,(11,12)13)14	(3,5),(6,6),(8,4),(9,3),(10,1),(13,2),(14,0)
8	18	((0,((1,2)3,((4,5)6,7)8)9)10,(11,12)13)14	(3,5),(6,6),(8,3),(9,2),(10,1),(13,4),(14,0)
8	18	((0,((1,2)3,((4,5)6,7)8)9)10,(11,12)13)14	(3,4),(6,6),(8,5),(9,3),(10,1),(13,2),(14,0)
8	18	((0,((1,2)3,((4,5)6,7)8)9)10,(11,12)13)14	(3,5),(6,6),(8,4),(9,2),(10,1),(13,3),(14,0)
8	18	((0,((1,2)3,((4,5)6,7)8)9)10,(11,12)13)14	(3,4),(6,6),(8,5),(9,3),(10,1),(13,2),(14,0)
8	19	(((0,((1,(2,3)4)5,(6,7)8)9)10,11)12,13)14	(4,6),(5,5),(8,4),(9,3),(10,2),(12,1),(14,0)
8	19	(((0,((1,(2,3)4)5,(6,7)8)9)10,11)12,13)14	(4,6),(5,5),(8,4),(9,3),(10,2),(12,1),(14,0)
8	19	(((0,((1,(2,3)4)5,(6,7)8)9)10,11)12,13)14	(4,5),(5,4),(8,6),(9,3),(10,2),(12,1),(14,0)
8	19	(((0,((1,(2,3)4)5,(6,7)8)9)10,11)12,13)14	(4,6),(5,5),(8,4),(9,3),(10,2),(12,1),(14,0)
8	19	(((0,((1,(2,3)4)5,(6,7)8)9)10,11)12,13)14	(4,6),(5,5),(8,4),(9,3),(10,2),(12,1),(14,0)
8	19	(((0,((1,(2,3)4)5,(6,7)8)9)10,11)12,13)14	(4,6),(5,5),(8,4),(9,3),(10,2),(12,1),(14,0)
8	19	(((0,((1,(2,3)4)5,(6,7)8)9)10,11)12,13)14	(4,5),(5,4),(8,6),(9,3),(10,2),(12,1),(14,0)
8	19	(((0,((1,(2,3)4)5,(6,7)8)9)10,11)12,13)14	(4,5),(5,4),(8,6),(9,3),(10,2),(12,1),(14,0)
8	19	(((0,((1,(2,3)4)5,(6,7)8)9)10,11)12,13)14	(4,5),(5,4),(8,6),(9,3),(10,2),(12,1),(14,0)
8	19	(((0,((1,(2,3)4)5,(6,7)8)9)10,11)12,13)14	(4,6),(5,5),(8,4),(9,3),(10,2),(12,1),(14,0)
8	20	(0,(((1,2)3,4)5,(6,(7,(8,9)10)11)12)13)14	(3,4),(5,2),(10,6),(11,5),(12,3),(13,1),(14,0)
8	20	(0,(((1,2)3,4)5,(6,(7,(8,9)10)11)12)13)14	(3,6),(5,3),(10,5),(11,4),(12,2),(13,1),(14,0)
8	20	(0,(((1,2)3,4)5,(6,(7,(8,9)10)11)12)13)14	(3,4),(5,3),(10,6),(11,5),(12,2),(13,1),(14,0)
8	20	(0,(((1,2)3,4)5,(6,(7,(8,9)10)11)12)13)14	(3,6),(5,4),(10,5),(11,3),(12,2),(13,1),(14,0)
8	20	(0,(((1,2)3,4)5,(6,(7,(8,9)10)11)12)13)14	(3,6),(5,3),(10,5),(11,4),(12,2),(13,1),(14,0)
8	20	(0,(((1,2)3,4)5,(6,(7,(8,9)10)11)12)13)14	(3,6),(5,4),(10,5),(11,3),(12,2),(13,1),(14,0)
8	20	(0,(((1,2)3,4)5,(6,(7,(8,9)10)11)12)13)14	(3,5),(5,3),(10,6),(11,4),(12,2),(13,1),(14,0)
8	20	(0,(((1,2)3,4)5,(6,(7,(8,9)10)11)12)13)14	(3,5),(5,4),(10,6),(11,3),(12,2),(13,1),(14,0)
8	20	(0,(((1,2)3,4)5,(6,(7,(8,9)10)11)12)13)14	(3,4),(5,2),(10,6),(11,5),(12,3),(13,1),(14,0)
8	20	(0,(((1,2)3,4)5,(6,(7,(8,9)10)11)12)13)14	(3,6),(5,3),(10,5),(11,4),(12,2),(13,1),(14,0)
8	21	((0,1)2,(3,((((4,5)6,7)8,9)10,11)12)13)14	(2,2),(6,6),(8,5),(10,4),(12,3),(13,1),(14,0)
8	21	((0,1)2,(3,((((4,5)6,7)8,9)10,11)12)13)14	(2,1),(6,6),(8,5),(10,4),(12,3),(13,2),(14,0)
8	21	((0,1)2,(3,((((4,5)6,7)8,9)10,11)12)13)14	(2,1),(6,6),(8,5),(10,4),(12,3),(13,2),(14,0)
8	21	((0,1)2,(3,((((4,5)6,7)8,9)10,11)12)13)14	(2,4),(6,6),(8,5),(10,3),(12,2),(13,1),(14,0)
8	21	((0,1)2,(3,((((4,5)6,7)8,9)10,11)12)13)14	(2,6),(6,5),(8,4),(10,3),(12,2),(13,1),(14,0)
8	21	((0,1)2,(3,((((4,5)6,7)8,9)10,11)12)13)14	(2,1),(6,6),(8,5),(10,4),(12,3),(13,2),(14,0)
8	21	((0,1)2,(3,((((4,5)6,7)8,9)10,11)12)13)14	(2,3),(6,6),(8,5),(10,4),(12,2),(13,1),(14,0)
8	21	((0,1)2,(3,((((4,5)6,7)8,9)10,11)12)13)14	(2,6),(6,5),(8,4),(10,3),(12,2),(13,1),(14,0)
8	21	((0,1)2,(3,((((4,5)6,7)8,9)10,11)12)13)14	(2,6),(6,5),(8,4),(10,3),(12,2),(13,1),(14,0)
8	21	((0,1)2,(3,((((4,5)6,7)8,9)10,11)12)13)14	(2,6),(6,5),(8,4),(10,3),(12,2),(13,1),(14,0)
8	22	((((0,(1,2)3)4,5)6,7)8,((9,10)11,12)13)14	(3,5),(4,4),(6,3),(8,1),(11,6),(13,2),(14,0)
8	22	((((0,(1,2)3)4,5)6,7)8,((9,10)11,12)13)14	(3,6),(4,3),(6,2),(8,1),(11,5),(13,4),(14,0)
8	22	((((0,(1,2)3)4,5)6,7)8,((9,10)11,12)13)14	(3,6),(4,4),(6,3),(8,2),(11,5),(13,1),(14,0)
8	22	((((0,(1,2)3)4,5)6,7)8,((9,10)11,12)13)14	(3,6),(4,4),(6,3),(8,1),(11,5),(13,2),(14,0)
8	22	((((0,(1,2)3)4,5)6,7)8,((9,10)11,12)13)14	(3,5),(4,4),(6,2),(8,1),(11,6),(13,3),(14,0)
8	22	((((0,(1,2)3)4,5)6,7)8,((9,10)11,12)13)14	(3,6),(4,3),(6,2),(8,1),(11,5),(13,4),(14,0)
8	22	((((0,(1,2)3)4,5)6,7)8,((9,10)11,12)13)14	(3,5),(4,4),(6,2),(8,1),(11,6),(13,3),(14,0)
8	22	((((0,(1,2)3)4,5)6,7)8,((9,10)11,12)13)14	(3,5),(4,3),(6,2),(8,1),(11,6),(13,4),(14,0)
8	22	((((0,(1,2)3)4,5)6,7)8,((9,10)11,12)13)14	(3,6),(4,5),(6,4),(8,3),(11,2),(13,1),(14,0)
8	22	((((0,(1,2)3)4,5)6,7)8,((9,10)11,12)13)14	(3,6),(4,5),(6,4),(8,1),(11,3),(13,2),(14,0)
8	23	(0,(((1,2)3,4)5,(6,(7,(8,9)10)11)12)13)14	(3,5),(5,3),(10,6),(11,4),(12,2),(13,1),(14,0)
8	23	(0,(((1,2)3,4)5,(6,(7,(8,9)10)11)12)13)14	(3,3),(5,2),(10,6),(11,5),(12,4),(13,1),(14,0)
8	23	(0,(((1,2)3,4)5,(6,(7,(8,9)10)11)12)13)14	(3,6),(5,4),(10,5),(11,3),(12,2),(13,1),(14,0)
8	23	(0,(((1,2)3,4)5,(6,(7,(8,9)10)11)12)13)14	(3,3),(5,2),(10,6),(11,5),(12,4),(13,1),(14,0)
8	23	(0,(((1,2)3,4)5,(6,(7,(8,9)10)11)12)13)14	(3,6),(5,5),(10,4),(11,3),(12,2),(13,1),(14,0)
8	23	(0,(((1,2)3,4)5,(6,(7,(8,9)10)11)12)13)14	(3,5),(5,3),(10,6),(11,4),(12,2),(13,1),(14,0)
8	23	(0,(((1,2)3,4)5,(6,(7,(8,9)10)11)12)13)14	(3,4),(5,3),(10,6),(11,5),(12,2),(13,1),(14,0)
8	23	(0,(((1,2)3,4)5,(6,(7,(8,9)10)11)12)13)14	(3,4),(5,2),(10,6),(11,5),(12,3),(13,1),(14,0)
8	23	(0,(((1,2)3,4)5,(6,(7,(8,9)10)11)12)13)14	(3,5),(5,3),(10,6),(11,4),(12,2),(13,1),(14,0)
8	23	(0,(((1,2)3,4)5,(6,(7,(8,9)10)11)12)13)14	(3,6),(5,5),(10,4),(11,3),(12,2),(13,1),(14,0)
8	24	(((0,1)2,3)4,((5,6)7,(8,(9,10)11)12)13)14	(2,6),(4,3),(7,5),(11,4),(12,2),(13,1),(14,0)
8	24	(((0,1)2,3)4,((5,6)7,(8,(9,10)11)12)13)14	(2,4),(4,3),(7,2),(11,6),(12,5),(13,1),(14,0)
8	24	(((0,1)2,3)4,((5,6)7,(8,(9,10)11)12)13)14	(2,5),(4,3),(7,6),(11,4),(12,2),(13,1),(14,0)
8	24	(((0,1)2,3)4,((5,6)7,(8,(9,10)11)12)13)14	(2,6),(4,4),(7,5),(11,3),(12,2),(13,1),(14,0)
8	24	(((0,1)2,3)4,((5,6)7,(8,(9,10)11)12)13)14	(2,6),(4,2),(7,4),(11,5),(12,3),(13,1),(14,0)
8	24	(((0,1)2,3)4,((5,6)7,(8,(9,10)11)12)13)14	(2,6),(4,5),(7,4),(11,3),(12,2),(13,1),(14,0)
8	24	(((0,1)2,3)4,((5,6)7,(8,(9,10)11)12)13)14	(2,6),(4,4),(7,2),(11,5),(12,3),(13,1),(14,0)
8	24	(((0,1)2,3)4,((5,6)7,(8,(9,10)11)12)13)14	(2,3),(4,1),(7,4),(11,6),(12,5),(13,2),(14,0)
8	24	(((0,1)2,3)4,((5,6)7,(8,(9,10)11)12)13)14	(2,4),(4,2),(7,5),(11,6),(12,3),(13,1),(14,0)
8	24	(((0,1)2,3)4,((5,6)7,(8,(9,10)11)12)13)14	(2,3),(4,2),(7,6),(11,5),(12,4),(13,1),(14,0)
8	25	(((0,((1,((2,3)4,5)6)7,8)9)10,11)12,13)14	(4,6),(6,5),(7,4),(9,3),(10,2),(12,1),(14,0)
8	25	(((0,((1,((2,3)4,5)6)7,8)9)10,11)12,13)14	(4,6),(6,5),(7,4),(9,3),(10,2),(12,1),(14,0)
8	25	(((0,((1,((2,3)4,5)6)7,8)9)10,11)12,13)14	(4,6),(6,5),(7,4),(9,3),(10,2),(12,1),(14,0)
8	25	(((0,((1,((2,3)4,5)6)7,8)9)10,11)12,13)14	(4,6),(6,5),(7,4),(9,3),(10,2),(12,1),(14,0)
8	25	(((0,((1,((2,3)4,5)6)7,8)9)10,11)12,13)14	(4,6),(6,5),(7,4),(9,3),(10,2),(12,1),(14,0)
8	25	(((0,((1,((2,3)4,5)6)7,8)9)10,11)12,13)14	(4,6),(6,5),(7,4),(9,3),(10,2),(12,1),(14,0)
8	25	(((0,((1,((2,3)4,5)6)7,8)9)10,11)12,13)14	(4,6),(6,5),(7,4),(9,3),(10,2),(12,1),(14,0)
8	25	(((0,((1,((2,3)4,5)6)7,8)9)10,11)12,13)14	(4,6),(6,5),(7,4),(9,3),(10,2),(12,1),(14,0)
8	25	(((0,((1,((2,3)4,5)6)7,8)9)10,11)12,13)14	(4,6),(6,5),(7,4),(9,3),(10,2),(12,1),(14,0)
8	25	(((0,((1,((2,3)4,5)6)7,8)9)10,11)12,13)14	(4,6),(6,5),(7,4),(9,3),(10,2),(12,1),(14,0)
8	26	(((0,(1,2)3)4,5)6,((7,8)9,(10,11)12)13)14	(3,4),(4,3),(6,2),(9,6),(12,5),(13,1),(14,0)
8	26	(((0,(1,2)3)4,5)6,((7,8)9,(10,11)12)13)14	(3,6),(4,4),(6,2),(9,5),(12,3),(13,1),(14,0)
8	26	(((0,(1,2)3)4,5)6,((7,8)9,(10,11)12)13)14	(3,5),(4,4),(6,1),(9,6),(12,3),(13,2),(14,0)
8	26	(((0,(1,2)3)4,5)6,((7,8)9,(10,11)12)13)14	(3,5),(4,4),(6,1),(9,6),(12,3),(13,2),(14,0)
8	26	(((0,(1,2)3)4,5)6,((7,8)9,(10,11)12)13)14	(3,6),(4,4),(6,1),(9,5),(12,3),(13,2),(14,0)
8	26	(((0,(1,2)3)4,5)6,((7,8)9,(10,11)12)13)14	(3,4),(4,3),(6,2),(9,5),(12,6),(13,1),(14,0)
8	26	(((0,(1,2)3)4,5)6,((7,8)9,(10,11)12)13)14	(3,5),(4,4),(6,2),(9,3),(12,6),(13,1),(14,0)
8	26	(((0,(1,2)3)4,5)6,((7,8)9,(10,11)12)13)14	(3,5),(4,4),(6,3),(9,6),(12,2),(13,1),(14,0)
8	26	(((0,(1,2)3)4,5)6,((7,8)9,(10,11)12)13)14	(3,5),(4,4),(6,2),(9,3),(12,6),(13,1),(14,0)
8	26	(((0,(1,2)3)4,5)6,((7,8)9,(10,11)12)13)14	(3,4),(4,3),(6,1),(9,6),(12,5),(13,2),(14,0)
8	27	((((0,1)2,3)4,(5,((6,7)8,9)10)11)12,13)14	(2,5),(4,2),(8,6),(10,4),(11,3),(12,1),(14,0)
8	27	((((0,1)2,3)4,(5,((6,7)8,9)10)11)12,13)14	(2,4),(4,3),(8,6),(10,5),(11,2),(12,1),(14,0)
8	27	((((0,1)2,3)4,(5,((6,7)8,9)10)11)12,13)14	(2,6),(4,3),(8,5),(10,4),(11,2),(12,1),(14,0)
8	27	((((0,1)2,3)4,(5,((6,7)8,9)10)11)12,13)14	(2,6),(4,4),(8,5),(10,3),(11,2),(12,1),(14,0)
8	27	((((0,1)2,3)4,(5,((6,7)8,9)10)11)12,13)14	(2,5),(4,2),(8,6),(10,4),(11,3),(12,1),(14,0)
8	27	((((0,1)2,3)4,(5,((6,7)8,9)10)11)12,13)14	(2,4),(4,2),(8,6),(10,5),(11,3),(12,1),(14,0)
8	27	((((0,1)2,3)4,(5,((6,7)8,9)10)11)12,13)14	(2,4),(4,3),(8,6),(10,5),(11,2),(12,1),(14,0)
8	27	((((0,1)2,3)4,(5,((6,7)8,9)10)11)12,13)14	(2,6),(4,2),(8,5),(10,4),(11,3),(12,1),(14,0)
8	27	((((0,1)2,3)4,(5,((6,7)8,9)10)11)12,13)14	(2,4),(4,3),(8,6),(10,5),(11,2),(12,1),(14,0)
8	27	((((0,1)2,3)4,(5,((6,7)8,9)10)11)12,13)14	(2,5),(4,2),(8,6),(10,4),(11,3),(12,1),(14,0)
8	28	(((0,1)2,3)4,(((5,6)7,(8,9)10)11,12)13)14	(2,5),(4,1),(7,6),(10,4),(11,3),(13,2),(14,0)
8	28	(((0,1)2,3)4,(((5,6)7,(8,9)10)11,12)13)14	(2,5),(4,2),(7,6),(10,4),(11,3),(13,1),(14,0)
8	28	(((0,1)2,3)4,(((5,6)7,(8,9)10)11,12)13)14	(2,5),(4,1),(7,4),(10,6),(11,3),(13,2),(14,0)
8	28	(((0,1)2,3)4,(((5,6)7,(8,9)10)11,12)13)14	(2,2),(4,1),(7,6),(10,5),(11,4),(13,3),(14,0)
8	28	(((0,1)2,3)4,(((5,6)7,(8,9)10)11,12)13)14	(2,4),(4,1),(7,5),(10,6),(11,3),(13,2),(14,0)
8	28	(((0,1)2,3)4,(((5,6)7,(8,9)10)11,12)13)14	(2,5),(4,4),(7,3),(10,6),(11,2),(13,1),(14,0)
8	28	(((0,1)2,3)4,(((5,6)7,(8,9)10)11,12)13)14	(2,5),(4,3),(7,4),(10,6),(11,2),(13,1),(14,0)
8	28	(((0,1)2,3)4,(((5,6)7,(8,9)10)11,12)13)14	(2,5),(4,4),(7,6),(10,3),(11,2),(13,1),(14,0)
8	28	(((0,1)2,3)4,(((5,6)7,(8,9)10)11,12)13)14	(2,6),(4,2),(7,4),(10,5),(11,3),(13,1),(14,0)
8	28	(((0,1)2,3)4,(((5,6)7,(8,9)10)11,12)13)14	(2,3),(4,2),(7,5),(10,6),(11,4),(13,1),(14,0)
8	29	(0,((1,((2,((3,4)5,6)7)8,9)10)11,12)13)14	(5,6),(7,5),(8,4),(10,3),(11,2),(13,1),(14,0)
8	29	(0,((1,((2,((3,4)5,6)7)8,9)10)11,12)13)14	(5,6),(7,5),(8,4),(10,3),(11,2),(13,1),(14,0)
8	29	(0,((1,((2,((3,4)5,6)7)8,9)10)11,12)13)14	(5,6),(7,5),(8,4),(10,3),(11,2),(13,1),(14,0)
8	29	(0,((1,((2,((3,4)5,6)7)8,9)10)11,12)13)14	(5,6),(7,5),(8,4),(10,3),(11,2),(13,1),(14,0)
8	29	(0,((1,((2,((3,4)5,6)7)8,9)10)11,12)13)14	(5,6),(7,5),(8,4),(10,3),(11,2),(13,1),(14,0)
8	29	(0,((1,((2,((3,4)5,6)7)8,9)10)11,12)13)14	(5,6),(7,5),(8,4),(10,3),(11,2),(13,1),(14,0)
8	29	(0,((1,((2,((3,4)5,6)7)8,9)10)11,12)13)14	(5,6),(7,5),(8,4),(10,3),(11,2),(13,1),(14,0)
8	29	(0,((1,((2,((3,4)5,6)7)8,9)10)11,12)13)14	(5,6),(7,5),(8,4),(10,3),(11,2),(13,1),(14,0)
8	29	(0,((1,((2,((3,4)5,6)7)8,9)10)11,12)13)14	(5,6),(7,5),(8,4),(10,3),(11,2),(13,1),(14,0)
8	29	(0,((1,((2,((3,4)5,6)7)8,9)10)11,12)13)14	(5,6),(7,5),(8,4),(10,3),(11,2),(13,1),(14,0)
8	30	(0,(1,(2,(3,((4,5)6,(7,8)9)10)11)12)13)14	(6,6),(9,5),(10,4),(11,3),(12,2),(13,1),(14,0)
8	30	(0,(1,(2,(3,((4,5)6,(7,8)9)10)11)12)13)14	(6,5),(9,6),(10,4),(11,3),(12,2),(13,1),(14,0)
8	30	(0,(1,(2,(3,((4,5)6,(7,8)9)10)11)12)13)14	(6,6),(9,5),(10,4),(11,3),(12,2),(13,1),(14,0)
8	30	(0,(1,(2,(3,((4,5)6,(7,8)9)10)11)12)13)14	(6,6),(9,5),(10,4),(11,3),(12,2),(13,1),(14,0)
8	30	(0,(1,(2,(3,((4,5)6,(7,8)9)10)11)12)13)14	(6,6),(9,5),(10,4),(11,3),(12,2),(13,1),(14,0)
8	30	(0,(1,(2,(3,((4,5)6,(7,8)9)10)11)12)13)14	(6,5),(9,6),(10,4),(11,3),(12,2),(13,1),(14,0)
8	30	(0,(1,(2,(3,((4,5)6,(7,8)9)10)11)12)13)14	(6,6),(9,5),(10,4),(11,3),(12,2),(13,1),(14,0)
8	30	(0,(1,(2,(3,((4,5)6,(7,8)9)10)11)12)13)14	(6,5),(9,6),(10,4),(11,3),(12,2),(13,1),(14,0)
8	30	(0,(1,(2,(3,((4,5)6,(7,8)9)10)11)12)13)14	(6,6),(9,5),(10,4),(11,3),(12,2),(13,1),(14,0)
8	30	(0,(1,(2,(3,((4,5)6,(7,8)9)10)11)12)13)14	(6,6),(9,5),(10,4),(11,3),(12,2),(13,1),(14,0)
8	31	((0,((1,2)3,((4,5)6,(7,8)9)10)11)12,13)14	(3,5),(6,6),(9,4),(10,3),(11,2),(12,1),(14,0)
8	31	((0,((1,2)3,((4,5)6,(7,8)9)10)11)12,13)14	(3,6),(6,4),(9,5),(10,3),(11,2),(12,1),(14,0)
8	31	((0,((1,2)3,((4,5)6,(7,8)9)10)11)12,13)14	(3,6),(6,5),(9,4),(10,3),(11,2),(12,1),(14,0)
8	31	((0,((1,2)3,((4,5)6,(7,8)9)10)11)12,13)14	(3,3),(6,6),(9,5),(10,4),(11,2),(12,1),(14,0)
8	31	((0,((1,2)3,((4,5)6,(7,8)9)10)11)12,13)14	(3,4),(6,6),(9,5),(10,3),(11,2),(12,1),(14,0)
8	31	((0,((1,2)3,((4,5)6,(7,8)9)10)11)12,13)14	(3,4),(6,6),(9,5),(10,3),(11,2),(12,1),(14,0)
8	31	((0,((1,2)3,((4,5)6,(7,8)9)10)11)12,13)14	(3,6),(6,4),(9,5),(10,3),(11,2),(12,1),(14,0)
8	31	((0,((1,2)3,((4,5)6,(7,8)9)10)11)12,13)14	(3,4),(6,6),(9,5),(10,3),(11,2),(12,1),(14,0)
8	31	((0,((1,2)3,((4,5)6,(7,8)9)10)11)12,13)14	(3,3),(6,5),(9,6),(10,4),(11,2),(12,1),(14,0)
8	31	((0,((1,2)3,((4,5)6,(7,8)9)10)11)12,13)14	(3,6),(6,5),(9,4),(10,3),(11,2),(12,1),(14,0)
8	32	(0,((1,2)3,(4,((5,6)7,(8,9)10)11)12)13)14	(3,2),(7,5),(10,6),(11,4),(12,3),(13,1),(14,0)
8	32	(0,((1,2)3,(4,((5,6)7,(8,9)10)11)12)13)14	(3,5),(7,4),(10,6),(11,3),(12,2),(13,1),(14,0)
8	32	(0,((1,2)3,(4,((5,6)7,(8,9)10)11)12)13)14	(3,4),(7,5),(10,6),(11,3),(12,2),(13,1),(14,0)
8	32	(0,((1,2)3,(4,((5,6)7,(8,9)10)11)12)13)14	(3,4),(7,5),(10,6),(11,3),(12,2),(13,1),(14,0)
8	32	(0,((1,2)3,(4,((5,6)7,(8,9)10)11)12)13)14	(3,4),(7,6),(10,5),(11,3),(12,2),(13,1),(14,0)
8	32	(0,((1,2)3,(4,((5,6)7,(8,9)10)11)12)13)14	(3,3),(7,6),(10,5),(11,4),(12,2),(13,1),(14,0)
8	32	(0,((1,2)3,(4,((5,6)7,(8,9)10)11)12)13)14	(3,6),(7,5),(10,4),(11,3),(12,2),(13,1),(14,0)
8	32	(0,((1,2)3,(4,((5,6)7,(8,9)10)11)12)13)14	(3,5),(7,4),(10,6),(11,3),(12,2),(13,1),(14,0)
8	32	(0,((1,2)3,(4,((5,6)7,(8,9)10)11)12)13)14	(3,5),(7,6),(10,4),(11,3),(12,2),(13,1),(14,0)
8	32	(0,((1,2)3,(4,((5,6)7,(8,9)10)11)12)13)14	(3,3),(7,6),(10,5),(11,4),(12,2),(13,1),(14,0)
8	33	(((((0,(1,2)3)4,5)6,(7,8)9)10,11)12,13)14	(3,6),(4,5),(6,3),(9,4),(10,2),(12,1),(14,0)
8	33	(((((0,(1,2)3)4,5)6,(7,8)9)10,11)12,13)14	(3,6),(4,4),(6,3),(9,5),(10,2),(12,1),(14,0)
8	33	(((((0,(1,2)3)4,5)6,(7,8)9)10,11)12,13)14	(3,5),(4,4),(6,3),(9,6),(10,2),(12,1),(14,0)
8	33	(((((0,(1,2)3)4,5)6,(7,8)9)10,11)12,13)14	(3,6),(4,5),(6,4),(9,3),(10,2),(12,1),(14,0)
8	33	(((((0,(1,2)3)4,5)6,(7,8)9)10,11)12,13)14	(3,6),(4,4),(6,3),(9,5),(10,2),(12,1),(14,0)
8	33	(((((0,(1,2)3)4,5)6,(7,8)9)10,11)12,13)14	(3,6),(4,5),(6,4),(9,3),(10,2),(12,1),(14,0)
8	33	(((((0,(1,2)3)4,5)6,(7,8)9)10,11)12,13)14	(3,6),(4,5),(6,3),(9,4),(10,2),(12,1),(14,0)
8	33	(((((0,(1,2)3)4,5)6,(7,8)9)10,11)12,13)14	(3,6),(4,4),(6,3),(9,5),(10,2),(12,1),(14,0)
8	33	(((((0,(1,2)3)4,5)6,(7,8)9)10,11)12,13)14	(3,6),(4,5),(6,3),(9,4),(10,2),(12,1),(14,0)
8	33	(((((0,(1,2)3)4,5)6,(7,8)9)10,11)12,13)14	(3,5),(4,4),(6,3),(9,6),(10,2),(12,1),(14,0)
8	34	(((0,1)2,((3,(4,(5,6)7)8)9,10)11)12,13)14	(2,4),(7,6),(8,5),(9,3),(11,2),(12,1),(14,0)
8	34	(((0,1)2,((3,(4,(5,6)7)8)9,10)11)12,13)14	(2,5),(7,6),(8,4),(9,3),(11,2),(12,1),(14,0)
8	34	(((0,1)2,((3,(4,(5,6)7)8)9,10)11)12,13)14	(2,5),(7,6),(8,4),(9,3),(11,2),(12,1),(14,0)
8	34	(((0,1)2,((3,(4,(5,6)7)8)9,10)11)12,13)14	(2,3),(7,6),(8,5),(9,4),(11,2),(12,1),(14,0)
8	34	(((0,1)2,((3,(4,(5,6)7)8)9,10)11)12,13)14	(2,4),(7,6),(8,5),(9,3),(11,2),(12,1),(14,0)
8	34	(((0,1)2,((3,(4,(5,6)7)8)9,10)11)12,13)14	(2,2),(7,6),(8,5),(9,4),(11,3),(12,1),(14,0)
8	34	(((0,1)2,((3,(4,(5,6)7)8)9,10)11)12,13)14	(2,3),(7,6),(8,5),(9,4),(11,2),(12,1),(14,0)
8	34	(((0,1)2,((3,(4,(5,6)7)8)9,10)11)12,13)14	(2,6),(7,5),(8,4),(9,3),(11,2),(12,1),(14,0)
8	34	(((0,1)2,((3,(4,(5,6)7)8)9,10)11)12,13)14	(2,2),(7,6),(8,5),(9,4),(11,3),(12,1),(14,0)
8	34	(((0,1)2,((3,(4,(5,6)7)8)9,10)11)12,13)14	(2,3),(7,6),(8,5),(9,4),(11,2),(12,1),(14,0)
8	35	(((0,1)2,(((3,(4,5)6)7,8)9,10)11)12,13)14	(2,3),(6,6),(7,5),(9,4),(11,2),(12,1),(14,0)
8	35	(((0,1)2,(((3,(4,5)6)7,8)9,10)11)12,13)14	(2,3),(6,6),(7,5),(9,4),(11,2),(12,1),(14,0)
8	35	(((0,1)2,(((3,(4,5)6)7,8)9,10)11)12,13)14	(2,6),(6,5),(7,4),(9,3),(11,2),(12,1),(14,0)
8	35	(((0,1)2,(((3,(4,5)6)7,8)9,10)11)12,13)14	(2,5),(6,6),(7,4),(9,3),(11,2),(12,1),(14,0)
8	35	(((0,1)2,(((3,(4,5)6)7,8)9,10)11)12,13)14	(2,6),(6,5),(7,4),(9,3),(11,2),(12,1),(14,0)
8	35	(((0,1)2,(((3,(4,5)6)7,8)9,10)11)12,13)14	(2,6),(6,5),(7,4),(9,3),(11,2),(12,1),(14,0)
8	35	(((0,1)2,(((3,(4,5)6)7,8)9,10)11)12,13)14	(2,5),(6,6),(7,4),(9,3),(11,2),(12,1),(14,0)
8	35	(((0,1)2,(((3,(4,5)6)7,8)9,10)11)12,13)14	(2,4),(6,6),(7,5),(9,3),(11,2),(12,1),(14,0)
8	35	(((0,1)2,(((3,(4,5)6)7,8)9,10)11)12,13)14	(2,6),(6,5),(7,4),(9,3),(11,2),(12,1),(14,0)
8	35	(((0,1)2,(((3,(4,5)6)7,8)9,10)11)12,13)14	(2,6),(6,5),(7,4),(9,3),(11,2),(12,1),(14,0)
8	36	(((((0,1)2,3)4,5)6,7)8,((9,10)11,12)13)14	(2,6),(4,5),(6,3),(8,2),(11,4),(13,1),(14,0)
8	36	(((((0,1)2,3)4,5)6,7)8,((9,10)11,12)13)14	(2,4),(4,3),(6,2),(8,1),(11,6),(13,5),(14,0)
8	36	(((((0,1)2,3)4,5)6,7)8,((9,10)11,12)13)14	(2,6),(4,5),(6,2),(8,1),(11,4),(13,3),(14,0)
8	36	(((((0,1)2,3)4,5)6,7)8,((9,10)11,12)13)14	(2,6),(4,5),(6,2),(8,1),(11,4),(13,3),(14,0)
8	36	(((((0,1)2,3)4,5)6,7)8,((9,10)11,12)13)14	(2,4),(4,3),(6,2),(8,1),(11,6),(13,5),(14,0)
8	36	(((((0,1)2,3)4,5)6,7)8,((9,10)11,12)13)14	(2,5),(4,4),(6,2),(8,1),(11,6),(13,3),(14,0)
8	36	(((((0,1)2,3)4,5)6,7)8,((9,10)11,12)13)14	(2,6),(4,5),(6,4),(8,1),(11,3),(13,2),(14,0)
8	36	(((((0,1)2,3)4,5)6,7)8,((9,10)11,12)13)14	(2,6),(4,5),(6,4),(8,1),(11,3),(13,2),(14,0)
8	36	(((((0,1)2,3)4,5)6,7)8,((9,10)11,12)13)14	(2,6),(4,4),(6,2),(8,1),(11,5),(13,3),(14,0)
8	36	(((((0,1)2,3)4,5)6,7)8,((9,10)11,12)13)14	(2,6),(4,3),(6,2),(8,1),(11,5),(13,4),(14,0)
8	37	(0,((1,((2,3)4,(5,6)7)8)9,(10,11)12)13)14	(4,5),(7,6),(8,4),(9,3),(12,2),(13,1),(14,0)
8	37	(0,((1,((2,3)4,(5,6)7)8)9,(10,11)12)13)14	(4,5),(7,6),(8,4),(9,2),(12,3),(13,1),(14,0)
8	37	(0,((1,((2,3)4,(5,6)7)8)9,(10,11)12)13)14	(4,6),(7,4),(8,3),(9,2),(12,5),(13,1),(14,0)
8	37	(0,((1,((2,3)4,(5,6)7)8)9,(10,11)12)13)14	(4,5),(7,4),(8,3),(9,2),(12,6),(13,1),(14,0)
8	37	(0,((1,((2,3)4,(5,6)7)8)9,(10,11)12)13)14	(4,5),(7,4),(8,3),(9,2),(12,6),(13,1),(14,0)
8	37	(0,((1,((2,3)4,(5,6)7)8)9,(10,11)12)13)14	(4,4),(7,5),(8,3),(9,2),(12,6),(13,1),(14,0)
8	37	(0,((1,((2,3)4,(5,6)7)8)9,(10,11)12)13)14	(4,5),(7,4),(8,3),(9,2),(12,6),(13,1),(14,0)
8	37	(0,((1,((2,3)4,(5,6)7)8)9,(10,11)12)13)14	(4,6),(7,5),(8,3),(9,2),(12,4),(13,1),(14,0)
8	37	(0,((1,((2,3)4,(5,6)7)8)9,(10,11)12)13)14	(4,5),(7,4),(8,3),(9,2),(12,6),(13,1),(14,0)
8	37	(0,((1,((2,3)4,(5,6)7)8)9,(10,11)12)13)14	(4,5),(7,6),(8,4),(9,3),(12,2),(13,1),(14,0)
8	38	((0,1)2,((((3,(4,5)6)7,8)9,10)11,12)13)14	(2,4),(6,6),(7,5),(9,3),(11,2),(13,1),(14,0)
8	38	((0,1)2,((((3,(4,5)6)7,8)9,10)11,12)13)14	(2,3),(6,6),(7,5),(9,4),(11,2),(13,1),(14,0)
8	38	((0,1)2,((((3,(4,5)6)7,8)9,10)11,12)13)14	(2,1),(6,6),(7,5),(9,4),(11,3),(13,2),(14,0)
8	38	((0,1)2,((((3,(4,5)6)7,8)9,10)11,12)13)14	(2,1),(6,6),(7,5),(9,4),(11,3),(13,2),(14,0)
8	38	((0,1)2,((((3,(4,5)6)7,8)9,10)11,12)13)14	(2,3),(6,6),(7,5),(9,4),(11,2),(13,1),(14,0)
8	38	((0,1)2,((((3,(4,5)6)7,8)9,10)11,12)13)14	(2,5),(6,6),(7,4),(9,3),(11,2),(13,1),(14,0)
8	38	((0,1)2,((((3,(4,5)6)7,8)9,10)11,12)13)14	(2,5),(6,6),(7,4),(9,3),(11,2),(13,1),(14,0)
8	38	((0,1)2,((((3,(4,5)6)7,8)9,10)11,12)13)14	(2,5),(6,6),(7,4),(9,3),(11,2),(13,1),(14,0)
8	38	((0,1)2,((((3,(4,5)6)7,8)9,10)11,12)13)14	(2,5),(6,6),(7,4),(9,3),(11,2),(13,1),(14,0)
8	38	((0,1)2,((((3,(4,5)6)7,8)9,10)11,12)13)14	(2,6),(6,5),(7,4),(9,3),(11,2),(13,1),(14,0)
8	39	((0,1)2,((3,(4,5)6)7,(8,(9,10)11)12)13)14	(2,5),(6,6),(7,3),(11,4),(12,2),(13,1),(14,0)
8	39	((0,1)2,((3,(4,5)6)7,(8,(9,10)11)12)13)14	(2,5),(6,4),(7,2),(11,6),(12,3),(13,1),(14,0)
8	39	((0,1)2,((3,(4,5)6)7,(8,(9,10)11)12)13)14	(2,4),(6,3),(7,2),(11,6),(12,5),(13,1),(14,0)
8	39	((0,1)2,((3,(4,5)6)7,(8,(9,10)11)12)13)14	(2,5),(6,6),(7,4),(11,3),(12,2),(13,1),(14,0)
8	39	((0,1)2,((3,(4,5)6)7,(8,(9,10)11)12)13)14	(2,3),(6,5),(7,4),(11,6),(12,2),(13,1),(14,0)
8	39	((0,1)2,((3,(4,5)6)7,(8,(9,10)11)12)13)14	(2,5),(6,6),(7,4),(11,3),(12,2),(13,1),(14,0)
8	39	((0,1)2,((3,(4,5)6)7,(8,(9,10)11)12)13)14	(2,1),(6,6),(7,5),(11,4),(12,3),(13,2),(14,0)
8	39	((0,1)2,((3,(4,5)6)7,(8,(9,10)11)12)13)14	(2,1),(6,5),(7,3),(11,6),(12,4),(13,2),(14,0)
8	39	((0,1)2,((3,(4,5)6)7,(8,(9,10)11)12)13)14	(2,2),(6,5),(7,4),(11,6),(12,3),(13,1),(14,0)
8	39	((0,1)2,((3,(4,5)6)7,(8,(9,10)11)12)13)14	(2,3),(6,4),(7,2),(11,6),(12,5),(13,1),(14,0)
8	40	(0,((((1,((2,3)4,5)6)7,8)9,10)11,12)13)14	(4,6),(6,5),(7,4),(9,3),(11,2),(13,1),(14,0)
8	40	(0,((((1,((2,3)4,5)6)7,8)9,10)11,12)13)14	(4,6),(6,5),(7,4),(9,3),(11,2),(13,1),(14,0)
8	40	(0,((((1,((2,3)4,5)6)7,8)9,10)11,12)13)14	(4,6),(6,5),(7,4),(9,3),(11,2),(13,1),(14,0)
8	40	(0,((((1,((2,3)4,5)6)7,8)9,10)11,12)13)14	(4,6),(6,5),(7,4),(9,3),(11,2),(13,1),(14,0)
8	40	(0,((((1,((2,3)4,5)6)7,8)9,10)11,12)13)14	(4,6),(6,5),(7,4),(9,3),(11,2),(13,1),(14,0)
8	40	(0,((((1,((2,3)4,5)6)7,8)9,10)11,12)13)14	(4,6),(6,5),(7,4),(9,3),(11,2),(13,1),(14,0)
8	40	(0,((((1,((2,3)4,5)6)7,8)9,10)11,12)13)14	(4,6),(6,5),(7,4),(9,3),(11,2),(13,1),(14,0)
8	40	(0,((((1,((2,3)4,5)6)7,8)9,10)11,12)13)14	(4,6),(6,5),(7,4),(9,3),(11,2),(13,1),(14,0)
8	40	(0,((((1,((2,3)4,5)6)7,8)9,10)11,12)13)14	(4,6),(6,5),(7,4),(9,3),(11,2),(13,1),(14,0)
8	40	(0,((((1,((2,3)4,5)6)7,8)9,10)11,12)13)14	(4,6),(6,5),(7,4),(9,3),(11,2),(13,1),(14,0)
8	41	((0,1)2,(3,(4,(5,(6,(7,8)9)10)11)12)13)14	(2,2),(9,6),(10,5),(11,4),(12,3),(13,1),(14,0)
8	41	((0,1)2,(3,(4,(5,(6,(7,8)9)10)11)12)13)14	(2,1),(9,6),(10,5),(11,4),(12,3),(13,2),(14,0)
8	41	((0,1)2,(3,(4,(5,(6,(7,8)9)10)11)12)13)14	(2,5),(9,6),(10,4),(11,3),(12,2),(13,1),(14,0)
8	41	((0,1)2,(3,(4,(5,(6,(7,8)9)10)11)12)13)14	(2,6),(9,5),(10,4),(11,3),(12,2),(13,1),(14,0)
8	41	((0,1)2,(3,(4,(5,(6,(7,8)9)10)11)12)13)14	(2,1),(9,6),(10,5),(11,4),(12,3),(13,2),(14,0)
8	41	((0,1)2,(3,(4,(5,(6,(7,8)9)10)11)12)13)14	(2,2),(9,6),(10,5),(11,4),(12,3),(13,1),(14,0)
8	41	((0,1)2,(3,(4,(5,(6,(7,8)9)10)11)12)13)14	(2,1),(9,6),(10,5),(11,4),(12,3),(13,2),(14,0)
8	41	((0,1)2,(3,(4,(5,(6,(7,8)9)10)11)12)13)14	(2,4),(9,6),(10,5),(11,3),(12,2),(13,1),(14,0)
8	41	((0,1)2,(3,(4,(5,(6,(7,8)9)10)11)12)13)14	(2,1),(9,6),(10,5),(11,4),(12,3),(13,2),(14,0)
8	41	((0,1)2,(3,(4,(5,(6,(7,8)9)10)11)12)13)14	(2,1),(9,6),(10,5),(11,4),(12,3),(13,2),(14,0)
8	42	((((0,1)2,3)4,5)6,(7,(8,(9,10)11)12)13)14	(2,5),(4,3),(6,1),(11,6),(12,4),(13,2),(14,0)
8	42	((((0,1)2,3)4,5)6,(7,(8,(9,10)11)12)13)14	(2,5),(4,3),(6,2),(11,6),(12,4),(13,1),(14,0)
8	42	((((0,1)2,3)4,5)6,(7,(8,(9,10)11)12)13)14	(2,6),(4,4),(6,2),(11,5),(12,3),(13,1),(14,0)
8	42	((((0,1)2,3)4,5)6,(7,(8,(9,10)11)12)13)14	(2,6),(4,4),(6,1),(11,5),(12,3),(13,2),(14,0)
8	42	((((0,1)2,3)4,5)6,(7,(8,(9,10)11)12)13)14	(2,4),(4,3),(6,2),(11,6),(12,5),(13,1),(14,0)
8	42	((((0,1)2,3)4,5)6,(7,(8,(9,10)11)12)13)14	(2,5),(4,4),(6,1),(11,6),(12,3),(13,2),(14,0)
8	42	((((0,1)2,3)4,5)6,(7,(8,(9,10)11)12)13)14	(2,5),(4,4),(6,1),(11,6),(12,3),(13,2),(14,0)
8	42	((((0,1)2,3)4,5)6,(7,(8,(9,10)11)12)13)14	(2,6),(4,4),(6,3),(11,5),(12,2),(13,1),(14,0)
8	42	((((0,1)2,3)4,5)6,(7,(8,(9,10)11)12)13)14	(2,5),(4,4),(6,2),(11,6),(12,3),(13,1),(14,0)
8	42	((((0,1)2,3)4,5)6,(7,(8,(9,10)11)12)13)14	(2,3),(4,2),(6,1),(11,6),(12,5),(13,4),(14,0)
8	43	(0,(1,((2,3)4,(5,((6,7)8,9)10)11)12)13)14	(4,4),(8,6),(10,5),(11,3),(12,2),(13,1),(14,0)
8	43	(0,(1,((2,3)4,(5,((6,7)8,9)10)11)12)13)14	(4,3),(8,6),(10,5),(11,4),(12,2),(13,1),(14,0)
8	43	(0,(1,((2,3)4,(5,((6,7)8,9)10)11)12)13)14	(4,5),(8,6),(10,4),(11,3),(12,2),(13,1),(14,0)
8	43	(0,(1,((2,3)4,(5,((6,7)8,9)10)11)12)13)14	(4,5),(8,6),(10,4),(11,3),(12,2),(13,1),(14,0)
8	43	(0,(1,((2,3)4,(5,((6,7)8,9)10)11)12)13)14	(4,5),(8,6),(10,4),(11,3),(12,2),(13,1),(14,0)
8	43	(0,(1,((2,3)4,(5,((6,7)8,9)10)11)12)13)14	(4,6),(8,5),(10,4),(11,3),(12,2),(13,1),(14,0)
8	43	(0,(1,((2,3)4,(5,((6,7)8,9)10)11)12)13)14	(4,3),(8,6),(10,5),(11,4),(12,2),(13,1),(14,0)
8	43	(0,(1,((2,3)4,(5,((6,7)8,9)10)11)12)13)14	(4,5),(8,6),(10,4),(11,3),(12,2),(13,1),(14,0)
8	43	(0,(1,((2,3)4,(5,((6,7)8,9)10)11)12)13)14	(4,3),(8,6),(10,5),(11,4),(12,2),(13,1),(14,0)
8	43	(0,(1,((2,3)4,(5,((6,7)8,9)10)11)12)13)14	(4,5),(8,6),(10,4),(11,3),(12,2),(13,1),(14,0)
8	44	((((0,(1,2)3)4,5)6,(7,8)9)10,(11,12)13)14	(3,6),(4,5),(6,3),(9,4),(10,2),(13,1),(14,0)
8	44	((((0,(1,2)3)4,5)6,(7,8)9)10,(11,12)13)14	(3,6),(4,5),(6,4),(9,3),(10,1),(13,2),(14,0)
8	44	((((0,(1,2)3)4,5)6,(7,8)9)10,(11,12)13)14	(3,6),(4,5),(6,2),(9,3),(10,1),(13,4),(14,0)
8	44	((((0,(1,2)3)4,5)6,(7,8)9)10,(11,12)13)14	(3,5),(4,3),(6,2),(9,4),(10,1),(13,6),(14,0)
8	44	((((0,(1,2)3)4,5)6,(7,8)9)10,(11,12)13)14	(3,6),(4,5),(6,2),(9,3),(10,1),(13,4),(14,0)
8	44	((((0,(1,2)3)4,5)6,(7,8)9)10,(11,12)13)14	(3,4),(4,3),(6,2),(9,6),(10,1),(13,5),(14,0)
8	44	((((0,(1,2)3)4,5)6,(7,8)9)10,(11,12)13)14	(3,5),(4,4),(6,2),(9,6),(10,1),(13,3),(14,0)
8	44	((((0,(1,2)3)4,5)6,(7,8)9)10,(11,12)13)14	(3,6),(4,4),(6,3),(9,5),(10,1),(13,2),(14,0)
8	44	((((0,(1,2)3)4,5)6,(7,8)9)10,(11,12)13)14	(3,6),(4,5),(6,3),(9,4),(10,2),(13,1),(14,0)
8	44	((((0,(1,2)3)4,5)6,(7,8)9)10,(11,12)13)14	(3,6),(4,5),(6,4),(9,2),(10,1),(13,3),(14,0)
8	45	(((0,(1,(2,3)4)5)6,(7,8)9)10,(11,12)13)14	(4,6),(5,5),(6,4),(9,3),(10,1),(13,2),(14,0)
8	45	(((0,(1,(2,3)4)5)6,(7,8)9)10,(11,12)13)14	(4,6),(5,5),(6,2),(9,4),(10,1),(13,3),(14,0)
8	45	(((0,(1,(2,3)4)5)6,(7,8)9)10,(11,12)13)14	(4,6),(5,5),(6,4),(9,3),(10,1),(13,2),(14,0)
8	45	(((0,(1,(2,3)4)5)6,(7,8)9)10,(11,12)13)14	(4,6),(5,4),(6,3),(9,5),(10,2),(13,1),(14,0)
8	45	(((0,(1,(2,3)4)5)6,(7,8)9)10,(11,12)13)14	(4,6),(5,5),(6,4),(9,3),(10,1),(13,2),(14,0)
8	45	(((0,(1,(2,3)4)5)6,(7,8)9)10,(11,12)13)14	(4,6),(5,5),(6,3),(9,4),(10,2),(13,1),(14,0)
8	45	(((0,(1,(2,3)4)5)6,(7,8)9)10,(11,12)13)14	(4,6),(5,3),(6,2),(9,4),(10,1),(13,5),(14,0)
8	45	(((0,(1,(2,3)4)5)6,(7,8)9)10,(11,12)13)14	(4,6),(5,4),(6,3),(9,5),(10,1),(13,2),(14,0)
8	45	(((0,(1,(2,3)4)5)6,(7,8)9)10,(11,12)13)14	(4,6),(5,5),(6,2),(9,3),(10,1),(13,4),(14,0)
8	45	(((0,(1,(2,3)4)5)6,(7,8)9)10,(11,12)13)14	(4,6),(5,5),(6,4),(9,2),(10,1),(13,3),(14,0)
8	46	(((((0,1)2,3)4,5)6,7)8,((9,10)11,12)13)14	(2,6),(4,5),(6,4),(8,3),(11,2),(13,1),(14,0)
8	46	(((((0,1)2,3)4,5)6,7)8,((9,10)11,12)13)14	(2,5),(4,4),(6,3),(8,1),(11,6),(13,2),(14,0)
8	46	(((((0,1)2,3)4,5)6,7)8,((9,10)11,12)13)14	(2,5),(4,3),(6,2),(8,1),(11,6),(13,4),(14,0)
8	46	(((((0,1)2,3)4,5)6,7)8,((9,10)11,12)13)14	(2,6),(4,5),(6,4),(8,3),(11,2),(13,1),(14,0)
8	46	(((((0,1)2,3)4,5)6,7)8,((9,10)11,12)13)14	(2,6),(4,5),(6,4),(8,1),(11,3),(13,2),(14,0)
8	46	(((((0,1)2,3)4,5)6,7)8,((9,10)11,12)13)14	(2,5),(4,3),(6,2),(8,1),(11,6),(13,4),(14,0)
8	46	(((((0,1)2,3)4,5)6,7)8,((9,10)11,12)13)14	(2,5),(4,4),(6,2),(8,1),(11,6),(13,3),(14,0)
8	46	(((((0,1)2,3)4,5)6,7)8,((9,10)11,12)13)14	(2,6),(4,5),(6,2),(8,1),(11,4),(13,3),(14,0)
8	46	(((((0,1)2,3)4,5)6,7)8,((9,10)11,12)13)14	(2,6),(4,5),(6,2),(8,1),(11,4),(13,3),(14,0)
8	46	(((((0,1)2,3)4,5)6,7)8,((9,10)11,12)13)14	(2,6),(4,5),(6,3),(8,1),(11,4),(13,2),(14,0)
8	47	(0,((1,(((2,3)4,5)6,7)8)9,(10,11)12)13)14	(4,6),(6,5),(8,4),(9,2),(12,3),(13,1),(14,0)
8	47	(0,((1,(((2,3)4,5)6,7)8)9,(10,11)12)13)14	(4,6),(6,5),(8,4),(9,3),(12,2),(13,1),(14,0)
8	47	(0,((1,(((2,3)4,5)6,7)8)9,(10,11)12)13)14	(4,6),(6,5),(8,4),(9,3),(12,2),(13,1),(14,0)
8	47	(0,((1,(((2,3)4,5)6,7)8)9,(10,11)12)13)14	(4,5),(6,4),(8,3),(9,2),(12,6),(13,1),(14,0)
8	47	(0,((1,(((2,3)4,5)6,7)8)9,(10,11)12)13)14	(4,6),(6,5),(8,4),(9,3),(12,2),(13,1),(14,0)
8	47	(0,((1,(((2,3)4,5)6,7)8)9,(10,11)12)13)14	(4,6),(6,4),(8,3),(9,2),(12,5),(13,1),(14,0)
8	47	(0,((1,(((2,3)4,5)6,7)8)9,(10,11)12)13)14	(4,6),(6,5),(8,4),(9,3),(12,2),(13,1),(14,0)
8	47	(0,((1,(((2,3)4,5)6,7)8)9,(10,11)12)13)14	(4,6),(6,5),(8,3),(9,2),(12,4),(13,1),(14,0)
8	47	(0,((1,(((2,3)4,5)6,7)8)9,(10,11)12)13)14	(4,6),(6,4),(8,3),(9,2),(12,5),(13,1),(14,0)
8	47	(0,((1,(((2,3)4,5)6,7)8)9,(10,11)12)13)14	(4,6),(6,4),(8,3),(9,2),(12,5),(13,1),(14,0)
8	48	((0,((1,((2,3)4,5)6)7,(8,9)10)11)12,13)14	(4,6),(6,5),(7,3),(10,4),(11,2),(12,1),(14,0)
8	48	((0,((1,((2,3)4,5)6)7,(8,9)10)11)12,13)14	(4,5),(6,4),(7,3),(10,6),(11,2),(12,1),(14,0)
8	48	((0,((1,((2,3)4,5)6)7,(8,9)10)11)12,13)14	(4,5),(6,4),(7,3),(10,6),(11,2),(12,1),(14,0)
8	48	((0,((1,((2,3)4,5)6)7,(8,9)10)11)12,13)14	(4,6),(6,4),(7,3),(10,5),(11,2),(12,1),(14,0)
8	48	((0,((1,((2,3)4,5)6)7,(8,9)10)11)12,13)14	(4,5),(6,4),(7,3),(10,6),(11,2),(12,1),(14,0)
8	48	((0,((1,((2,3)4,5)6)7,(8,9)10)11)12,13)14	(4,6),(6,5),(7,3),(10,4),(11,2),(12,1),(14,0)
8	48	((0,((1,((2,3)4,5)6)7,(8,9)10)11)12,13)14	(4,5),(6,4),(7,3),(10,6),(11,2),(12,1),(14,0)
8	48	((0,((1,((2,3)4,5)6)7,(8,9)10)11)12,13)14	(4,5),(6,4),(7,3),(10,6),(11,2),(12,1),(14,0)
8	48	((0,((1,((2,3)4,5)6)7,(8,9)10)11)12,13)14	(4,6),(6,5),(7,4),(10,3),(11,2),(12,1),(14,0)
8	48	((0,((1,((2,3)4,5)6)7,(8,9)10)11)12,13)14	(4,6),(6,5),(7,3),(10,4),(11,2),(12,1),(14,0)
8	49	(((0,((1,2)3,((4,5)6,7)8)9)10,11)12,13)14	(3,5),(6,6),(8,4),(9,3),(10,2),(12,1),(14,0)
8	49	(((0,((1,2)3,((4,5)6,7)8)9)10,11)12,13)14	(3,6),(6,5),(8,4),(9,3),(10,2),(12,1),(14,0)
8	49	(((0,((1,2)3,((4,5)6,7)8)9)10,11)12,13)14	(3,5),(6,6),(8,4),(9,3),(10,2),(12,1),(14,0)
8	49	(((0,((1,2)3,((4,5)6,7)8)9)10,11)12,13)14	(3,5),(6,6),(8,4),(9,3),(10,2),(12,1),(14,0)
8	49	(((0,((1,2)3,((4,5)6,7)8)9)10,11)12,13)14	(3,5),(6,6),(8,4),(9,3),(10,2),(12,1),(14,0)
8	49	(((0,((1,2)3,((4,5)6,7)8)9)10,11)12,13)14	(3,5),(6,6),(8,4),(9,3),(10,2),(12,1),(14,0)
8	49	(((0,((1,2)3,((4,5)6,7)8)9)10,11)12,13)14	(3,4),(6,6),(8,5),(9,3),(10,2),(12,1),(14,0)
8	49	(((0,((1,2)3,((4,5)6,7)8)9)10,11)12,13)14	(3,4),(6,6),(8,5),(9,3),(10,2),(12,1),(14,0)
8	49	(((0,((1,2)3,((4,5)6,7)8)9)10,11)12,13)14	(3,5),(6,6),(8,4),(9,3),(10,2),(12,1),(14,0)
8	49	(((0,((1,2)3,((4,5)6,7)8)9)10,11)12,13)14	(3,6),(6,5),(8,4),(9,3),(10,2),(12,1),(14,0)
8	50	((((0,1)2,3)4,(5,((6,7)8,9)10)11)12,13)14	(2,6),(4,3),(8,5),(10,4),(11,2),(12,1),(14,0)
8	50	((((0,1)2,3)4,(5,((6,7)8,9)10)11)12,13)14	(2,5),(4,3),(8,6),(10,4),(11,2),(12,1),(14,0)
8	50	((((0,1)2,3)4,(5,((6,7)8,9)10)11)12,13)14	(2,6),(4,2),(8,5),(10,4),(11,3),(12,1),(14,0)
8	50	((((0,1)2,3)4,(5,((6,7)8,9)10)11)12,13)14	(2,6),(4,4),(8,5),(10,3),(11,2),(12,1),(14,0)
8	50	((((0,1)2,3)4,(5,((6,7)8,9)10)11)12,13)14	(2,5),(4,4),(8,6),(10,3),(11,2),(12,1),(14,0)
8	50	((((0,1)2,3)4,(5,((6,7)8,9)10)11)12,13)14	(2,6),(4,5),(8,4),(10,3),(11,2),(12,1),(14,0)
8	50	((((0,1)2,3)4,(5,((6,7)8,9)10)11)12,13)14	(2,5),(4,4),(8,6),(10,3),(11,2),(12,1),(14,0)
8	50	((((0,1)2,3)4,(5,((6,7)8,9)10)11)12,13)14	(2,6),(4,2),(8,5),(10,4),(11,3),(12,1),(14,0)
8	50	((((0,1)2,3)4,(5,((6,7)8,9)10)11)12,13)14	(2,3),(4,2),(8,6),(10,5),(11,4),(12,1),(14,0)
8	50	((((0,1)2,3)4,(5,((6,7)8,9)10)11)12,13)14	(2,4),(4,2),(8,6),(10,5),(11,3),(12,1),(14,0)
8	51	(0,(1,(2,(((3,4)5,6)7,(8,9)10)11)12)13)14	(5,6),(7,5),(10,4),(11,3),(12,2),(13,1),(14,0)
8	51	(0,(1,(2,(((3,4)5,6)7,(8,9)10)11)12)13)14	(5,6),(7,4),(10,5),(11,3),(12,2),(13,1),(14,0)
8	51	(0,(1,(2,(((3,4)5,6)7,(8,9)10)11)12)13)14	(5,6),(7,4),(10,5),(11,3),(12,2),(13,1),(14,0)
8	51	(0,(1,(2,(((3,4)5,6)7,(8,9)10)11)12)13)14	(5,6),(7,5),(10,4),(11,3),(12,2),(13,1),(14,0)
8	51	(0,(1,(2,(((3,4)5,6)7,(8,9)10)11)12)13)14	(5,5),(7,4),(10,6),(11,3),(12,2),(13,1),(14,0)
8	51	(0,(1,(2,(((3,4)5,6)7,(8,9)10)11)12)13)14	(5,6),(7,5),(10,4),(11,3),(12,2),(13,1),(14,0)
8	51	(0,(1,(2,(((3,4)5,6)7,(8,9)10)11)12)13)14	(5,6),(7,4),(10,5),(11,3),(12,2),(13,1),(14,0)
8	51	(0,(1,(2,(((3,4)5,6)7,(8,9)10)11)12)13)14	(5,6),(7,4),(10,5),(11,3),(12,2),(13,1),(14,0)
8	51	(0,(1,(2,(((3,4)5,6)7,(8,9)10)11)12)13)14	(5,5),(7,4),(10,6),(11,3),(12,2),(13,1),(14,0)
8	51	(0,(1,(2,(((3,4)5,6)7,(8,9)10)11)12)13)14	(5,6),(7,5),(10,4),(11,3),(12,2),(13,1),(14,0)
8	52	(0,(((((1,(2,3)4)5,6)7,8)9,10)11,12)13)14	(4,6),(5,5),(7,4),(9,3),(11,2),(13,1),(14,0)
8	52	(0,(((((1,(2,3)4)5,6)7,8)9,10)11,12)13)14	(4,6),(5,5),(7,4),(9,3),(11,2),(13,1),(14,0)
8	52	(0,(((((1,(2,3)4)5,6)7,8)9,10)11,12)13)14	(4,6),(5,5),(7,4),(9,3),(11,2),(13,1),(14,0)
8	52	(0,(((((1,(2,3)4)5,6)7,8)9,10)11,12)13)14	(4,6),(5,5),(7,4),(9,3),(11,2),(13,1),(14,0)
8	52	(0,(((((1,(2,3)4)5,6)7,8)9,10)11,12)13)14	(4,6),(5,5),(7,4),(9,3),(11,2),(13,1),(14,0)
8	52	(0,(((((1,(2,3)4)5,6)7,8)9,10)11,12)13)14	(4,6),(5,5),(7,4),(9,3),(11,2),(13,1),(14,0)
8	52	(0,(((((1,(2,3)4)5,6)7,8)9,10)11,12)13)14	(4,6),(5,5),(7,4),(9,3),(11,2),(13,1),(14,0)
8	52	(0,(((((1,(2,3)4)5,6)7,8)9,10)11,12)13)14	(4,6),(5,5),(7,4),(9,3),(11,2),(13,1),(14,0)
8	52	(0,(((((1,(2,3)4)5,6)7,8)9,10)11,12)13)14	(4,6),(5,5),(7,4),(9,3),(11,2),(13,1),(14,0)
8	52	(0,(((((1,(2,3)4)5,6)7,8)9,10)11,12)13)14	(4,6),(5,5),(7,4),(9,3),(11,2),(13,1),(14,0)
8	53	((((0,(1,(2,3)4)5)6,(7,8)9)10,11)12,13)14	(4,5),(5,4),(6,3),(9,6),(10,2),(12,1),(14,0)
8	53	((((0,(1,(2,3)4)5)6,(7,8)9)10,11)12,13)14	(4,6),(5,5),(6,3),(9,4),(10,2),(12,1),(14,0)
8	53	((((0,(1,(2,3)4)5)6,(7,8)9)10,11)12,13)14	(4,6),(5,5),(6,3),(9,4),(10,2),(12,1),(14,0)
8	53	((((0,(1,(2,3)4)5)6,(7,8)9)10,11)12,13)14	(4,6),(5,4),(6,3),(9,5),(10,2),(12,1),(14,0)
8	53	((((0,(1,(2,3)4)5)6,(7,8)9)10,11)12,13)14	(4,6),(5,5),(6,4),(9,3),(10,2),(12,1),(14,0)
8	53	((((0,(1,(2,3)4)5)6,(7,8)9)10,11)12,13)14	(4,6),(5,4),(6,3),(9,5),(10,2),(12,1),(14,0)
8	53	((((0,(1,(2,3)4)5)6,(7,8)9)10,11)12,13)14	(4,6),(5,4),(6,3),(9,5),(10,2),(12,1),(14,0)
8	53	((((0,(1,(2,3)4)5)6,(7,8)9)10,11)12,13)14	(4,6),(5,5),(6,3),(9,4),(10,2),(12,1),(14,0)
8	53	((((0,(1,(2,3)4)5)6,(7,8)9)10,11)12,13)14	(4,6),(5,5),(6,3),(9,4),(10,2),(12,1),(14,0)
8	53	((((0,(1,(2,3)4)5)6,(7,8)9)10,11)12,13)14	(4,6),(5,4),(6,3),(9,5),(10,2),(12,1),(14,0)
8	54	((0,1)2,((3,4)5,((6,(7,8)9)10,11)12)13)14	(2,4),(5,2),(9,6),(10,5),(12,3),(13,1),(14,0)
8	54	((0,1)2,((3,4)5,((6,(7,8)9)10,11)12)13)14	(2,5),(5,2),(9,6),(10,4),(12,3),(13,1),(14,0)
8	54	((0,1)2,((3,4)5,((6,(7,8)9)10,11)12)13)14	(2,1),(5,6),(9,5),(10,4),(12,3),(13,2),(14,0)
8	54	((0,1)2,((3,4)5,((6,(7,8)9)10,11)12)13)14	(2,6),(5,4),(9,5),(10,3),(12,2),(13,1),(14,0)
8	54	((0,1)2,((3,4)5,((6,(7,8)9)10,11)12)13)14	(2,3),(5,5),(9,6),(10,4),(12,2),(13,1),(14,0)
8	54	((0,1)2,((3,4)5,((6,(7,8)9)10,11)12)13)14	(2,2),(5,4),(9,6),(10,5),(12,3),(13,1),(14,0)
8	54	((0,1)2,((3,4)5,((6,(7,8)9)10,11)12)13)14	(2,1),(5,6),(9,5),(10,4),(12,3),(13,2),(14,0)
8	54	((0,1)2,((3,4)5,((6,(7,8)9)10,11)12)13)14	(2,3),(5,2),(9,6),(10,5),(12,4),(13,1),(14,0)
8	54	((0,1)2,((3,4)5,((6,(7,8)9)10,11)12)13)14	(2,2),(5,3),(9,6),(10,5),(12,4),(13,1),(14,0)
8	54	((0,1)2,((3,4)5,((6,(7,8)9)10,11)12)13)14	(2,3),(5,6),(9,5),(10,4),(12,2),(13,1),(14,0)
8	55	(0,(((1,2)3,4)5,(((6,7)8,9)10,11)12)13)14	(3,6),(5,4),(8,5),(10,3),(12,2),(13,1),(14,0)
8	55	(0,(((1,2)3,4)5,(((6,7)8,9)10,11)12)13)14	(3,3),(5,2),(8,6),(10,5),(12,4),(13,1),(14,0)
8	55	(0,(((1,2)3,4)5,(((6,7)8,9)10,11)12)13)14	(3,6),(5,5),(8,4),(10,3),(12,2),(13,1),(14,0)
8	55	(0,(((1,2)3,4)5,(((6,7)8,9)10,11)12)13)14	(3,5),(5,4),(8,6),(10,3),(12,2),(13,1),(14,0)
8	55	(0,(((1,2)3,4)5,(((6,7)8,9)10,11)12)13)14	(3,5),(5,3),(8,6),(10,4),(12,2),(13,1),(14,0)
8	55	(0,(((1,2)3,4)5,(((6,7)8,9)10,11)12)13)14	(3,5),(5,4),(8,6),(10,3),(12,2),(13,1),(14,0)
8	55	(0,(((1,2)3,4)5,(((6,7)8,9)10,11)12)13)14	(3,6),(5,2),(8,5),(10,4),(12,3),(13,1),(14,0)
8	55	(0,(((1,2)3,4)5,(((6,7)8,9)10,11)12)13)14	(3,6),(5,4),(8,5),(10,3),(12,2),(13,1),(14,0)
8	55	(0,(((1,2)3,4)5,(((6,7)8,9)10,11)12)13)14	(3,6),(5,4),(8,5),(10,3),(12,2),(13,1),(14,0)
8	55	(0,(((1,2)3,4)5,(((6,7)8,9)10,11)12)13)14	(3,5),(5,3),(8,6),(10,4),(12,2),(13,1),(14,0)
8	56	(0,(1,(2,(3,((4,(5,6)7)8,9)10)11)12)13)14	(7,6),(8,5),(10,4),(11,3),(12,2),(13,1),(14,0)
8	56	(0,(1,(2,(3,((4,(5,6)7)8,9)10)11)12)13)14	(7,6),(8,5),(10,4),(11,3),(12,2),(13,1),(14,0)
8	56	(0,(1,(2,(3,((4,(5,6)7)8,9)10)11)12)13)14	(7,6),(8,5),(10,4),(11,3),(12,2),(13,1),(14,0)
8	56	(0,(1,(2,(3,((4,(5,6)7)8,9)10)11)12)13)14	(7,6),(8,5),(10,4),(11,3),(12,2),(13,1),(14,0)
8	56	(0,(1,(2,(3,((4,(5,6)7)8,9)10)11)12)13)14	(7,6),(8,5),(10,4),(11,3),(12,2),(13,1),(14,0)
8	56	(0,(1,(2,(3,((4,(5,6)7)8,9)10)11)12)13)14	(7,6),(8,5),(10,4),(11,3),(12,2),(13,1),(14,0)
8	56	(0,(1,(2,(3,((4,(5,6)7)8,9)10)11)12)13)14	(7,6),(8,5),(10,4),(11,3),(12,2),(13,1),(14,0)
8	56	(0,(1,(2,(3,((4,(5,6)7)8,9)10)11)12)13)14	(7,6),(8,5),(10,4),(11,3),(12,2),(13,1),(14,0)
8	56	(0,(1,(2,(3,((4,(5,6)7)8,9)10)11)12)13)14	(7,6),(8,5),(10,4),(11,3),(12,2),(13,1),(14,0)
8	56	(0,(1,(2,(3,((4,(5,6)7)8,9)10)11)12)13)14	(7,6),(8,5),(10,4),(11,3),(12,2),(13,1),(14,0)
8	57	(0,((1,(2,(3,(4,(5,6)7)8)9)10)11,12)13)14	(7,6),(8,5),(9,4),(10,3),(11,2),(13,1),(14,0)
8	57	(0,((1,(2,(3,(4,(5,6)7)8)9)10)11,12)13)14	(7,6),(8,5),(9,4),(10,3),(11,2),(13,1),(14,0)
8	57	(0,((1,(2,(3,(4,(5,6)7)8)9)10)11,12)13)14	(7,6),(8,5),(9,4),(10,3),(11,2),(13,1),(14,0)
8	57	(0,((1,(2,(3,(4,(5,6)7)8)9)10)11,12)13)14	(7,6),(8,5),(9,4),(10,3),(11,2),(13,1),(14,0)
8	57	(0,((1,(2,(3,(4,(5,6)7)8)9)10)11,12)13)14	(7,6),(8,5),(9,4),(10,3),(11,2),(13,1),(14,0)
8	57	(0,((1,(2,(3,(4,(5,6)7)8)9)10)11,12)13)14	(7,6),(8,5),(9,4),(10,3),(11,2),(13,1),(14,0)
8	57	(0,((1,(2,(3,(4,(5,6)7)8)9)10)11,12)13)14	(7,6),(8,5),(9,4),(10,3),(11,2),(13,1),(14,0)
8	57	(0,((1,(2,(3,(4,(5,6)7)8)9)10)11,12)13)14	(7,6),(8,5),(9,4),(10,3),(11,2),(13,1),(14,0)
8	57	(0,((1,(2,(3,(4,(5,6)7)8)9)10)11,12)13)14	(7,6),(8,5),(9,4),(10,3),(11,2),(13,1),(14,0)
8	57	(0,((1,(2,(3,(4,(5,6)7)8)9)10)11,12)13)14	(7,6),(8,5),(9,4),(10,3),(11,2),(13,1),(14,0)
8	58	((0,1)2,(((3,4)5,(6,7)8)9,(10,11)12)13)14	(2,6),(5,4),(8,5),(9,2),(12,3),(13,1),(14,0)
8	58	((0,1)2,(((3,4)5,(6,7)8)9,(10,11)12)13)14	(2,5),(5,4),(8,3),(9,2),(12,6),(13,1),(14,0)
8	58	((0,1)2,(((3,4)5,(6,7)8)9,(10,11)12)13)14	(2,3),(5,6),(8,4),(9,2),(12,5),(13,1),(14,0)
8	58	((0,1)2,(((3,4)5,(6,7)8)9,(10,11)12)13)14	(2,2),(5,6),(8,5),(9,4),(12,3),(13,1),(14,0)
8	58	((0,1)2,(((3,4)5,(6,7)8)9,(10,11)12)13)14	(2,1),(5,5),(8,6),(9,4),(12,3),(13,2),(14,0)
8	58	((0,1)2,(((3,4)5,(6,7)8)9,(10,11)12)13)14	(2,3),(5,4),(8,5),(9,2),(12,6),(13,1),(14,0)
8	58	((0,1)2,(((3,4)5,(6,7)8)9,(10,11)12)13)14	(2,5),(5,4),(8,6),(9,3),(12,2),(13,1),(14,0)
8	58	((0,1)2,(((3,4)5,(6,7)8)9,(10,11)12)13)14	(2,5),(5,6),(8,4),(9,2),(12,3),(13,1),(14,0)
8	58	((0,1)2,(((3,4)5,(6,7)8)9,(10,11)12)13)14	(2,3),(5,5),(8,6),(9,2),(12,4),(13,1),(14,0)
8	58	((0,1)2,(((3,4)5,(6,7)8)9,(10,11)12)13)14	(2,3),(5,5),(8,4),(9,2),(12,6),(13,1),(14,0)
8	59	((0,1)2,((3,(4,(5,6)7)8)9,(10,11)12)13)14	(2,5),(7,6),(8,4),(9,3),(12,2),(13,1),(14,0)
8	59	((0,1)2,((3,(4,(5,6)7)8)9,(10,11)12)13)14	(2,1),(7,6),(8,4),(9,3),(12,5),(13,2),(14,0)
8	59	((0,1)2,((3,(4,(5,6)7)8)9,(10,11)12)13)14	(2,6),(7,5),(8,4),(9,2),(12,3),(13,1),(14,0)
8	59	((0,1)2,((3,(4,(5,6)7)8)9,(10,11)12)13)14	(2,2),(7,6),(8,5),(9,3),(12,4),(13,1),(14,0)
8	59	((0,1)2,((3,(4,(5,6)7)8)9,(10,11)12)13)14	(2,3),(7,6),(8,4),(9,2),(12,5),(13,1),(14,0)
8	59	((0,1)2,((3,(4,(5,6)7)8)9,(10,11)12)13)14	(2,3),(7,6),(8,4),(9,2),(12,5),(13,1),(14,0)
8	59	((0,1)2,((3,(4,(5,6)7)8)9,(10,11)12)13)14	(2,2),(7,6),(8,4),(9,3),(12,5),(13,1),(14,0)
8	59	((0,1)2,((3,(4,(5,6)7)8)9,(10,11)12)13)14	(2,3),(7,6),(8,5),(9,4),(12,2),(13,1),(14,0)
8	59	((0,1)2,((3,(4,(5,6)7)8)9,(10,11)12)13)14	(2,2),(7,6),(8,5),(9,3),(12,4),(13,1),(14,0)
8	59	((0,1)2,((3,(4,(5,6)7)8)9,(10,11)12)13)14	(2,2),(7,6),(8,4),(9,3),(12,5),(13,1),(14,0)
8	60	(((0,(1,2)3)4,5)6,(7,((8,9)10,11)12)13)14	(3,6),(4,4),(6,2),(10,5),(12,3),(13,1),(14,0)
8	60	(((0,(1,2)3)4,5)6,(7,((8,9)10,11)12)13)14	(3,6),(4,3),(6,2),(10,5),(12,4),(13,1),(14,0)
8	60	(((0,(1,2)3)4,5)6,(7,((8,9)10,11)12)13)14	(3,6),(4,3),(6,2),(10,5),(12,4),(13,1),(14,0)
8	60	(((0,(1,2)3)4,5)6,(7,((8,9)10,11)12)13)14	(3,5),(4,4),(6,1),(10,6),(12,3),(13,2),(14,0)
8	60	(((0,(1,2)3)4,5)6,(7,((8,9)10,11)12)13)14	(3,6),(4,3),(6,2),(10,5),(12,4),(13,1),(14,0)
8	60	(((0,(1,2)3)4,5)6,(7,((8,9)10,11)12)13)14	(3,6),(4,2),(6,1),(10,5),(12,4),(13,3),(14,0)
8	60	(((0,(1,2)3)4,5)6,(7,((8,9)10,11)12)13)14	(3,6),(4,5),(6,3),(10,4),(12,2),(13,1),(14,0)
8	60	(((0,(1,2)3)4,5)6,(7,((8,9)10,11)12)13)14	(3,6),(4,4),(6,1),(10,5),(12,3),(13,2),(14,0)
8	60	(((0,(1,2)3)4,5)6,(7,((8,9)10,11)12)13)14	(3,5),(4,3),(6,1),(10,6),(12,4),(13,2),(14,0)
8	60	(((0,(1,2)3)4,5)6,(7,((8,9)10,11)12)13)14	(3,6),(4,3),(6,2),(10,5),(12,4),(13,1),(14,0)
8	61	(0,((1,2)3,(((4,5)6,(7,8)9)10,11)12)13)14	(3,2),(6,6),(9,5),(10,4),(12,3),(13,1),(14,0)
8	61	(0,((1,2)3,(((4,5)6,(7,8)9)10,11)12)13)14	(3,6),(6,4),(9,5),(10,3),(12,2),(13,1),(14,0)
8	61	(0,((1,2)3,(((4,5)6,(7,8)9)10,11)12)13)14	(3,2),(6,5),(9,6),(10,4),(12,3),(13,1),(14,0)
8	61	(0,((1,2)3,(((4,5)6,(7,8)9)10,11)12)13)14	(3,6),(6,4),(9,5),(10,3),(12,2),(13,1),(14,0)
8	61	(0,((1,2)3,(((4,5)6,(7,8)9)10,11)12)13)14	(3,3),(6,6),(9,5),(10,4),(12,2),(13,1),(14,0)
8	61	(0,((1,2)3,(((4,5)6,(7,8)9)10,11)12)13)14	(3,6),(6,5),(9,4),(10,3),(12,2),(13,1),(14,0)
8	61	(0,((1,2)3,(((4,5)6,(7,8)9)10,11)12)13)14	(3,2),(6,5),(9,6),(10,4),(12,3),(13,1),(14,0)
8	61	(0,((1,2)3,(((4,5)6,(7,8)9)10,11)12)13)14	(3,6),(6,4),(9,5),(10,3),(12,2),(13,1),(14,0)
8	61	(0,((1,2)3,(((4,5)6,(7,8)9)10,11)12)13)14	(3,2),(6,5),(9,6),(10,4),(12,3),(13,1),(14,0)
8	61	(0,((1,2)3,(((4,5)6,(7,8)9)10,11)12)13)14	(3,4),(6,6),(9,5),(10,3),(12,2),(13,1),(14,0)
8	62	((0,1)2,(3,((((4,5)6,7)8,9)10,11)12)13)14	(2,6),(6,5),(8,4),(10,3),(12,2),(13,1),(14,0)
8	62	((0,1)2,(3,((((4,5)6,7)8,9)10,11)12)13)14	(2,1),(6,6),(8,5),(10,4),(12,3),(13,2),(14,0)
8	62	((0,1)2,(3,((((4,5)6,7)8,9)10,11)12)13)14	(2,4),(6,6),(8,5),(10,3),(12,2),(13,1),(14,0)
8	62	((0,1)2,(3,((((4,5)6,7)8,9)10,11)12)13)14	(2,4),(6,6),(8,5),(10,3),(12,2),(13,1),(14,0)
8	62	((0,1)2,(3,((((4,5)6,7)8,9)10,11)12)13)14	(2,6),(6,5),(8,4),(10,3),(12,2),(13,1),(14,0)
8	62	((0,1)2,(3,((((4,5)6,7)8,9)10,11)12)13)14	(2,5),(6,6),(8,4),(10,3),(12,2),(13,1),(14,0)
8	62	((0,1)2,(3,((((4,5)6,7)8,9)10,11)12)13)14	(2,1),(6,6),(8,5),(10,4),(12,3),(13,2),(14,0)
8	62	((0,1)2,(3,((((4,5)6,7)8,9)10,11)12)13)14	(2,3),(6,6),(8,5),(10,4),(12,2),(13,1),(14,0)
8	62	((0,1)2,(3,((((4,5)6,7)8,9)10,11)12)13)14	(2,6),(6,5),(8,4),(10,3),(12,2),(13,1),(14,0)
8	62	((0,1)2,(3,((((4,5)6,7)8,9)10,11)12)13)14	(2,5),(6,6),(8,4),(10,3),(12,2),(13,1),(14,0)
8	63	(0,(1,((2,(((3,4)5,6)7,8)9)10,11)12)13)14	(5,6),(7,5),(9,4),(10,3),(12,2),(13,1),(14,0)
8	63	(0,(1,((2,(((3,4)5,6)7,8)9)10,11)12)13)14	(5,6),(7,5),(9,4),(10,3),(12,2),(13,1),(14,0)
8	63	(0,(1,((2,(((3,4)5,6)7,8)9)10,11)12)13)14	(5,6),(7,5),(9,4),(10,3),(12,2),(13,1),(14,0)
8	63	(0,(1,((2,(((3,4)5,6)7,8)9)10,11)12)13)14	(5,6),(7,5),(9,4),(10,3),(12,2),(13,1),(14,0)
8	63	(0,(1,((2,(((3,4)5,6)7,8)9)10,11)12)13)14	(5,6),(7,5),(9,4),(10,3),(12,2),(13,1),(14,0)
8	63	(0,(1,((2,(((3,4)5,6)7,8)9)10,11)12)13)14	(5,6),(7,5),(9,4),(10,3),(12,2),(13,1),(14,0)
8	63	(0,(1,((2,(((3,4)5,6)7,8)9)10,11)12)13)14	(5,6),(7,5),(9,4),(10,3),(12,2),(13,1),(14,0)
8	63	(0,(1,((2,(((3,4)5,6)7,8)9)10,11)12)13)14	(5,6),(7,5),(9,4),(10,3),(12,2),(13,1),(14,0)
8	63	(0,(1,((2,(((3,4)5,6)7,8)9)10,11)12)13)14	(5,6),(7,5),(9,4),(10,3),(12,2),(13,1),(14,0)
8	63	(0,(1,((2,(((3,4)5,6)7,8)9)10,11)12)13)14	(5,6),(7,5),(9,4),(10,3),(12,2),(13,1),(14,0)
8	64	(0,((1,2)3,(4,((5,(6,7)8)9,10)11)12)13)14	(3,4),(8,6),(9,5),(11,3),(12,2),(13,1),(14,0)
8	64	(0,((1,2)3,(4,((5,(6,7)8)9,10)11)12)13)14	(3,6),(8,5),(9,4),(11,3),(12,2),(13,1),(14,0)
8	64	(0,((1,2)3,(4,((5,(6,7)8)9,10)11)12)13)14	(3,4),(8,6),(9,5),(11,3),(12,2),(13,1),(14,0)
8	64	(0,((1,2)3,(4,((5,(6,7)8)9,10)11)12)13)14	(3,2),(8,6),(9,5),(11,4),(12,3),(13,1),(14,0)
8	64	(0,((1,2)3,(4,((5,(6,7)8)9,10)11)12)13)14	(3,2),(8,6),(9,5),(11,4),(12,3),(13,1),(14,0)
8	64	(0,((1,2)3,(4,((5,(6,7)8)9,10)11)12)13)14	(3,4),(8,6),(9,5),(11,3),(12,2),(13,1),(14,0)
8	64	(0,((1,2)3,(4,((5,(6,7)8)9,10)11)12)13)14	(3,5),(8,6),(9,4),(11,3),(12,2),(13,1),(14,0)
8	64	(0,((1,2)3,(4,((5,(6,7)8)9,10)11)12)13)14	(3,4),(8,6),(9,5),(11,3),(12,2),(13,1),(14,0)
8	64	(0,((1,2)3,(4,((5,(6,7)8)9,10)11)12)13)14	(3,2),(8,6),(9,5),(11,4),(12,3),(13,1),(14,0)
8	64	(0,((1,2)3,(4,((5,(6,7)8)9,10)11)12)13)14	(3,6),(8,5),(9,4),(11,3),(12,2),(13,1),(14,0)
8	65	(((0,((1,2)3,4)5)6,((7,8)9,10)11)12,13)14	(3,4),(5,3),(6,2),(9,6),(11,5),(12,1),(14,0)
8	65	(((0,((1,2)3,4)5)6,((7,8)9,10)11)12,13)14	(3,5),(5,4),(6,2),(9,6),(11,3),(12,1),(14,0)
8	65	(((0,((1,2)3,4)5)6,((7,8)9,10)11)12,13)14	(3,6),(5,3),(6,2),(9,5),(11,4),(12,1),(14,0)
8	65	(((0,((1,2)3,4)5)6,((7,8)9,10)11)12,13)14	(3,4),(5,3),(6,2),(9,6),(11,5),(12,1),(14,0)
8	65	(((0,((1,2)3,4)5)6,((7,8)9,10)11)12,13)14	(3,6),(5,4),(6,2),(9,5),(11,3),(12,1),(14,0)
8	65	(((0,((1,2)3,4)5)6,((7,8)9,10)11)12,13)14	(3,6),(5,4),(6,2),(9,5),(11,3),(12,1),(14,0)
8	65	(((0,((1,2)3,4)5)6,((7,8)9,10)11)12,13)14	(3,6),(5,3),(6,2),(9,5),(11,4),(12,1),(14,0)
8	65	(((0,((1,2)3,4)5)6,((7,8)9,10)11)12,13)14	(3,6),(5,5),(6,2),(9,4),(11,3),(12,1),(14,0)
8	65	(((0,((1,2)3,4)5)6,((7,8)9,10)11)12,13)14	(3,5),(5,3),(6,2),(9,6),(11,4),(12,1),(14,0)
8	65	(((0,((1,2)3,4)5)6,((7,8)9,10)11)12,13)14	(3,6),(5,5),(6,2),(9,4),(11,3),(12,1),(14,0)
8	66	(((0,((1,2)3,4)5)6,7)8,((9,10)11,12)13)14	(3,6),(5,3),(6,2),(8,1),(11,5),(13,4),(14,0)
8	66	(((0,((1,2)3,4)5)6,7)8,((9,10)11,12)13)14	(3,6),(5,5),(6,4),(8,3),(11,2),(13,1),(14,0)
8	66	(((0,((1,2)3,4)5)6,7)8,((9,10)11,12)13)14	(3,6),(5,5),(6,3),(8,2),(11,4),(13,1),(14,0)
8	66	(((0,((1,2)3,4)5)6,7)8,((9,10)11,12)13)14	(3,6),(5,5),(6,3),(8,1),(11,4),(13,2),(14,0)
8	66	(((0,((1,2)3,4)5)6,7)8,((9,10)11,12)13)14	(3,6),(5,5),(6,4),(8,1),(11,3),(13,2),(14,0)
8	66	(((0,((1,2)3,4)5)6,7)8,((9,10)11,12)13)14	(3,6),(5,5),(6,4),(8,3),(11,2),(13,1),(14,0)
8	66	(((0,((1,2)3,4)5)6,7)8,((9,10)11,12)13)14	(3,6),(5,4),(6,2),(8,1),(11,5),(13,3),(14,0)
8	66	(((0,((1,2)3,4)5)6,7)8,((9,10)11,12)13)14	(3,4),(5,3),(6,2),(8,1),(11,6),(13,5),(14,0)
8	66	(((0,((1,2)3,4)5)6,7)8,((9,10)11,12)13)14	(3,4),(5,3),(6,2),(8,1),(11,6),(13,5),(14,0)
8	66	(((0,((1,2)3,4)5)6,7)8,((9,10)11,12)13)14	(3,5),(5,3),(6,2),(8,1),(11,6),(13,4),(14,0)
8	67	(0,(((1,(2,3)4)5,6)7,(8,(9,10)11)12)13)14	(4,5),(5,3),(7,2),(11,6),(12,4),(13,1),(14,0)
8	67	(0,(((1,(2,3)4)5,6)7,(8,(9,10)11)12)13)14	(4,6),(5,5),(7,3),(11,4),(12,2),(13,1),(14,0)
8	67	(0,(((1,(2,3)4)5,6)7,(8,(9,10)11)12)13)14	(4,6),(5,5),(7,2),(11,4),(12,3),(13,1),(14,0)
8	67	(0,(((1,(2,3)4)5,6)7,(8,(9,10)11)12)13)14	(4,5),(5,3),(7,2),(11,6),(12,4),(13,1),(14,0)
8	67	(0,(((1,(2,3)4)5,6)7,(8,(9,10)11)12)13)14	(4,5),(5,4),(7,2),(11,6),(12,3),(13,1),(14,0)
8	67	(0,(((1,(2,3)4)5,6)7,(8,(9,10)11)12)13)14	(4,6),(5,3),(7,2),(11,5),(12,4),(13,1),(14,0)
8	67	(0,(((1,(2,3)4)5,6)7,(8,(9,10)11)12)13)14	(4,5),(5,4),(7,2),(11,6),(12,3),(13,1),(14,0)
8	67	(0,(((1,(2,3)4)5,6)7,(8,(9,10)11)12)13)14	(4,5),(5,4),(7,3),(11,6),(12,2),(13,1),(14,0)
8	67	(0,(((1,(2,3)4)5,6)7,(8,(9,10)11)12)13)14	(4,5),(5,3),(7,2),(11,6),(12,4),(13,1),(14,0)
8	67	(0,(((1,(2,3)4)5,6)7,(8,(9,10)11)12)13)14	(4,6),(5,4),(7,3),(11,5),(12,2),(13,1),(14,0)
8	68	((0,(1,((2,3)4,(5,6)7)8)9)10,(11,12)13)14	(4,6),(7,5),(8,3),(9,2),(10,1),(13,4),(14,0)
8	68	((0,(1,((2,3)4,(5,6)7)8)9)10,(11,12)13)14	(4,5),(7,6),(8,4),(9,2),(10,1),(13,3),(14,0)
8	68	((0,(1,((2,3)4,(5,6)7)8)9)10,(11,12)13)14	(4,5),(7,6),(8,3),(9,2),(10,1),(13,4),(14,0)
8	68	((0,(1,((2,3)4,(5,6)7)8)9)10,(11,12)13)14	(4,6),(7,5),(8,3),(9,2),(10,1),(13,4),(14,0)
8	68	((0,(1,((2,3)4,(5,6)7)8)9)10,(11,12)13)14	(4,5),(7,6),(8,3),(9,2),(10,1),(13,4),(14,0)
8	68	((0,(1,((2,3)4,(5,6)7)8)9)10,(11,12)13)14	(4,4),(7,6),(8,3),(9,2),(10,1),(13,5),(14,0)
8	68	((0,(1,((2,3)4,(5,6)7)8)9)10,(11,12)13)14	(4,5),(7,6),(8,3),(9,2),(10,1),(13,4),(14,0)
8	68	((0,(1,((2,3)4,(5,6)7)8)9)10,(11,12)13)14	(4,6),(7,5),(8,4),(9,2),(10,1),(13,3),(14,0)
8	68	((0,(1,((2,3)4,(5,6)7)8)9)10,(11,12)13)14	(4,5),(7,4),(8,3),(9,2),(10,1),(13,6),(14,0)
8	68	((0,(1,((2,3)4,(5,6)7)8)9)10,(11,12)13)14	(4,6),(7,5),(8,4),(9,2),(10,1),(13,3),(14,0)
8	69	((((0,1)2,3)4,((5,(6,7)8)9,10)11)12,13)14	(2,6),(4,5),(8,4),(9,3),(11,2),(12,1),(14,0)
8	69	((((0,1)2,3)4,((5,(6,7)8)9,10)11)12,13)14	(2,6),(4,3),(8,5),(9,4),(11,2),(12,1),(14,0)
8	69	((((0,1)2,3)4,((5,(6,7)8)9,10)11)12,13)14	(2,6),(4,4),(8,5),(9,3),(11,2),(12,1),(14,0)
8	69	((((0,1)2,3)4,((5,(6,7)8)9,10)11)12,13)14	(2,6),(4,4),(8,5),(9,3),(11,2),(12,1),(14,0)
8	69	((((0,1)2,3)4,((5,(6,7)8)9,10)11)12,13)14	(2,3),(4,2),(8,6),(9,5),(11,4),(12,1),(14,0)
8	69	((((0,1)2,3)4,((5,(6,7)8)9,10)11)12,13)14	(2,6),(4,3),(8,5),(9,4),(11,2),(12,1),(14,0)
8	69	((((0,1)2,3)4,((5,(6,7)8)9,10)11)12,13)14	(2,3),(4,2),(8,6),(9,5),(11,4),(12,1),(14,0)
8	69	((((0,1)2,3)4,((5,(6,7)8)9,10)11)12,13)14	(2,5),(4,4),(8,6),(9,3),(11,2),(12,1),(14,0)
8	69	((((0,1)2,3)4,((5,(6,7)8)9,10)11)12,13)14	(2,6),(4,4),(8,5),(9,3),(11,2),(12,1),(14,0)
8	69	((((0,1)2,3)4,((5,(6,7)8)9,10)11)12,13)14	(2,5),(4,4),(8,6),(9,3),(11,2),(12,1),(14,0)
8	70	((((0,(1,2)3)4,5)6,((7,8)9,10)11)12,13)14	(3,6),(4,5),(6,2),(9,4),(11,3),(12,1),(14,0)
8	70	((((0,(1,2)3)4,5)6,((7,8)9,10)11)12,13)14	(3,6),(4,3),(6,2),(9,5),(11,4),(12,1),(14,0)
8	70	((((0,(1,2)3)4,5)6,((7,8)9,10)11)12,13)14	(3,6),(4,4),(6,3),(9,5),(11,2),(12,1),(14,0)
8	70	((((0,(1,2)3)4,5)6,((7,8)9,10)11)12,13)14	(3,6),(4,5),(6,3),(9,4),(11,2),(12,1),(14,0)
8	70	((((0,(1,2)3)4,5)6,((7,8)9,10)11)12,13)14	(3,6),(4,5),(6,2),(9,4),(11,3),(12,1),(14,0)
8	70	((((0,(1,2)3)4,5)6,((7,8)9,10)11)12,13)14	(3,6),(4,3),(6,2),(9,5),(11,4),(12,1),(14,0)
8	70	((((0,(1,2)3)4,5)6,((7,8)9,10)11)12,13)14	(3,6),(4,5),(6,2),(9,4),(11,3),(12,1),(14,0)
8	70	((((0,(1,2)3)4,5)6,((7,8)9,10)11)12,13)14	(3,6),(4,4),(6,2),(9,5),(11,3),(12,1),(14,0)
8	70	((((0,(1,2)3)4,5)6,((7,8)9,10)11)12,13)14	(3,5),(4,4),(6,3),(9,6),(11,2),(12,1),(14,0)
8	70	((((0,(1,2)3)4,5)6,((7,8)9,10)11)12,13)14	(3,6),(4,5),(6,2),(9,4),(11,3),(12,1),(14,0)
8	71	(((0,((1,2)3,4)5)6,((7,8)9,10)11)12,13)14	(3,6),(5,3),(6,2),(9,5),(11,4),(12,1),(14,0)
8	71	(((0,((1,2)3,4)5)6,((7,8)9,10)11)12,13)14	(3,5),(5,4),(6,2),(9,6),(11,3),(12,1),(14,0)
8	71	(((0,((1,2)3,4)5)6,((7,8)9,10)11)12,13)14	(3,6),(5,4),(6,3),(9,5),(11,2),(12,1),(14,0)
8	71	(((0,((1,2)3,4)5)6,((7,8)9,10)11)12,13)14	(3,6),(5,5),(6,2),(9,4),(11,3),(12,1),(14,0)
8	71	(((0,((1,2)3,4)5)6,((7,8)9,10)11)12,13)14	(3,6),(5,4),(6,3),(9,5),(11,2),(12,1),(14,0)
8	71	(((0,((1,2)3,4)5)6,((7,8)9,10)11)12,13)14	(3,5),(5,4),(6,3),(9,6),(11,2),(12,1),(14,0)
8	71	(((0,((1,2)3,4)5)6,((7,8)9,10)11)12,13)14	(3,6),(5,4),(6,3),(9,5),(11,2),(12,1),(14,0)
8	71	(((0,((1,2)3,4)5)6,((7,8)9,10)11)12,13)14	(3,5),(5,4),(6,3),(9,6),(11,2),(12,1),(14,0)
8	71	(((0,((1,2)3,4)5)6,((7,8)9,10)11)12,13)14	(3,6),(5,5),(6,3),(9,4),(11,2),(12,1),(14,0)
8	71	(((0,((1,2)3,4)5)6,((7,8)9,10)11)12,13)14	(3,6),(5,5),(6,4),(9,3),(11,2),(12,1),(14,0)
8	72	((0,(1,2)3)4,((5,(6,(7,8)9)10)11,12)13)14	(3,6),(4,1),(9,5),(10,4),(11,3),(13,2),(14,0)
8	72	((0,(1,2)3)4,((5,(6,(7,8)9)10)11,12)13)14	(3,4),(4,2),(9,6),(10,5),(11,3),(13,1),(14,0)
8	72	((0,(1,2)3)4,((5,(6,(7,8)9)10)11,12)13)14	(3,4),(4,2),(9,6),(10,5),(11,3),(13,1),(14,0)
8	72	((0,(1,2)3)4,((5,(6,(7,8)9)10)11,12)13)14	(3,5),(4,2),(9,6),(10,4),(11,3),(13,1),(14,0)
8	72	((0,(1,2)3)4,((5,(6,(7,8)9)10)11,12)13)14	(3,6),(4,5),(9,4),(10,3),(11,2),(13,1),(14,0)
8	72	((0,(1,2)3)4,((5,(6,(7,8)9)10)11,12)13)14	(3,6),(4,3),(9,5),(10,4),(11,2),(13,1),(14,0)
8	72	((0,(1,2)3)4,((5,(6,(7,8)9)10)11,12)13)14	(3,6),(4,5),(9,4),(10,3),(11,2),(13,1),(14,0)
8	72	((0,(1,2)3)4,((5,(6,(7,8)9)10)11,12)13)14	(3,6),(4,5),(9,4),(10,3),(11,2),(13,1),(14,0)
8	72	((0,(1,2)3)4,((5,(6,(7,8)9)10)11,12)13)14	(3,6),(4,3),(9,5),(10,4),(11,2),(13,1),(14,0)
8	72	((0,(1,2)3)4,((5,(6,(7,8)9)10)11,12)13)14	(3,5),(4,3),(9,6),(10,4),(11,2),(13,1),(14,0)
8	73	((0,(((((1,2)3,4)5,6)7,8)9,10)11)12,13)14	(3,6),(5,5),(7,4),(9,3),(11,2),(12,1),(14,0)
8	73	((0,(((((1,2)3,4)5,6)7,8)9,10)11)12,13)14	(3,6),(5,5),(7,4),(9,3),(11,2),(12,1),(14,0)
8	73	((0,(((((1,2)3,4)5,6)7,8)9,10)11)12,13)14	(3,6),(5,5),(7,4),(9,3),(11,2),(12,1),(14,0)
8	73	((0,(((((1,2)3,4)5,6)7,8)9,10)11)12,13)14	(3,6),(5,5),(7,4),(9,3),(11,2),(12,1),(14,0)
8	73	((0,(((((1,2)3,4)5,6)7,8)9,10)11)12,13)14	(3,6),(5,5),(7,4),(9,3),(11,2),(12,1),(14,0)
8	73	((0,(((((1,2)3,4)5,6)7,8)9,10)11)12,13)14	(3,6),(5,5),(7,4),(9,3),(11,2),(12,1),(14,0)
8	73	((0,(((((1,2)3,4)5,6)7,8)9,10)11)12,13)14	(3,6),(5,5),(7,4),(9,3),(11,2),(12,1),(14,0)
8	73	((0,(((((1,2)3,4)5,6)7,8)9,10)11)12,13)14	(3,6),(5,5),(7,4),(9,3),(11,2),(12,1),(14,0)
8	73	((0,(((((1,2)3,4)5,6)7,8)9,10)11)12,13)14	(3,6),(5,5),(7,4),(9,3),(11,2),(12,1),(14,0)
8	73	((0,(((((1,2)3,4)5,6)7,8)9,10)11)12,13)14	(3,6),(5,5),(7,4),(9,3),(11,2),(12,1),(14,0)
8	74	(((0,1)2,3)4,(5,((6,7)8,(9,10)11)12)13)14	(2,6),(4,2),(8,5),(11,4),(12,3),(13,1),(14,0)
8	74	(((0,1)2,3)4,(5,((6,7)8,(9,10)11)12)13)14	(2,6),(4,2),(8,4),(11,5),(12,3),(13,1),(14,0)
8	74	(((0,1)2,3)4,(5,((6,7)8,(9,10)11)12)13)14	(2,5),(4,1),(8,6),(11,4),(12,3),(13,2),(14,0)
8	74	(((0,1)2,3)4,(5,((6,7)8,(9,10)11)12)13)14	(2,5),(4,1),(8,4),(11,6),(12,3),(13,2),(14,0)
8	74	(((0,1)2,3)4,(5,((6,7)8,(9,10)11)12)13)14	(2,3),(4,2),(8,6),(11,5),(12,4),(13,1),(14,0)
8	74	(((0,1)2,3)4,(5,((6,7)8,(9,10)11)12)13)14	(2,5),(4,4),(8,6),(11,3),(12,2),(13,1),(14,0)
8	74	(((0,1)2,3)4,(5,((6,7)8,(9,10)11)12)13)14	(2,6),(4,4),(8,3),(11,5),(12,2),(13,1),(14,0)
8	74	(((0,1)2,3)4,(5,((6,7)8,(9,10)11)12)13)14	(2,4),(4,2),(8,6),(11,5),(12,3),(13,1),(14,0)
8	74	(((0,1)2,3)4,(5,((6,7)8,(9,10)11)12)13)14	(2,4),(4,3),(8,6),(11,5),(12,2),(13,1),(14,0)
8	74	(((0,1)2,3)4,(5,((6,7)8,(9,10)11)12)13)14	(2,6),(4,2),(8,5),(11,4),(12,3),(13,1),(14,0)
8	75	(((((0,(1,2)3)4,5)6,7)8,(9,10)11)12,13)14	(3,5),(4,4),(6,3),(8,2),(11,6),(12,1),(14,0)
8	75	(((((0,(1,2)3)4,5)6,7)8,(9,10)11)12,13)14	(3,5),(4,4),(6,3),(8,2),(11,6),(12,1),(14,0)
8	75	(((((0,(1,2)3)4,5)6,7)8,(9,10)11)12,13)14	(3,6),(4,4),(6,3),(8,2),(11,5),(12,1),(14,0)
8	75	(((((0,(1,2)3)4,5)6,7)8,(9,10)11)12,13)14	(3,6),(4,5),(6,4),(8,3),(11,2),(12,1),(14,0)
8	75	(((((0,(1,2)3)4,5)6,7)8,(9,10)11)12,13)14	(3,6),(4,4),(6,3),(8,2),(11,5),(12,1),(14,0)
8	75	(((((0,(1,2)3)4,5)6,7)8,(9,10)11)12,13)14	(3,6),(4,4),(6,3),(8,2),(11,5),(12,1),(14,0)
8	75	(((((0,(1,2)3)4,5)6,7)8,(9,10)11)12,13)14	(3,6),(4,5),(6,3),(8,2),(11,4),(12,1),(14,0)
8	75	(((((0,(1,2)3)4,5)6,7)8,(9,10)11)12,13)14	(3,6),(4,5),(6,4),(8,2),(11,3),(12,1),(14,0)
8	75	(((((0,(1,2)3)4,5)6,7)8,(9,10)11)12,13)14	(3,6),(4,5),(6,3),(8,2),(11,4),(12,1),(14,0)
8	75	(((((0,(1,2)3)4,5)6,7)8,(9,10)11)12,13)14	(3,6),(4,4),(6,3),(8,2),(11,5),(12,1),(14,0)
8	76	((0,1)2,((3,4)5,((6,7)8,(9,10)11)12)13)14	(2,5),(5,2),(8,6),(11,4),(12,3),(13,1),(14,0)
8	76	((0,1)2,((3,4)5,((6,7)8,(9,10)11)12)13)14	(2,6),(5,4),(8,5),(11,3),(12,2),(13,1),(14,0)
8	76	((0,1)2,((3,4)5,((6,7)8,(9,10)11)12)13)14	(2,6),(5,2),(8,4),(11,5),(12,3),(13,1),(14,0)
8	76	((0,1)2,((3,4)5,((6,7)8,(9,10)11)12)13)14	(2,3),(5,2),(8,6),(11,5),(12,4),(13,1),(14,0)
8	76	((0,1)2,((3,4)5,((6,7)8,(9,10)11)12)13)14	(2,6),(5,5),(8,4),(11,3),(12,2),(13,1),(14,0)
8	76	((0,1)2,((3,4)5,((6,7)8,(9,10)11)12)13)14	(2,6),(5,5),(8,3),(11,4),(12,2),(13,1),(14,0)
8	76	((0,1)2,((3,4)5,((6,7)8,(9,10)11)12)13)14	(2,1),(5,6),(8,5),(11,4),(12,3),(13,2),(14,0)
8	76	((0,1)2,((3,4)5,((6,7)8,(9,10)11)12)13)14	(2,4),(5,6),(8,3),(11,5),(12,2),(13,1),(14,0)
8	76	((0,1)2,((3,4)5,((6,7)8,(9,10)11)12)13)14	(2,1),(5,3),(8,6),(11,5),(12,4),(13,2),(14,0)
8	76	((0,1)2,((3,4)5,((6,7)8,(9,10)11)12)13)14	(2,5),(5,6),(8,4),(11,3),(12,2),(13,1),(14,0)
8	77	((0,1)2,((3,(4,5)6)7,(8,(9,10)11)12)13)14	(2,1),(6,6),(7,3),(11,5),(12,4),(13,2),(14,0)
8	77	((0,1)2,((3,(4,5)6)7,(8,(9,10)11)12)13)14	(2,2),(6,6),(7,3),(11,5),(12,4),(13,1),(14,0)
8	77	((0,1)2,((3,(4,5)6)7,(8,(9,10)11)12)13)14	(2,3),(6,4),(7,2),(11,6),(12,5),(13,1),(14,0)
8	77	((0,1)2,((3,(4,5)6)7,(8,(9,10)11)12)13)14	(2,3),(6,5),(7,2),(11,6),(12,4),(13,1),(14,0)
8	77	((0,1)2,((3,(4,5)6)7,(8,(9,10)11)12)13)14	(2,2),(6,5),(7,4),(11,6),(12,3),(13,1),(14,0)
8	77	((0,1)2,((3,(4,5)6)7,(8,(9,10)11)12)13)14	(2,5),(6,6),(7,3),(11,4),(12,2),(13,1),(14,0)
8	77	((0,1)2,((3,(4,5)6)7,(8,(9,10)11)12)13)14	(2,1),(6,5),(7,4),(11,6),(12,3),(13,2),(14,0)
8	77	((0,1)2,((3,(4,5)6)7,(8,(9,10)11)12)13)14	(2,5),(6,6),(7,4),(11,3),(12,2),(13,1),(14,0)
8	77	((0,1)2,((3,(4,5)6)7,(8,(9,10)11)12)13)14	(2,4),(6,5),(7,2),(11,6),(12,3),(13,1),(14,0)
8	77	((0,1)2,((3,(4,5)6)7,(8,(9,10)11)12)13)14	(2,3),(6,6),(7,4),(11,5),(12,2),(13,1),(14,0)
8	78	(((0,((1,2)3,((4,5)6,7)8)9)10,11)12,13)14	(3,4),(6,6),(8,5),(9,3),(10,2),(12,1),(14,0)
8	78	(((0,((1,2)3,((4,5)6,7)8)9)10,11)12,13)14	(3,6),(6,5),(8,4),(9,3),(10,2),(12,1),(14,0)
8	78	(((0,((1,2)3,((4,5)6,7)8)9)10,11)12,13)14	(3,4),(6,6),(8,5),(9,3),(10,2),(12,1),(14,0)
8	78	(((0,((1,2)3,((4,5)6,7)8)9)10,11)12,13)14	(3,5),(6,6),(8,4),(9,3),(10,2),(12,1),(14,0)
8	78	(((0,((1,2)3,((4,5)6,7)8)9)10,11)12,13)14	(3,5),(6,6),(8,4),(9,3),(10,2),(12,1),(14,0)
8	78	(((0,((1,2)3,((4,5)6,7)8)9)10,11)12,13)14	(3,4),(6,6),(8,5),(9,3),(10,2),(12,1),(14,0)
8	78	(((0,((1,2)3,((4,5)6,7)8)9)10,11)12,13)14	(3,4),(6,6),(8,5),(9,3),(10,2),(12,1),(14,0)
8	78	(((0,((1,2)3,((4,5)6,7)8)9)10,11)12,13)14	(3,6),(6,5),(8,4),(9,3),(10,2),(12,1),(14,0)
8	78	(((0,((1,2)3,((4,5)6,7)8)9)10,11)12,13)14	(3,4),(6,6),(8,5),(9,3),(10,2),(12,1),(14,0)
8	78	(((0,((1,2)3,((4,5)6,7)8)9)10,11)12,13)14	(3,4),(6,6),(8,5),(9,3),(10,2),(12,1),(14,0)
8	79	((0,(((1,(2,3)4)5,6)7,8)9)10,(11,12)13)14	(4,6),(5,5),(7,4),(9,3),(10,2),(13,1),(14,0)
8	79	((0,(((1,(2,3)4)5,6)7,8)9)10,(11,12)13)14	(4,6),(5,5),(7,4),(9,3),(10,2),(13,1),(14,0)
8	79	((0,(((1,(2,3)4)5,6)7,8)9)10,(11,12)13)14	(4,5),(5,4),(7,3),(9,2),(10,1),(13,6),(14,0)
8	79	((0,(((1,(2,3)4)5,6)7,8)9)10,(11,12)13)14	(4,6),(5,5),(7,4),(9,3),(10,1),(13,2),(14,0)
8	79	((0,(((1,(2,3)4)5,6)7,8)9)10,(11,12)13)14	(4,6),(5,5),(7,4),(9,2),(10,1),(13,3),(14,0)
8	79	((0,(((1,(2,3)4)5,6)7,8)9)10,(11,12)13)14	(4,6),(5,5),(7,4),(9,3),(10,1),(13,2),(14,0)
8	79	((0,(((1,(2,3)4)5,6)7,8)9)10,(11,12)13)14	(4,6),(5,5),(7,3),(9,2),(10,1),(13,4),(14,0)
8	79	((0,(((1,(2,3)4)5,6)7,8)9)10,(11,12)13)14	(4,6),(5,5),(7,4),(9,3),(10,1),(13,2),(14,0)
8	79	((0,(((1,(2,3)4)5,6)7,8)9)10,(11,12)13)14	(4,6),(5,5),(7,4),(9,3),(10,1),(13,2),(14,0)
8	79	((0,(((1,(2,3)4)5,6)7,8)9)10,(11,12)13)14	(4,6),(5,5),(7,3),(9,2),(10,1),(13,4),(14,0)
8	80	((0,1)2,((3,(4,5)6)7,((8,9)10,11)12)13)14	(2,4),(6,5),(7,3),(10,6),(12,2),(13,1),(14,0)
8	80	((0,1)2,((3,(4,5)6)7,((8,9)10,11)12)13)14	(2,5),(6,4),(7,3),(10,6),(12,2),(13,1),(14,0)
8	80	((0,1)2,((3,(4,5)6)7,((8,9)10,11)12)13)14	(2,3),(6,4),(7,2),(10,6),(12,5),(13,1),(14,0)
8	80	((0,1)2,((3,(4,5)6)7,((8,9)10,11)12)13)14	(2,4),(6,3),(7,2),(10,6),(12,5),(13,1),(14,0)
8	80	((0,1)2,((3,(4,5)6)7,((8,9)10,11)12)13)14	(2,5),(6,4),(7,2),(10,6),(12,3),(13,1),(14,0)
8	80	((0,1)2,((3,(4,5)6)7,((8,9)10,11)12)13)14	(2,2),(6,5),(7,4),(10,6),(12,3),(13,1),(14,0)
8	80	((0,1)2,((3,(4,5)6)7,((8,9)10,11)12)13)14	(2,5),(6,3),(7,2),(10,6),(12,4),(13,1),(14,0)
8	80	((0,1)2,((3,(4,5)6)7,((8,9)10,11)12)13)14	(2,1),(6,6),(7,4),(10,5),(12,3),(13,2),(14,0)
8	80	((0,1)2,((3,(4,5)6)7,((8,9)10,11)12)13)14	(2,6),(6,3),(7,2),(10,5),(12,4),(13,1),(14,0)
8	80	((0,1)2,((3,(4,5)6)7,((8,9)10,11)12)13)14	(2,2),(6,4),(7,3),(10,6),(12,5),(13,1),(14,0)
8	81	((0,((1,2)3,((4,5)6,7)8)9)10,(11,12)13)14	(3,5),(6,6),(8,4),(9,3),(10,2),(13,1),(14,0)
8	81	((0,((1,2)3,((4,5)6,7)8)9)10,(11,12)13)14	(3,4),(6,6),(8,5),(9,2),(10,1),(13,3),(14,0)
8	81	((0,((1,2)3,((4,5)6,7)8)9)10,(11,12)13)14	(3,6),(6,5),(8,3),(9,2),(10,1),(13,4),(14,0)
8	81	((0,((1,2)3,((4,5)6,7)8)9)10,(11,12)13)14	(3,5),(6,6),(8,3),(9,2),(10,1),(13,4),(14,0)
8	81	((0,((1,2)3,((4,5)6,7)8)9)10,(11,12)13)14	(3,5),(6,6),(8,4),(9,3),(10,2),(13,1),(14,0)
8	81	((0,((1,2)3,((4,5)6,7)8)9)10,(11,12)13)14	(3,3),(6,5),(8,4),(9,2),(10,1),(13,6),(14,0)
8	81	((0,((1,2)3,((4,5)6,7)8)9)10,(11,12)13)14	(3,3),(6,5),(8,4),(9,2),(10,1),(13,6),(14,0)
8	81	((0,((1,2)3,((4,5)6,7)8)9)10,(11,12)13)14	(3,5),(6,6),(8,3),(9,2),(10,1),(13,4),(14,0)
8	81	((0,((1,2)3,((4,5)6,7)8)9)10,(11,12)13)14	(3,3),(6,5),(8,4),(9,2),(10,1),(13,6),(14,0)
8	81	((0,((1,2)3,((4,5)6,7)8)9)10,(11,12)13)14	(3,4),(6,6),(8,5),(9,3),(10,2),(13,1),(14,0)
8	82	(((0,1)2,((3,(4,(5,6)7)8)9,10)11)12,13)14	(2,6),(7,5),(8,4),(9,3),(11,2),(12,1),(14,0)
8	82	(((0,1)2,((3,(4,(5,6)7)8)9,10)11)12,13)14	(2,6),(7,5),(8,4),(9,3),(11,2),(12,1),(14,0)
8	82	(((0,1)2,((3,(4,(5,6)7)8)9,10)11)12,13)14	(2,5),(7,6),(8,4),(9,3),(11,2),(12,1),(14,0)
8	82	(((0,1)2,((3,(4,(5,6)7)8)9,10)11)12,13)14	(2,2),(7,6),(8,5),(9,4),(11,3),(12,1),(14,0)
8	82	(((0,1)2,((3,(4,(5,6)7)8)9,10)11)12,13)14	(2,2),(7,6),(8,5),(9,4),(11,3),(12,1),(14,0)
8	82	(((0,1)2,((3,(4,(5,6)7)8)9,10)11)12,13)14	(2,4),(7,6),(8,5),(9,3),(11,2),(12,1),(14,0)
8	82	(((0,1)2,((3,(4,(5,6)7)8)9,10)11)12,13)14	(2,6),(7,5),(8,4),(9,3),(11,2),(12,1),(14,0)
8	82	(((0,1)2,((3,(4,(5,6)7)8)9,10)11)12,13)14	(2,5),(7,6),(8,4),(9,3),(11,2),(12,1),(14,0)
8	82	(((0,1)2,((3,(4,(5,6)7)8)9,10)11)12,13)14	(2,6),(7,5),(8,4),(9,3),(11,2),(12,1),(14,0)
8	82	(((0,1)2,((3,(4,(5,6)7)8)9,10)11)12,13)14	(2,5),(7,6),(8,4),(9,3),(11,2),(12,1),(14,0)
8	83	(0,(1,(2,(((3,4)5,(6,7)8)9,10)11)12)13)14	(5,5),(8,6),(9,4),(11,3),(12,2),(13,1),(14,0)
8	83	(0,(1,(2,(((3,4)5,(6,7)8)9,10)11)12)13)14	(5,5),(8,6),(9,4),(11,3),(12,2),(13,1),(14,0)
8	83	(0,(1,(2,(((3,4)5,(6,7)8)9,10)11)12)13)14	(5,5),(8,6),(9,4),(11,3),(12,2),(13,1),(14,0)
8	83	(0,(1,(2,(((3,4)5,(6,7)8)9,10)11)12)13)14	(5,5),(8,6),(9,4),(11,3),(12,2),(13,1),(14,0)
8	83	(0,(1,(2,(((3,4)5,(6,7)8)9,10)11)12)13)14	(5,5),(8,6),(9,4),(11,3),(12,2),(13,1),(14,0)
8	83	(0,(1,(2,(((3,4)5,(6,7)8)9,10)11)12)13)14	(5,5),(8,6),(9,4),(11,3),(12,2),(13,1),(14,0)
8	83	(0,(1,(2,(((3,4)5,(6,7)8)9,10)11)12)13)14	(5,6),(8,5),(9,4),(11,3),(12,2),(13,1),(14,0)
8	83	(0,(1,(2,(((3,4)5,(6,7)8)9,10)11)12)13)14	(5,6),(8,5),(9,4),(11,3),(12,2),(13,1),(14,0)
8	83	(0,(1,(2,(((3,4)5,(6,7)8)9,10)11)12)13)14	(5,6),(8,5),(9,4),(11,3),(12,2),(13,1),(14,0)
8	83	(0,(1,(2,(((3,4)5,(6,7)8)9,10)11)12)13)14	(5,6),(8,5),(9,4),(11,3),(12,2),(13,1),(14,0)
8	84	((((0,1)2,((3,(4,5)6)7,8)9)10,11)12,13)14	(2,5),(6,6),(7,4),(9,3),(10,2),(12,1),(14,0)
8	84	((((0,1)2,((3,(4,5)6)7,8)9)10,11)12,13)14	(2,3),(6,6),(7,5),(9,4),(10,2),(12,1),(14,0)
8	84	((((0,1)2,((3,(4,5)6)7,8)9)10,11)12,13)14	(2,6),(6,5),(7,4),(9,3),(10,2),(12,1),(14,0)
8	84	((((0,1)2,((3,(4,5)6)7,8)9)10,11)12,13)14	(2,4),(6,6),(7,5),(9,3),(10,2),(12,1),(14,0)
8	84	((((0,1)2,((3,(4,5)6)7,8)9)10,11)12,13)14	(2,6),(6,5),(7,4),(9,3),(10,2),(12,1),(14,0)
8	84	((((0,1)2,((3,(4,5)6)7,8)9)10,11)12,13)14	(2,6),(6,5),(7,4),(9,3),(10,2),(12,1),(14,0)
8	84	((((0,1)2,((3,(4,5)6)7,8)9)10,11)12,13)14	(2,6),(6,5),(7,4),(9,3),(10,2),(12,1),(14,0)
8	84	((((0,1)2,((3,(4,5)6)7,8)9)10,11)12,13)14	(2,3),(6,6),(7,5),(9,4),(10,2),(12,1),(14,0)
8	84	((((0,1)2,((3,(4,5)6)7,8)9)10,11)12,13)14	(2,6),(6,5),(7,4),(9,3),(10,2),(12,1),(14,0)
8	84	((((0,1)2,((3,(4,5)6)7,8)9)10,11)12,13)14	(2,6),(6,5),(7,4),(9,3),(10,2),(12,1),(14,0)
8	85	(((0,(1,2)3)4,((5,6)7,(8,9)10)11)12,13)14	(3,5),(4,4),(7,3),(10,6),(11,2),(12,1),(14,0)
8	85	(((0,(1,2)3)4,((5,6)7,(8,9)10)11)12,13)14	(3,4),(4,2),(7,5),(10,6),(11,3),(12,1),(14,0)
8	85	(((0,(1,2)3)4,((5,6)7,(8,9)10)11)12,13)14	(3,5),(4,2),(7,6),(10,4),(11,3),(12,1),(14,0)
8	85	(((0,(1,2)3)4,((5,6)7,(8,9)10)11)12,13)14	(3,5),(4,3),(7,4),(10,6),(11,2),(12,1),(14,0)
8	85	(((0,(1,2)3)4,((5,6)7,(8,9)10)11)12,13)14	(3,6),(4,5),(7,3),(10,4),(11,2),(12,1),(14,0)
8	85	(((0,(1,2)3)4,((5,6)7,(8,9)10)11)12,13)14	(3,5),(4,4),(7,6),(10,3),(11,2),(12,1),(14,0)
8	85	(((0,(1,2)3)4,((5,6)7,(8,9)10)11)12,13)14	(3,3),(4,2),(7,6),(10,5),(11,4),(12,1),(14,0)
8	85	(((0,(1,2)3)4,((5,6)7,(8,9)10)11)12,13)14	(3,4),(4,3),(7,5),(10,6),(11,2),(12,1),(14,0)
8	85	(((0,(1,2)3)4,((5,6)7,(8,9)10)11)12,13)14	(3,3),(4,2),(7,5),(10,6),(11,4),(12,1),(14,0)
8	85	(((0,(1,2)3)4,((5,6)7,(8,9)10)11)12,13)14	(3,6),(4,2),(7,5),(10,4),(11,3),(12,1),(14,0)
8	86	((((0,1)2,(3,4)5)6,7)8,((9,10)11,12)13)14	(2,6),(5,4),(6,3),(8,2),(11,5),(13,1),(14,0)
8	86	((((0,1)2,(3,4)5)6,7)8,((9,10)11,12)13)14	(2,5),(5,6),(6,4),(8,3),(11,2),(13,1),(14,0)
8	86	((((0,1)2,(3,4)5)6,7)8,((9,10)11,12)13)14	(2,5),(5,6),(6,3),(8,2),(11,4),(13,1),(14,0)
8	86	((((0,1)2,(3,4)5)6,7)8,((9,10)11,12)13)14	(2,6),(5,4),(6,3),(8,1),(11,5),(13,2),(14,0)
8	86	((((0,1)2,(3,4)5)6,7)8,((9,10)11,12)13)14	(2,5),(5,6),(6,3),(8,2),(11,4),(13,1),(14,0)
8	86	((((0,1)2,(3,4)5)6,7)8,((9,10)11,12)13)14	(2,4),(5,3),(6,2),(8,1),(11,6),(13,5),(14,0)
8	86	((((0,1)2,(3,4)5)6,7)8,((9,10)11,12)13)14	(2,4),(5,3),(6,2),(8,1),(11,6),(13,5),(14,0)
8	86	((((0,1)2,(3,4)5)6,7)8,((9,10)11,12)13)14	(2,4),(5,5),(6,3),(8,1),(11,6),(13,2),(14,0)
8	86	((((0,1)2,(3,4)5)6,7)8,((9,10)11,12)13)14	(2,5),(5,4),(6,3),(8,1),(11,6),(13,2),(14,0)
8	86	((((0,1)2,(3,4)5)6,7)8,((9,10)11,12)13)14	(2,6),(5,5),(6,3),(8,2),(11,4),(13,1),(14,0)
8	87	(0,((((1,(2,3)4)5,6)7,(8,9)10)11,12)13)14	(4,5),(5,4),(7,3),(10,6),(11,2),(13,1),(14,0)
8	87	(0,((((1,(2,3)4)5,6)7,(8,9)10)11,12)13)14	(4,5),(5,4),(7,3),(10,6),(11,2),(13,1),(14,0)
8	87	(0,((((1,(2,3)4)5,6)7,(8,9)10)11,12)13)14	(4,6),(5,5),(7,4),(10,3),(11,2),(13,1),(14,0)
8	87	(0,((((1,(2,3)4)5,6)7,(8,9)10)11,12)13)14	(4,5),(5,4),(7,3),(10,6),(11,2),(13,1),(14,0)
8	87	(0,((((1,(2,3)4)5,6)7,(8,9)10)11,12)13)14	(4,5),(5,4),(7,3),(10,6),(11,2),(13,1),(14,0)
8	87	(0,((((1,(2,3)4)5,6)7,(8,9)10)11,12)13)14	(4,6),(5,4),(7,3),(10,5),(11,2),(13,1),(14,0)
8	87	(0,((((1,(2,3)4)5,6)7,(8,9)10)11,12)13)14	(4,6),(5,4),(7,3),(10,5),(11,2),(13,1),(14,0)
8	87	(0,((((1,(2,3)4)5,6)7,(8,9)10)11,12)13)14	(4,5),(5,4),(7,3),(10,6),(11,2),(13,1),(14,0)
8	87	(0,((((1,(2,3)4)5,6)7,(8,9)10)11,12)13)14	(4,6),(5,5),(7,3),(10,4),(11,2),(13,1),(14,0)
8	87	(0,((((1,(2,3)4)5,6)7,(8,9)10)11,12)13)14	(4,6),(5,5),(7,4),(10,3),(11,2),(13,1),(14,0)
8	88	((0,(1,(2,((3,(4,5)6)7,8)9)10)11)12,13)14	(6,6),(7,5),(9,4),(10,3),(11,2),(12,1),(14,0)
8	88	((0,(1,(2,((3,(4,5)6)7,8)9)10)11)12,13)14	(6,6),(7,5),(9,4),(10,3),(11,2),(12,1),(14,0)
8	88	((0,(1,(2,((3,(4,5)6)7,8)9)10)11)12,13)14	(6,6),(7,5),(9,4),(10,3),(11,2),(12,1),(14,0)
8	88	((0,(1,(2,((3,(4,5)6)7,8)9)10)11)12,13)14	(6,6),(7,5),(9,4),(10,3),(11,2),(12,1),(14,0)
8	88	((0,(1,(2,((3,(4,5)6)7,8)9)10)11)12,13)14	(6,6),(7,5),(9,4),(10,3),(11,2),(12,1),(14,0)
8	88	((0,(1,(2,((3,(4,5)6)7,8)9)10)11)12,13)14	(6,6),(7,5),(9,4),(10,3),(11,2),(12,1),(14,0)
8	88	((0,(1,(2,((3,(4,5)6)7,8)9)10)11)12,13)14	(6,6),(7,5),(9,4),(10,3),(11,2),(12,1),(14,0)
8	88	((0,(1,(2,((3,(4,5)6)7,8)9)10)11)12,13)14	(6,6),(7,5),(9,4),(10,3),(11,2),(12,1),(14,0)
8	88	((0,(1,(2,((3,(4,5)6)7,8)9)10)11)12,13)14	(6,6),(7,5),(9,4),(10,3),(11,2),(12,1),(14,0)
8	88	((0,(1,(2,((3,(4,5)6)7,8)9)10)11)12,13)14	(6,6),(7,5),(9,4),(10,3),(11,2),(12,1),(14,0)
8	89	((((0,1)2,(3,4)5)6,((7,8)9,10)11)12,13)14	(2,6),(5,4),(6,3),(9,5),(11,2),(12,1),(14,0)
8	89	((((0,1)2,(3,4)5)6,((7,8)9,10)11)12,13)14	(2,6),(5,4),(6,3),(9,5),(11,2),(12,1),(14,0)
8	89	((((0,1)2,(3,4)5)6,((7,8)9,10)11)12,13)14	(2,6),(5,5),(6,3),(9,4),(11,2),(12,1),(14,0)
8	89	((((0,1)2,(3,4)5)6,((7,8)9,10)11)12,13)14	(2,3),(5,4),(6,2),(9,6),(11,5),(12,1),(14,0)
8	89	((((0,1)2,(3,4)5)6,((7,8)9,10)11)12,13)14	(2,6),(5,5),(6,3),(9,4),(11,2),(12,1),(14,0)
8	89	((((0,1)2,(3,4)5)6,((7,8)9,10)11)12,13)14	(2,5),(5,3),(6,2),(9,6),(11,4),(12,1),(14,0)
8	89	((((0,1)2,(3,4)5)6,((7,8)9,10)11)12,13)14	(2,4),(5,5),(6,3),(9,6),(11,2),(12,1),(14,0)
8	89	((((0,1)2,(3,4)5)6,((7,8)9,10)11)12,13)14	(2,6),(5,5),(6,3),(9,4),(11,2),(12,1),(14,0)
8	89	((((0,1)2,(3,4)5)6,((7,8)9,10)11)12,13)14	(2,5),(5,4),(6,2),(9,6),(11,3),(12,1),(14,0)
8	89	((((0,1)2,(3,4)5)6,((7,8)9,10)11)12,13)14	(2,4),(5,3),(6,2),(9,6),(11,5),(12,1),(14,0)
8	90	(0,(((1,2)3,4)5,(6,((7,8)9,10)11)12)13)14	(3,4),(5,3),(9,6),(11,5),(12,2),(13,1),(14,0)
8	90	(0,(((1,2)3,4)5,(6,((7,8)9,10)11)12)13)14	(3,5),(5,4),(9,6),(11,3),(12,2),(13,1),(14,0)
8	90	(0,(((1,2)3,4)5,(6,((7,8)9,10)11)12)13)14	(3,6),(5,4),(9,5),(11,3),(12,2),(13,1),(14,0)
8	90	(0,(((1,2)3,4)5,(6,((7,8)9,10)11)12)13)14	(3,3),(5,2),(9,6),(11,5),(12,4),(13,1),(14,0)
8	90	(0,(((1,2)3,4)5,(6,((7,8)9,10)11)12)13)14	(3,6),(5,3),(9,5),(11,4),(12,2),(13,1),(14,0)
8	90	(0,(((1,2)3,4)5,(6,((7,8)9,10)11)12)13)14	(3,6),(5,2),(9,5),(11,4),(12,3),(13,1),(14,0)
8	90	(0,(((1,2)3,4)5,(6,((7,8)9,10)11)12)13)14	(3,6),(5,2),(9,5),(11,4),(12,3),(13,1),(14,0)
8	90	(0,(((1,2)3,4)5,(6,((7,8)9,10)11)12)13)14	(3,5),(5,4),(9,6),(11,3),(12,2),(13,1),(14,0)
8	90	(0,(((1,2)3,4)5,(6,((7,8)9,10)11)12)13)14	(3,6),(5,3),(9,5),(11,4),(12,2),(13,1),(14,0)
8	90	(0,(((1,2)3,4)5,(6,((7,8)9,10)11)12)13)14	(3,4),(5,2),(9,6),(11,5),(12,3),(13,1),(14,0)
8	91	(((0,((1,(2,3)4)5,6)7)8,(9,10)11)12,13)14	(4,6),(5,4),(7,3),(8,2),(11,5),(12,1),(14,0)
8	91	(((0,((1,(2,3)4)5,6)7)8,(9,10)11)12,13)14	(4,6),(5,5),(7,3),(8,2),(11,4),(12,1),(14,0)
8	91	(((0,((1,(2,3)4)5,6)7)8,(9,10)11)12,13)14	(4,5),(5,4),(7,3),(8,2),(11,6),(12,1),(14,0)
8	91	(((0,((1,(2,3)4)5,6)7)8,(9,10)11)12,13)14	(4,5),(5,4),(7,3),(8,2),(11,6),(12,1),(14,0)
8	91	(((0,((1,(2,3)4)5,6)7)8,(9,10)11)12,13)14	(4,6),(5,5),(7,4),(8,2),(11,3),(12,1),(14,0)
8	91	(((0,((1,(2,3)4)5,6)7)8,(9,10)11)12,13)14	(4,6),(5,5),(7,4),(8,2),(11,3),(12,1),(14,0)
8	91	(((0,((1,(2,3)4)5,6)7)8,(9,10)11)12,13)14	(4,6),(5,5),(7,3),(8,2),(11,4),(12,1),(14,0)
8	91	(((0,((1,(2,3)4)5,6)7)8,(9,10)11)12,13)14	(4,6),(5,5),(7,4),(8,3),(11,2),(12,1),(14,0)
8	91	(((0,((1,(2,3)4)5,6)7)8,(9,10)11)12,13)14	(4,6),(5,4),(7,3),(8,2),(11,5),(12,1),(14,0)
8	91	(((0,((1,(2,3)4)5,6)7)8,(9,10)11)12,13)14	(4,5),(5,4),(7,3),(8,2),(11,6),(12,1),(14,0)
8	92	((((0,1)2,((3,(4,5)6)7,8)9)10,11)12,13)14	(2,5),(6,6),(7,4),(9,3),(10,2),(12,1),(14,0)
8	92	((((0,1)2,((3,(4,5)6)7,8)9)10,11)12,13)14	(2,3),(6,6),(7,5),(9,4),(10,2),(12,1),(14,0)
8	92	((((0,1)2,((3,(4,5)6)7,8)9)10,11)12,13)14	(2,6),(6,5),(7,4),(9,3),(10,2),(12,1),(14,0)
8	92	((((0,1)2,((3,(4,5)6)7,8)9)10,11)12,13)14	(2,3),(6,6),(7,5),(9,4),(10,2),(12,1),(14,0)
8	92	((((0,1)2,((3,(4,5)6)7,8)9)10,11)12,13)14	(2,5),(6,6),(7,4),(9,3),(10,2),(12,1),(14,0)
8	92	((((0,1)2,((3,(4,5)6)7,8)9)10,11)12,13)14	(2,5),(6,6),(7,4),(9,3),(10,2),(12,1),(14,0)
8	92	((((0,1)2,((3,(4,5)6)7,8)9)10,11)12,13)14	(2,5),(6,6),(7,4),(9,3),(10,2),(12,1),(14,0)
8	92	((((0,1)2,((3,(4,5)6)7,8)9)10,11)12,13)14	(2,4),(6,6),(7,5),(9,3),(10,2),(12,1),(14,0)
8	92	((((0,1)2,((3,(4,5)6)7,8)9)10,11)12,13)14	(2,4),(6,6),(7,5),(9,3),(10,2),(12,1),(14,0)
8	92	((((0,1)2,((3,(4,5)6)7,8)9)10,11)12,13)14	(2,4),(6,6),(7,5),(9,3),(10,2),(12,1),(14,0)
8	93	(0,(1,(2,(((3,4)5,(6,7)8)9,10)11)12)13)14	(5,5),(8,6),(9,4),(11,3),(12,2),(13,1),(14,0)
8	93	(0,(1,(2,(((3,4)5,(6,7)8)9,10)11)12)13)14	(5,5),(8,6),(9,4),(11,3),(12,2),(13,1),(14,0)
8	93	(0,(1,(2,(((3,4)5,(6,7)8)9,10)11)12)13)14	(5,6),(8,5),(9,4),(11,3),(12,2),(13,1),(14,0)
8	93	(0,(1,(2,(((3,4)5,(6,7)8)9,10)11)12)13)14	(5,6),(8,5),(9,4),(11,3),(12,2),(13,1),(14,0)
8	93	(0,(1,(2,(((3,4)5,(6,7)8)9,10)11)12)13)14	(5,5),(8,6),(9,4),(11,3),(12,2),(13,1),(14,0)
8	93	(0,(1,(2,(((3,4)5,(6,7)8)9,10)11)12)13)14	(5,5),(8,6),(9,4),(11,3),(12,2),(13,1),(14,0)
8	93	(0,(1,(2,(((3,4)5,(6,7)8)9,10)11)12)13)14	(5,5),(8,6),(9,4),(11,3),(12,2),(13,1),(14,0)
8	93	(0,(1,(2,(((3,4)5,(6,7)8)9,10)11)12)13)14	(5,5),(8,6),(9,4),(11,3),(12,2),(13,1),(14,0)
8	93	(0,(1,(2,(((3,4)5,(6,7)8)9,10)11)12)13)14	(5,5),(8,6),(9,4),(11,3),(12,2),(13,1),(14,0)
8	93	(0,(1,(2,(((3,4)5,(6,7)8)9,10)11)12)13)14	(5,5),(8,6),(9,4),(11,3),(12,2),(13,1),(14,0)
8	94	(0,((1,2)3,((4,(5,6)7)8,(9,10)11)12)13)14	(3,5),(7,4),(8,3),(11,6),(12,2),(13,1),(14,0)
8	94	(0,((1,2)3,((4,(5,6)7)8,(9,10)11)12)13)14	(3,2),(7,5),(8,4),(11,6),(12,3),(13,1),(14,0)
8	94	(0,((1,2)3,((4,(5,6)7)8,(9,10)11)12)13)14	(3,3),(7,5),(8,4),(11,6),(12,2),(13,1),(14,0)
8	94	(0,((1,2)3,((4,(5,6)7)8,(9,10)11)12)13)14	(3,3),(7,6),(8,5),(11,4),(12,2),(13,1),(14,0)
8	94	(0,((1,2)3,((4,(5,6)7)8,(9,10)11)12)13)14	(3,5),(7,6),(8,4),(11,3),(12,2),(13,1),(14,0)
8	94	(0,((1,2)3,((4,(5,6)7)8,(9,10)11)12)13)14	(3,5),(7,6),(8,3),(11,4),(12,2),(13,1),(14,0)
8	94	(0,((1,2)3,((4,(5,6)7)8,(9,10)11)12)13)14	(3,3),(7,6),(8,5),(11,4),(12,2),(13,1),(14,0)
8	94	(0,((1,2)3,((4,(5,6)7)8,(9,10)11)12)13)14	(3,6),(7,5),(8,4),(11,3),(12,2),(13,1),(14,0)
8	94	(0,((1,2)3,((4,(5,6)7)8,(9,10)11)12)13)14	(3,3),(7,6),(8,5),(11,4),(12,2),(13,1),(14,0)
8	94	(0,((1,2)3,((4,(5,6)7)8,(9,10)11)12)13)14	(3,6),(7,5),(8,4),(11,3),(12,2),(13,1),(14,0)
8	95	((((0,1)2,(3,4)5)6,(7,8)9)10,(11,12)13)14	(2,6),(5,5),(6,3),(9,4),(10,1),(13,2),(14,0)
8	95	((((0,1)2,(3,4)5)6,(7,8)9)10,(11,12)13)14	(2,3),(5,4),(6,2),(9,6),(10,1),(13,5),(14,0)
8	95	((((0,1)2,(3,4)5)6,(7,8)9)10,(11,12)13)14	(2,6),(5,5),(6,2),(9,4),(10,1),(13,3),(14,0)
8	95	((((0,1)2,(3,4)5)6,(7,8)9)10,(11,12)13)14	(2,6),(5,3),(6,2),(9,5),(10,1),(13,4),(14,0)
8	95	((((0,1)2,(3,4)5)6,(7,8)9)10,(11,12)13)14	(2,5),(5,6),(6,2),(9,4),(10,1),(13,3),(14,0)
8	95	((((0,1)2,(3,4)5)6,(7,8)9)10,(11,12)13)14	(2,3),(5,6),(6,2),(9,4),(10,1),(13,5),(14,0)
8	95	((((0,1)2,(3,4)5)6,(7,8)9)10,(11,12)13)14	(2,5),(5,4),(6,3),(9,6),(10,2),(13,1),(14,0)
8	95	((((0,1)2,(3,4)5)6,(7,8)9)10,(11,12)13)14	(2,5),(5,3),(6,2),(9,6),(10,1),(13,4),(14,0)
8	95	((((0,1)2,(3,4)5)6,(7,8)9)10,(11,12)13)14	(2,6),(5,3),(6,2),(9,4),(10,1),(13,5),(14,0)
8	95	((((0,1)2,(3,4)5)6,(7,8)9)10,(11,12)13)14	(2,5),(5,6),(6,4),(9,3),(10,1),(13,2),(14,0)
8	96	((((0,1)2,(3,(4,5)6)7)8,9)10,(11,12)13)14	(2,5),(6,4),(7,3),(8,2),(10,1),(13,6),(14,0)
8	96	((((0,1)2,(3,(4,5)6)7)8,9)10,(11,12)13)14	(2,6),(6,5),(7,4),(8,3),(10,1),(13,2),(14,0)
8	96	((((0,1)2,(3,(4,5)6)7)8,9)10,(11,12)13)14	(2,6),(6,4),(7,3),(8,2),(10,1),(13,5),(14,0)
8	96	((((0,1)2,(3,(4,5)6)7)8,9)10,(11,12)13)14	(2,4),(6,6),(7,5),(8,2),(10,1),(13,3),(14,0)
8	96	((((0,1)2,(3,(4,5)6)7)8,9)10,(11,12)13)14	(2,3),(6,6),(7,4),(8,2),(10,1),(13,5),(14,0)
8	96	((((0,1)2,(3,(4,5)6)7)8,9)10,(11,12)13)14	(2,4),(6,6),(7,5),(8,2),(10,1),(13,3),(14,0)
8	96	((((0,1)2,(3,(4,5)6)7)8,9)10,(11,12)13)14	(2,3),(6,6),(7,5),(8,2),(10,1),(13,4),(14,0)
8	96	((((0,1)2,(3,(4,5)6)7)8,9)10,(11,12)13)14	(2,3),(6,5),(7,4),(8,2),(10,1),(13,6),(14,0)
8	96	((((0,1)2,(3,(4,5)6)7)8,9)10,(11,12)13)14	(2,3),(6,5),(7,4),(8,2),(10,1),(13,6),(14,0)
8	96	((((0,1)2,(3,(4,5)6)7)8,9)10,(11,12)13)14	(2,6),(6,5),(7,4),(8,2),(10,1),(13,3),(14,0)
8	97	((((0,1)2,3)4,(5,((6,7)8,9)10)11)12,13)14	(2,5),(4,3),(8,6),(10,4),(11,2),(12,1),(14,0)
8	97	((((0,1)2,3)4,(5,((6,7)8,9)10)11)12,13)14	(2,3),(4,2),(8,6),(10,5),(11,4),(12,1),(14,0)
8	97	((((0,1)2,3)4,(5,((6,7)8,9)10)11)12,13)14	(2,5),(4,4),(8,6),(10,3),(11,2),(12,1),(14,0)
8	97	((((0,1)2,3)4,(5,((6,7)8,9)10)11)12,13)14	(2,5),(4,3),(8,6),(10,4),(11,2),(12,1),(14,0)
8	97	((((0,1)2,3)4,(5,((6,7)8,9)10)11)12,13)14	(2,5),(4,2),(8,6),(10,4),(11,3),(12,1),(14,0)
8	97	((((0,1)2,3)4,(5,((6,7)8,9)10)11)12,13)14	(2,6),(4,3),(8,5),(10,4),(11,2),(12,1),(14,0)
8	97	((((0,1)2,3)4,(5,((6,7)8,9)10)11)12,13)14	(2,6),(4,2),(8,5),(10,4),(11,3),(12,1),(14,0)
8	97	((((0,1)2,3)4,(5,((6,7)8,9)10)11)12,13)14	(2,6),(4,2),(8,5),(10,4),(11,3),(12,1),(14,0)
8	97	((((0,1)2,3)4,(5,((6,7)8,9)10)11)12,13)14	(2,4),(4,3),(8,6),(10,5),(11,2),(12,1),(14,0)
8	97	((((0,1)2,3)4,(5,((6,7)8,9)10)11)12,13)14	(2,3),(4,2),(8,6),(10,5),(11,4),(12,1),(14,0)
8	98	((0,((((1,(2,3)4)5,6)7,8)9,10)11)12,13)14	(4,6),(5,5),(7,4),(9,3),(11,2),(12,1),(14,0)
8	98	((0,((((1,(2,3)4)5,6)7,8)9,10)11)12,13)14	(4,6),(5,5),(7,4),(9,3),(11,2),(12,1),(14,0)
8	98	((0,((((1,(2,3)4)5,6)7,8)9,10)11)12,13)14	(4,6),(5,5),(7,4),(9,3),(11,2),(12,1),(14,0)
8	98	((0,((((1,(2,3)4)5,6)7,8)9,10)11)12,13)14	(4,6),(5,5),(7,4),(9,3),(11,2),(12,1),(14,0)
8	98	((0,((((1,(2,3)4)5,6)7,8)9,10)11)12,13)14	(4,6),(5,5),(7,4),(9,3),(11,2),(12,1),(14,0)
8	98	((0,((((1,(2,3)4)5,6)7,8)9,10)11)12,13)14	(4,6),(5,5),(7,4),(9,3),(11,2),(12,1),(14,0)
8	98	((0,((((1,(2,3)4)5,6)7,8)9,10)11)12,13)14	(4,6),(5,5),(7,4),(9,3),(11,2),(12,1),(14,0)
8	98	((0,((((1,(2,3)4)5,6)7,8)9,10)11)12,13)14	(4,6),(5,5),(7,4),(9,3),(11,2),(12,1),(14,0)
8	98	((0,((((1,(2,3)4)5,6)7,8)9,10)11)12,13)14	(4,6),(5,5),(7,4),(9,3),(11,2),(12,1),(14,0)
8	98	((0,((((1,(2,3)4)5,6)7,8)9,10)11)12,13)14	(4,6),(5,5),(7,4),(9,3),(11,2),(12,1),(14,0)
8	99	(((0,((1,2)3,((4,5)6,7)8)9)10,11)12,13)14	(3,6),(6,5),(8,4),(9,3),(10,2),(12,1),(14,0)
8	99	(((0,((1,2)3,((4,5)6,7)8)9)10,11)12,13)14	(3,4),(6,6),(8,5),(9,3),(10,2),(12,1),(14,0)
8	99	(((0,((1,2)3,((4,5)6,7)8)9)10,11)12,13)14	(3,5),(6,6),(8,4),(9,3),(10,2),(12,1),(14,0)
8	99	(((0,((1,2)3,((4,5)6,7)8)9)10,11)12,13)14	(3,4),(6,6),(8,5),(9,3),(10,2),(12,1),(14,0)
8	99	(((0,((1,2)3,((4,5)6,7)8)9)10,11)12,13)14	(3,6),(6,5),(8,4),(9,3),(10,2),(12,1),(14,0)
8	99	(((0,((1,2)3,((4,5)6,7)8)9)10,11)12,13)14	(3,6),(6,5),(8,4),(9,3),(10,2),(12,1),(14,0)
8	99	(((0,((1,2)3,((4,5)6,7)8)9)10,11)12,13)14	(3,5),(6,6),(8,4),(9,3),(10,2),(12,1),(14,0)
8	99	(((0,((1,2)3,((4,5)6,7)8)9)10,11)12,13)14	(3,6),(6,5),(8,4),(9,3),(10,2),(12,1),(14,0)
8	99	(((0,((1,2)3,((4,5)6,7)8)9)10,11)12,13)14	(3,6),(6,5),(8,4),(9,3),(10,2),(12,1),(14,0)
8	99	(((0,((1,2)3,((4,5)6,7)8)9)10,11)12,13)14	(3,5),(6,6),(8,4),(9,3),(10,2),(12,1),(14,0)
