#size tree	index tree	tree
14	0	(0,(1,(2,(3,(4,(5,(6,(7,(8,(9,(10,(11,(12,13)14)15)16)17)18)19)20)21)22)23)24)25)26
14	1	(((0,(1,2)3)4,((5,6)7,(8,9)10)11)12,((13,(14,15)16)17,((18,19)20,(21,22)23)24)25)26
14	2	((0,1)2,((((3,(4,5)6)7,8)9,10)11,(12,(((13,((14,15)16,17)18)19,20)21,22)23)24)25)26
14	3	(0,(((((1,(2,(3,4)5)6)7,8)9,(10,11)12)13,((14,(15,(16,17)18)19)20,21)22)23,24)25)26
14	4	(((0,1)2,3)4,((((((5,6)7,8)9,(10,11)12)13,(14,(15,(16,17)18)19)20)21,22)23,24)25)26
14	5	((((0,1)2,3)4,(5,((6,(7,8)9)10,(11,(12,(13,14)15)16)17)18)19)20,(21,(22,23)24)25)26
14	6	((((0,(1,2)3)4,(5,6)7)8,((9,10)11,12)13)14,((15,(16,(17,(18,19)20)21)22)23,24)25)26
14	7	(((0,(1,(2,3)4)5)6,(7,(8,(9,((((10,11)12,(13,14)15)16,17)18,19)20)21)22)23)24,25)26
14	8	((((0,1)2,(3,((((4,5)6,(7,(8,(9,(10,11)12)13)14)15)16,17)18,19)20)21)22,23)24,25)26
14	9	((((0,1)2,3)4,(5,((6,(7,((8,(9,10)11)12,13)14)15)16,17)18)19)20,((21,22)23,24)25)26
14	10	(0,((1,((2,(3,4)5)6,((7,(8,9)10)11,12)13)14)15,(((16,17)18,19)20,(21,22)23)24)25)26
14	11	((((0,1)2,(3,4)5)6,((7,(8,9)10)11,12)13)14,(15,(16,(17,(18,(19,20)21)22)23)24)25)26
14	12	(((0,((1,2)3,(4,5)6)7)8,((9,(10,(11,12)13)14)15,((16,17)18,(19,20)21)22)23)24,25)26
14	13	(0,(((((1,(2,(3,(4,5)6)7)8)9,10)11,(12,13)14)15,((16,(17,18)19)20,21)22)23,24)25)26
14	14	(0,(1,((2,3)4,(5,(((((6,(7,((8,9)10,11)12)13)14,15)16,17)18,19)20,21)22)23)24)25)26
14	15	((0,(1,((2,(((3,(4,5)6)7,((8,(9,10)11)12,(13,14)15)16)17,18)19)20,21)22)23)24,25)26
14	16	((0,(1,(2,3)4)5)6,(((7,8)9,(((10,((11,12)13,14)15)16,17)18,(19,20)21)22)23,24)25)26
14	17	((0,(1,(2,(3,(4,5)6)7)8)9)10,(11,(((12,((13,14)15,16)17)18,19)20,(21,22)23)24)25)26
14	18	(0,(1,(((2,((3,(4,((5,(6,7)8)9,(10,(11,12)13)14)15)16)17,18)19)20,21)22,23)24)25)26
14	19	((0,(((1,((2,(3,(4,5)6)7)8,(((9,(10,11)12)13,14)15,16)17)18)19,20)21,22)23)24,25)26
14	20	(((((0,(1,((2,3)4,5)6)7)8,(9,10)11)12,13)14,15)16,(17,(18,(19,(20,21)22)23)24)25)26
14	21	((0,(1,((((2,(3,4)5)6,((7,((8,9)10,11)12)13,14)15)16,17)18,19)20)21)22,(23,24)25)26
14	22	((0,1)2,((3,(4,(((5,6)7,((8,9)10,11)12)13,((14,15)16,17)18)19)20)21,(22,23)24)25)26
14	23	((0,((1,(2,(((3,((4,5)6,7)8)9,10)11,(12,13)14)15)16)17,18)19)20,(21,(22,23)24)25)26
14	24	((((0,1)2,((3,4)5,6)7)8,(((9,10)11,(12,((13,14)15,(16,17)18)19)20)21,22)23)24,25)26
14	25	((((((0,(((1,(2,(3,(4,(5,6)7)8)9)10)11,12)13,14)15)16,17)18,19)20,21)22,23)24,25)26
14	26	((0,(((1,((2,3)4,((5,(((6,(7,8)9)10,11)12,13)14)15,16)17)18)19,20)21,22)23)24,25)26
14	27	(((0,1)2,(3,4)5)6,((((7,((8,9)10,(11,12)13)14)15,(16,17)18)19,20)21,(22,23)24)25)26
14	28	((0,(1,(2,(3,(4,(5,(((6,(7,8)9)10,11)12,(13,(14,15)16)17)18)19)20)21)22)23)24,25)26
14	29	(0,(1,((((2,3)4,5)6,((7,8)9,((((10,11)12,13)14,15)16,17)18)19)20,(21,22)23)24)25)26
14	30	(0,((1,(2,3)4)5,(((6,((7,8)9,(10,(11,(12,(13,14)15)16)17)18)19)20,21)22,23)24)25)26
14	31	(((0,1)2,(3,((((((4,5)6,(7,8)9)10,(11,12)13)14,15)16,(17,18)19)20,21)22)23)24,25)26
14	32	((0,(((1,2)3,4)5,(6,((7,8)9,10)11)12)13)14,(15,(16,((17,(18,19)20)21,22)23)24)25)26
14	33	((0,(1,2)3)4,(5,(6,(7,(((8,9)10,(((11,(12,13)14)15,16)17,18)19)20,21)22)23)24)25)26
14	34	(0,((1,(2,(3,4)5)6)7,((8,((9,(10,11)12)13,(14,(15,16)17)18)19)20,(21,22)23)24)25)26
14	35	(0,(1,(((((2,(3,4)5)6,((7,8)9,10)11)12,((13,14)15,16)17)18,19)20,(21,22)23)24)25)26
14	36	((0,1)2,(((3,(4,(5,((6,7)8,9)10)11)12)13,(14,(15,16)17)18)19,(20,(21,22)23)24)25)26
14	37	(0,((((1,2)3,4)5,6)7,((8,((9,((10,(11,12)13)14,(15,16)17)18)19,20)21)22,23)24)25)26
14	38	(((0,(1,2)3)4,(5,6)7)8,(((((9,(10,11)12)13,14)15,16)17,((18,19)20,21)22)23,24)25)26
14	39	((0,((1,((2,((3,(((4,5)6,7)8,9)10)11,12)13)14,15)16)17,18)19)20,((21,22)23,24)25)26
14	40	((((((0,1)2,3)4,5)6,((7,((8,((9,10)11,12)13)14,15)16)17,18)19)20,21)22,(23,24)25)26
14	41	((0,((1,(2,3)4)5,6)7)8,(9,(((10,11)12,((13,14)15,16)17)18,((19,20)21,22)23)24)25)26
14	42	((((((((0,1)2,(3,4)5)6,7)8,((9,10)11,12)13)14,15)16,((17,18)19,20)21)22,23)24,25)26
14	43	((0,((1,(2,((((3,4)5,(6,7)8)9,((10,11)12,13)14)15,16)17)18)19,(20,21)22)23)24,25)26
14	44	(0,(1,(2,(3,(4,(((((5,6)7,((8,9)10,(11,12)13)14)15,16)17,18)19,20)21)22)23)24)25)26
14	45	((0,((1,(2,3)4)5,((((((6,7)8,(9,10)11)12,13)14,(15,16)17)18,19)20,21)22)23)24,25)26
14	46	(0,((1,2)3,(((4,(5,(6,7)8)9)10,(11,12)13)14,(15,((16,17)18,(19,20)21)22)23)24)25)26
14	47	(((((0,(1,(2,3)4)5)6,(7,8)9)10,((11,((12,13)14,15)16)17,18)19)20,21)22,(23,24)25)26
14	48	(0,((((((((1,(2,3)4)5,6)7,(8,9)10)11,12)13,(14,15)16)17,(18,19)20)21,22)23,24)25)26
14	49	((((0,(1,2)3)4,((5,((6,((7,8)9,10)11)12,(13,14)15)16)17,18)19)20,21)22,(23,24)25)26
14	50	(0,(1,(2,(((((3,4)5,(((6,7)8,9)10,(11,(12,13)14)15)16)17,18)19,20)21,22)23)24)25)26
14	51	((((0,(1,((((2,((3,4)5,6)7)8,9)10,11)12,(13,14)15)16)17)18,(19,20)21)22,23)24,25)26
14	52	(((0,1)2,(3,4)5)6,(7,((((8,(9,10)11)12,(((13,14)15,16)17,18)19)20,21)22,23)24)25)26
14	53	((((0,((((1,2)3,4)5,(6,7)8)9,10)11)12,((13,(14,15)16)17,(18,19)20)21)22,23)24,25)26
14	54	(0,(1,(2,((3,(((4,5)6,7)8,(9,((10,11)12,13)14)15)16)17,((18,19)20,21)22)23)24)25)26
14	55	(0,((1,(((2,(3,(4,5)6)7)8,((9,10)11,((12,(13,14)15)16,17)18)19)20,21)22)23,24)25)26
14	56	(((((0,(1,(2,3)4)5)6,((((7,8)9,((10,11)12,13)14)15,16)17,18)19)20,21)22,23)24,25)26
14	57	(((((0,1)2,3)4,5)6,7)8,(((9,(10,(11,12)13)14)15,((16,(17,18)19)20,21)22)23,24)25)26
14	58	((0,(1,2)3)4,((((5,6)7,8)9,10)11,(((12,13)14,(15,(16,17)18)19)20,(21,22)23)24)25)26
14	59	((((0,1)2,((3,((4,5)6,7)8)9,10)11)12,13)14,((15,(16,17)18)19,((20,21)22,23)24)25)26
14	60	((((0,(1,((2,3)4,5)6)7)8,(9,(((10,11)12,13)14,(15,16)17)18)19)20,21)22,(23,24)25)26
14	61	((0,((((1,2)3,(((4,5)6,(7,8)9)10,(((11,12)13,14)15,16)17)18)19,20)21,22)23)24,25)26
14	62	(0,(((1,((2,3)4,5)6)7,(8,(((9,(10,11)12)13,(14,(15,16)17)18)19,20)21)22)23,24)25)26
14	63	(((0,(((1,2)3,4)5,(6,7)8)9)10,(11,12)13)14,(((15,16)17,(18,(19,20)21)22)23,24)25)26
14	64	((((0,((1,2)3,(4,(5,((6,(7,(8,(9,10)11)12)13)14,15)16)17)18)19)20,21)22,23)24,25)26
14	65	((0,(((1,2)3,(((4,(5,((6,7)8,9)10)11)12,(13,14)15)16,17)18)19,20)21)22,(23,24)25)26
14	66	(((0,(1,2)3)4,(((((5,6)7,8)9,10)11,12)13,(((14,15)16,17)18,19)20)21)22,(23,24)25)26
14	67	((0,1)2,(3,((((((4,5)6,7)8,(9,(((10,11)12,13)14,15)16)17)18,19)20,21)22,23)24)25)26
14	68	(((0,1)2,(((3,((4,(5,6)7)8,(9,((10,11)12,(13,14)15)16)17)18)19,20)21,22)23)24,25)26
14	69	(((0,1)2,3)4,((5,((6,(7,(8,9)10)11)12,((13,14)15,16)17)18)19,((20,21)22,23)24)25)26
14	70	((0,(1,(((2,3)4,5)6,((7,((((8,9)10,11)12,(13,14)15)16,17)18)19,20)21)22)23)24,25)26
14	71	((0,((1,((((2,(3,4)5)6,7)8,9)10,11)12)13,14)15)16,(((17,18)19,20)21,(22,23)24)25)26
14	72	(0,(((((((1,((2,3)4,5)6)7,8)9,10)11,12)13,(14,(15,16)17)18)19,(20,21)22)23,24)25)26
14	73	(0,((1,2)3,(4,((5,(6,7)8)9,((10,11)12,(((13,14)15,16)17,(18,19)20)21)22)23)24)25)26
14	74	(((0,1)2,(3,((4,(5,((((6,7)8,9)10,11)12,13)14)15)16,17)18)19)20,(21,(22,23)24)25)26
14	75	(0,(((1,2)3,4)5,(6,(7,(8,(9,(10,(11,((12,(13,14)15)16,17)18)19)20)21)22)23)24)25)26
14	76	((0,((1,(2,3)4)5,6)7)8,((9,(10,((11,(12,(13,14)15)16)17,18)19)20)21,(22,23)24)25)26
14	77	(((0,1)2,((3,4)5,((6,7)8,((9,(10,(((11,12)13,14)15,16)17)18)19,20)21)22)23)24,25)26
14	78	(((0,((1,2)3,((((4,5)6,((7,8)9,10)11)12,13)14,(15,(16,17)18)19)20)21)22,23)24,25)26
14	79	(0,(((1,((2,3)4,((5,(6,(7,8)9)10)11,12)13)14)15,(16,17)18)19,(20,(21,22)23)24)25)26
14	80	(0,((((((1,2)3,(4,5)6)7,8)9,10)11,12)13,((14,15)16,((17,(18,19)20)21,22)23)24)25)26
14	81	((((((0,(1,((2,(3,4)5)6,7)8)9)10,11)12,13)14,15)16,(((17,18)19,20)21,22)23)24,25)26
14	82	(((0,(1,(2,(3,((4,((5,6)7,8)9)10,((11,12)13,14)15)16)17)18)19)20,21)22,(23,24)25)26
14	83	((((((0,1)2,(3,((4,((5,6)7,8)9)10,11)12)13)14,15)16,17)18,((19,20)21,22)23)24,25)26
14	84	((((0,((((1,(2,3)4)5,6)7,(((8,9)10,11)12,13)14)15,16)17)18,(19,20)21)22,23)24,25)26
14	85	((0,(((1,2)3,((4,(5,6)7)8,9)10)11,12)13)14,(15,(16,((17,18)19,(20,21)22)23)24)25)26
14	86	(((((0,(1,((2,3)4,5)6)7)8,(9,10)11)12,13)14,15)16,((17,(18,19)20)21,(22,23)24)25)26
14	87	((0,1)2,(3,(((((4,5)6,7)8,(9,(10,(11,12)13)14)15)16,17)18,((19,20)21,22)23)24)25)26
14	88	((0,((1,2)3,((4,(((5,((6,(7,8)9)10,11)12)13,(14,15)16)17,18)19)20,21)22)23)24,25)26
14	89	((((0,1)2,((3,((4,(5,(6,7)8)9)10,(11,12)13)14)15,(16,(17,18)19)20)21)22,23)24,25)26
14	90	(0,(((1,(2,3)4)5,6)7,((8,9)10,(((((11,12)13,14)15,16)17,18)19,(20,21)22)23)24)25)26
14	91	((0,((1,2)3,(4,(((5,6)7,8)9,(10,(11,12)13)14)15)16)17)18,(((19,20)21,22)23,24)25)26
14	92	(0,(1,(2,(((((3,((4,5)6,((7,8)9,10)11)12)13,14)15,16)17,18)19,(20,21)22)23)24)25)26
14	93	((((0,1)2,3)4,(((5,(6,7)8)9,10)11,(12,13)14)15)16,((17,((18,19)20,21)22)23,24)25)26
14	94	(((0,1)2,3)4,(5,(6,((((7,(8,9)10)11,(12,(13,(14,15)16)17)18)19,20)21,22)23)24)25)26
14	95	((((0,(1,(2,3)4)5)6,7)8,(9,(10,((11,(12,13)14)15,(16,(17,18)19)20)21)22)23)24,25)26
14	96	((((0,((1,2)3,4)5)6,7)8,((9,10)11,(((12,(13,14)15)16,(17,18)19)20,21)22)23)24,25)26
14	97	(((0,(1,(2,((3,((4,5)6,7)8)9,(10,(11,12)13)14)15)16)17)18,19)20,((21,22)23,24)25)26
14	98	(0,((1,((2,((3,4)5,6)7)8,9)10)11,((12,13)14,(((15,16)17,(18,19)20)21,22)23)24)25)26
14	99	((((0,(1,2)3)4,(((((5,6)7,(((8,9)10,11)12,13)14)15,16)17,18)19,20)21)22,23)24,25)26
